166.41509433962344
175.62616822429948
186.88888888888766
192.02863961813827
195.80071174377338
180.5411906193626
186.88995215311158
182.3321554770326
187.74797255146555
197.17314487632592
180.8653846153858
187.42378959952137
183.29592439456434
189.7570093457952
198.75220718069727
182.5961538461554
189.03225806451576
186.44391408114362
187.3557692307665
190.0355871886117
175.6678700360991
182.90496114763778
177.6678445229674
173.25842696629218
166.31703005303507
166.78700361010758
165.59139784946274
162.78630460448755
172.25202744853445
157.76892430278983
169.77777777777698
192.48979591836888
179.58997722095708
248.17204301075245
245.1201923076952
247.27272727272646
254.67248908296978
267.23247232472426
-81.90948543087205
-84.0566037735855
-69.70643347907543
-64.520048602673
-53.01980198020033
-48.65441612329454
-48.7364620938626
-48.22966507176989
-52.64150943396061
-42.563783447417336
-41.677495569995074
-42.32753449310201
-40.93357271095141
-40.04708652148253
-29.140722291407144
-31.239669421481835
-31.548619447783437
-32.06216377764821
-33.05473808122861
-21.308411214953253
-24.84955752212545
-18.5945945945993
-19.796772265393145
-22.248381400824314
-8.977556109725583
-13.789039481437783
-8.000000000001592
-10.107526881714307
-14.823529411764696
NaN
5.088339222617948
-7.135135135133567
-9.451073985683195
-14.620364920537043
NaN
5.300353356890482
-6.714801444048021
-8.612440191387691
-13.168141592914196
NaN
6.460396039599156
3.868656716416347
8.946745562131728
3.0306674684337107
5.382775119617201
5.306603773584837
NaN
16.537102473496763
9.519230769233834
11.404662283321855
17.13265913146914
0.2164762477418899
