177.7914110429448
179.77859778597806
179.55500618046912
179.6652200867946
179.66438781852062
179.66397013067706
179.66355140186997
179.77556109725808
179.66355140186997
177.6767055931178
179.55719557195613
179.44341372913004
179.44203347799336
179.55223880596853
179.43995021779713
179.55112219451414
179.55112219451414
179.43855271365985
178.770949720672
181.10294117647058
180.66666666666504
180.55796652200868
180.67080745341858
180.56004978220287
180.5607476635514
180.44887780548586
180.4494382022488
180.33644859813003
179.66932026944355
180.1109057301298
180.11145510835752
185.6590084643277
164.97512437810906
150.636975660278
136.61434977578284
209.73033707865315
187.58782201405234
174.35464414957903
181.90180236171415
185.80645161290283
182.53832004905087
181.55940594059365
186.69867947178753
183.6042402826832
183.4615384615373
173.17278747742208
179.77611940298425
197.11111111111273
189.73262032085594
183.56435643564234
183.34572490706117
182.67990074441647
182.2360248447205
182.01492537313553
181.7910447761157
183.62416107382475
182.4354243542443
181.99999999999514
181.7821782178202
181.45071295722175
181.34161490683718
181.11801242236024
180.78212290502873
183.18098720292667
182.104615384617
181.77777777777615
181.44891640867198
181.22752634842155
181.11801242236024
180.7830950901148
180.2227722772245
183.18875992669277
181.9975339087538
181.6697588126119
181.3399503722052
181.23057799875536
181.1194029850787
180.89663760896556
180.67164179103906
180.6601466992649
180.77634011090655
180.44554455445302
180.44665012406705
180.33561218147838
180.2241594022424
180.33644859812594
180.11214953270866
180.0
179.44954128440367
179.77805178791536
179.66563467491935
179.8882681564262
