177.29323308270614
174.86988847583706
176.9606003752337
176.7231638418073
180.33561218147736
179.66101694915335
176.77179962894087
177.29323308270511
176.7272727272752
180.4488778054879
179.7738693467349
178.21561338289922
178.1932245922225
175.7568238213387
177.5219023779737
177.28643216080442
180.0
179.32160804020265
176.54916512059327
177.06766917293191
176.38644918444288
180.3364485981341
179.5477386934698
177.5464684014882
177.74153074027808
175.527950310559
177.63602251407295
177.17514124293783
179.3291925465855
178.7570621468943
175.65862708720095
185.31365313653257
171.52941176470588
169.34847579198882
188.39263803681223
202.8637413394918
194.57090687766208
190.89207735495816
191.3271028037367
190.38895859472902
192.8332300061997
190.84065244667548
192.69801980197977
182.70921131848482
174.2495479204328
178.32817337461302
178.87076537014008
178.75549968573185
182.57943925233565
181.3567839195988
178.88475836431024
178.98305084746008
178.53107344632647
182.1334996880865
181.24450031426815
179.44203347799538
179.20903954802176
178.30932999374238
181.3500000000049
180.79195474544392
181.0055865921804
180.4522613065302
177.9875776397483
179.54887218044948
179.20804525455608
182.34928527035675
181.2445003142702
178.4405940594043
178.87076537013803
178.75549968573387
182.46575342466244
181.47077309867925
178.77399380805116
178.98305084746008
178.5310734463285
182.01995012469152
181.01822752985709
179.6652200867956
179.43502824858757
178.0886945658914
180.67499999999836
180.11313639220452
182.1229050279305
181.24293785310982
178.32817337461302
178.98559799624542
178.75549968573387
182.462686567165
181.46892655367557
178.99690402476617
178.98432601880714
178.42105263157728
181.79551122194349
180.90452261306862
