170.13398294762584
166.2051915945606
164.93490390576466
171.8435754189942
169.15398660986048
165.4174397031535
164.16356877323537
170.84367245657492
168.16077953715066
164.42521631644
163.271375464686
169.95037220843676
167.60511882998054
164.20271940667402
162.94736842105345
169.50372208436568
167.16636197440494
163.65657813465035
162.50154798761528
169.28039702233204
166.94698354661836
163.53522867738022
162.62376237623727
168.95226286422863
166.60975609756017
163.65657813464816
162.62376237623727
168.52012383900603
166.27211714459833
163.6565781346522
161.56958920907545
174.56939111354907
191.86083289404317
199.7872340425537
200.47647409171952
193.44889420203233
182.8945801072055
175.36764705882274
173.65491651206054
180.55727554179566
177.8102189781022
174.53869969040085
181.67389956602605
180.1102265768548
176.8888888888897
189.9940298507494
174.3915343915371
178.9956602603848
185.46807191568266
176.10298420128845
165.98269468479575
180.77922077921957
183.5687732342036
180.32826747720682
176.6625463535269
177.21362229102166
181.33828996283015
178.46715328466996
175.10506798516118
175.99009900990256
179.7769516728657
177.36906211936105
174.21508034610548
176.8811881188086
179.66563467492747
177.365853658535
174.43757725587548
180.7801857585188
182.11764705882516
179.78021978022298
176.8811881188086
183.79182156133987
184.68401486988935
181.86927306047727
178.55108359132802
185.5831265508644
186.4764267990066
183.51648351648433
180.00000000000406
186.69975186104622
188.04968944099866
185.16168395362703
181.56133828996042
188.0397022332514
189.50901180857667
186.47166361974573
182.78983261004748
189.26224426534716
190.85146053449444
187.78793418647396
184.01486988847833
190.60136391816903
