176.14206981016434
176.81513117754767
174.32282003710634
173.98514851485191
173.99258343634057
174.4512946979058
175.13513513513556
174.56561922365825
174.67980295566784
175.7011635027561
176.26829268292522
173.4403953057447
173.20964749535938
173.20964749536134
174.12199630314115
175.55006180469715
176.3355953115349
176.24078624078462
176.58715596330435
176.82288496652507
166.43915003219485
174.6732429099885
175.00924214417742
176.02453987730223
175.4528650646966
175.34482758620612
176.1420698101653
176.70731707317074
182.08494208494335
188.43403205918455
187.20887245841038
182.89113622843428
169.4354387926234
161.17580553985485
149.86745213549477
109.125
111.00548446069526
115.6430769230745
104.97237569060798
99.98773758430228
82.94536817102001
69.98810939358033
58.816276202219875
59.5205900430229
57.75401069518742
46.92857142857065
38.72157344806375
41.3186813186799
41.86540731995441
33.00000000000312
28.560885608859248
36.198651134272566
22.004889975550075
18.85505481120677
14.248608534325996
15.584415584415515
17.999999999996767
20.86313193587669
24.972375690606462
29.248625534512627
33.39066339066032
22.513795217659183
5.7212713936398805
3.5186316432466316
1.1187072715972806
6.233766233772685
10.66666666666505
15.950769230770844
21.784841075797534
27.011070110694906
15.064615384613774
-1.5422276621802666
-3.733984136670358
NaN
0.8910891089141209
5.7884972170653795
12.199630314232957
18.773006134969325
26.80615384615062
15.29556650245842
0.44090630741127157
-3.5121951219559833
NaN
0.6679035250447743
5.565862708719827
11.75600739371378
18.132678132679416
25.50831792975982
14.187192118221953
-1.9828641370900755
-4.3902439024390105
NaN
13.538840937111686
