196.9230769230755
198.0219780219777
201.38939670932353
205.52647595861248
196.96450428396628
190.39312039311804
194.4751381215474
196.3435582822078
194.60048426150274
192.10268948655053
191.45654834761285
193.77832210655242
200.68459657701828
194.5766871165652
189.17127071823327
184.4280442804448
189.5202952029524
192.16216216216222
191.0115081768629
188.6972477064236
187.8260869565242
188.93930104230571
192.57352941176626
199.26605504587155
192.4861878453051
186.74861708666094
191.61647203441723
194.15233415233527
192.97395517868128
190.56234718826443
227.379553466509
202.03465623253183
208.9403166869646
186.4083769633501
177.07865168539283
187.49547374773843
185.71428571428655
187.80696395845897
188.26699326393145
188.82352941176467
188.25688073394497
185.7853244390552
180.5418422636946
175.7273280584281
173.40659340659144
176.4749082007316
178.01470588235173
178.8957055214724
178.68131868131988
176.28640776698867
171.2221553281152
166.55737704918118
163.87568555758588
162.07697006719698
161.71358629131143
165.882352941173
166.37362637362503
164.40944881889433
167.86389413988582
176.94531741043696
176.22980251346112
174.4978165938807
179.88771054272993
180.10942249239963
177.25106902870706
180.33067973055645
181.32515337422993
182.21130221130625
182.647058823527
180.65693430656773
175.45673076922992
174.4978165938889
179.66313162819387
179.45487583282858
175.39024390244222
177.90825688073235
178.8957055214724
180.11063306699688
180.33067973055645
178.46715328466996
172.97297297297297
172.134831460674
177.41734248284143
182.58265751715453
182.62454434994086
180.9896151496616
182.97611757501613
183.97546012269777
184.86486486487053
185.07352941176708
183.2846715328467
