43.85332504661168
43.40584213797318
44.08163265306143
45.2760736196319
45.14036182158555
45.81005586592168
46.68715427166624
49.31506849315113
50.08695652174239
50.22222222222303
50.26331904470507
53.19201995012236
53.78797272163776
54.34380776340075
56.92499999999836
60.97135740971099
61.47965474722364
60.552486187844636
66.96629213483361
187.1375464684011
209.57538461538542
224.07476635513936
237.09497206703938
234.24354243542223
233.96689147762058
229.90654205607476
228.11881188118937
226.68301655426228
223.7414543194536
221.40111593304414
223.67248645394056
215.03496503496686
193.2829750145291
174.68994581577402
170.58530510585348
170.726256983239
169.90024937655653
170.05586592178813
170.3749231714824
167.55140186916051
171.37523335407514
170.17369727047017
173.73134328358174
172.40694789081758
172.81767955801112
169.90024937655653
169.80295566502582
167.9104477611948
167.15083798882887
166.27306273062774
162.96846011131814
161.3175885643228
160.98826436071604
161.29584352078223
156.49253731343327
156.13382899628465
156.30996309963373
150.07334963324678
146.37608966376058
147.25247524752763
144.04425322679393
141.21174266083662
143.05970149254122
146.1320172732845
140.99447513812183
138.70324189525894
141.01485148514817
137.13230769231092
134.63596764157242
136.00496277915897
133.5304990757878
128.88616891064757
127.09838107097843
131.05067985167256
92.50224215246519
-31.68500289519534
-48.45741512805665
-61.868263473055435
-74.01069518717077
-69.92481203007583
-69.80049875312147
-69.54798761610067
-63.34376956794449
-62.394014962592735
-61.899441340782914
-56.77096370463266
-49.21348314607047
-49.67060285892086
-46.545908806996636
-40.89887640448859
-42.51087632069567
