8.856088560885638
-6.605504587155963
-0.44389642416928154
-6.331109763492236
0.0
-1.9792302993272415
-4.188609920391116
NaN
0.4366282595488615
NaN
2.385542168675488
-5.7434588385450525
-0.6637984019652095
-7.191283292980529
NaN
11.963076923076118
0.2183141297724452
NaN
2.824381412189144
-4.21182266009771
-0.8872458410343143
-5.481120584652899
NaN
1.957703927491656
NaN
15.498154981549781
3.4909090909098848
NaN
5.683060109290451
-1.1428571428571672
NaN
15.31480431083387
NaN
24.575299635224
171.83770883054856
158.55140186915912
158.054187192121
159.82758620689592
158.22492401215646
161.0351201478718
158.74015748031303
173.00431832202224
186.40144665461082
183.44657195799917
180.0
180.33312769895247
180.55521283158745
186.2522851919549
184.11365040148118
180.97767048883287
180.55521283158544
180.9993830968534
186.47956070774825
184.66666666666748
182.17391304347427
181.4435533621173
181.7755856966732
187.03296703296468
185.21900061690803
187.06948640483384
184.99691548427293
184.98461538461538
188.80195599022014
187.54623921084996
192.40628778718406
189.66070326958354
187.66423357664226
188.95027624309645
188.7615526802275
193.30909090909566
190.87546239210766
192.2456351595415
189.8584615384551
190.0799999999984
193.47534996956713
191.97044334975305
196.38336347196935
193.52216748768137
192.31980617806926
192.2501532801947
192.05900430240263
195.3911461491796
193.0627306273096
197.42633794347807
193.60786724031874
192.3227383863087
193.40659340659425
191.49877149876914
194.58282950423362
190.9661538461474
190.6009615384609
