167.37430167597645
169.38547486033414
170.49098819142225
172.16417910447757
185.4816656308262
175.87786259542025
172.63027295285315
173.6391816491023
169.53864589574712
175.84529008109712
197.86600496277907
194.89051094890553
191.124845488255
183.12014345486915
176.9794903666886
189.72067039106022
186.69026548672488
178.88198757763976
179.21884686918705
192.07453416149394
183.88023952096043
172.76492082825985
176.44444444444363
176.21287128712913
176.9869807811523
182.91192330737243
176.41344956413573
192.45145631067913
188.68811881188046
187.35148514851525
182.83636363636603
203.78854625550835
204.29514097180552
265.08313539192454
-50.30075187970158
-41.88544152744669
-42.57611241217927
-43.16440049443696
-31.130327362569574
-33.019654556286355
-35.49295774648124
-37.74193548387041
-24.904261890057
-18.268656716417922
-34.831858407082734
-22.263450834879563
-19.354838709677438
-30.47619047618963
-20.01235330450902
-7.806691449814082
-9.591078066916964
-1.111797405806044
-10.810810810810835
-26.382978723407234
-11.64179104477779
NaN
10.509316770179828
11.60570365777409
10.985915492959425
NaN
3.1207430340589712
0.6687306501531769
6.6986794717856295
-2.908638906151225
-8.769792935444514
NaN
2.4535315985097985
3.339517625231896
8.417266187053537
-7.673568818513957
NaN
1.7799752781195264
NaN
5.839051777913165
7.155279503107217
6.969147005446262
NaN
8.822474596537909
2.683229813666223
4.01644157369649
-4.227441285540976
-6.24922504649561
-6.712243629583554
NaN
12.052076875390778
11.40845070422833
NaN
3.7918215613398787
1.7821782178201773
7.558488302339499
-2.6832298136662303
