183.33134328358247
176.00493218249036
189.33333333333292
192.1804511278187
183.8895558223274
171.3565426170488
178.5456805469264
190.18450184502126
181.92170818505454
174.1353383458659
174.3820224719121
187.81637717121583
180.2150537634397
169.47494033412772
177.00923076922996
193.29161451814693
185.4151624548736
172.21153846153962
179.32668329177017
191.5698393077869
182.8945801072055
177.4523076923085
173.79310344827587
188.74221668742337
180.97064110245617
175.09293680297438
187.73006134969324
190.60150375939807
182.05405405405563
176.06495940037274
185.48009367681578
182.86387743076094
181.7780360255654
193.04999999999836
183.13890559230072
176.44882860665766
174.1279799247148
174.9532710280374
175.4303405572731
176.3446153846162
173.45043914679925
173.69211514393152
173.71571072319372
174.4237918215593
175.4696132596681
173.02499999999918
186.6085874299913
179.02819436112816
167.91366906474946
175.3159851301087
186.96132596685206
189.46182728410682
180.75675675675754
174.9406620861982
187.89376158122744
179.463327370308
174.90147783251396
171.8695106649928
173.04239401496594
186.2453531598538
178.71121718377012
173.79310344827337
171.29943502825205
186.05230386052472
177.84172661870895
172.95214418893403
185.74233128834035
188.1203007518765
186.8496568933275
179.78417266187364
173.8547486033519
186.6339066339107
189.3550407013141
180.8653846153799
174.94066208619608
187.90352504638457
179.67799642218324
175.00924214417338
172.0953575909701
173.15034310667673
186.2453531598538
178.71121718377012
173.686153846149
170.95477386934658
185.82814445828217
177.8417266187011
172.62111801242398
185.63535911602045
188.23824451410167
187.07423580785948
179.78417266186972
174.07821229050762
