166.39024390243944
170.01869158878546
169.6629213483148
167.48307692307773
169.43820224718942
165.83282489322795
169.4645080946455
168.7640449438222
166.49446494465067
168.4197376639588
164.95424039048316
168.68699439950385
167.7604491578274
165.38745387454
167.2954403497802
163.8560097620512
173.39343206696628
178.54387056627337
173.95973154362613
174.82500000000164
175.28678304239523
181.77777777778022
178.99191039203728
174.7252747252755
175.2808988764037
176.17977528089725
182.44143033292113
180.11214953271272
176.14678899082568
177.08229426433874
161.17580553985317
167.70461538461296
185.95041322314188
176.61413319776244
133.09226932668196
127.19714964370574
113.89952153110312
100.26128266033199
96.41661500310079
93.86503067484662
86.50328750746964
76.84145589142568
73.1145510835897
73.20214669052004
56.441573693483264
46.2344139650882
45.781637717121384
44.27807486630802
33.05210918113966
30.76557863501406
22.15040397762509
20.697247706421216
16.343283582088
18.120072771379014
8.74221668742531
15.6424581005588
13.718500307315624
10.08089607965148
12.270237370660286
3.588785046725708
10.942928039697309
8.444444444442828
5.607476635514018
8.571428571423812
0.8983156581360876
8.927464352138912
6.233766233764586
3.3665835411471017
6.821515892417397
NaN
8.054692355505122
6.011131725419032
2.9177057356592546
6.817348808801349
NaN
8.074766355136923
7.111111111112728
3.3686837180287115
7.687614399023727
0.22485946283245759
8.983156581409897
8.655980271273227
4.266999376172969
8.560975609759291
0.8994378513461706
9.656893325014005
9.09987669543446
4.937655860342662
9.21951219512355
2.0224719101156206
10.7865168539309
10.425138632164323
