173.68038740920076
184.462809917356
189.23076923076982
175.37331701346508
176.93430656934385
177.3913043478265
177.94841031793484
181.15089514066287
187.23507917174015
186.23708206686612
185.32930513594928
184.87071557426341
175.16005121638844
182.85018270401991
181.86018237082146
181.52173913043438
181.5144230769227
171.8129404228055
179.6713329275723
178.79781420765187
178.80506940253233
179.02702702702544
168.9372599231749
177.15328467153245
176.28640776699072
176.52173913043202
176.86862627474542
180.0000000000021
186.3580998781965
185.36170212766118
177.59162303664806
180.52478134110788
179.47521865889212
191.4937286202991
171.01070154578122
167.91208791208786
170.68592057761896
173.91193363114317
186.5743073047851
189.87341772151942
177.3944511459594
168.35361947469727
182.95828065739818
187.19999999999843
185.43478260869367
184.87071557426341
175.27226137091566
182.85018270401787
181.86018237081748
181.1963746223549
181.0817307692288
171.35169762972245
179.1240875912397
178.14207650273343
178.0434782608704
178.3783783783784
168.5842408712346
176.50060753341748
175.73770491803518
175.86956521739214
176.1104441776726
166.2780269058278
174.63829787234678
173.88349514563276
174.45317220543174
174.8139255702249
165.1249199231244
173.65735115431437
172.89617486338403
173.5830815709954
184.8152866242005
188.89566809030148
175.59902200488602
177.2677595628415
177.72151898734336
188.59325270528333
179.1198044009788
179.99999999999602
179.7818181818134
179.89163154726225
183.19266055046032
168.29447852760896
170.00610128127076
170.9179331306959
172.27794561932902
183.78585086041986
187.57779133618212
187.3581452104951
186.9902912621374
186.07961399275686
186.73100120627345
170.36307692308014
