169.53995157385046
167.8982434887943
166.37189582071474
165.26379624014552
164.2909090909075
163.39805825242632
162.64402668283665
162.08737864077503
161.96721311475417
162.18579234972546
163.06010928961757
168.0874316939894
174.3134872417995
179.2340425531907
183.5036496350393
186.67477203647655
189.4160583941589
191.7082066869269
193.67781155015197
195.2097264437666
196.40340218712043
197.27825030376786
198.15309842041347
198.8092345078967
199.2466585662215
199.56284153005438
199.78142076502564
199.78142076502786
199.418181818185
198.28295042321548
185.7672849915672
175.6958920907423
174.1516245487368
175.86328815556712
177.5846645367387
190.3951367781155
182.19244823386316
166.08642726719543
168.3941605839412
175.62575941676593
179.34226552984126
171.34510042605035
181.0272669625868
189.4160583941589
178.79047037263246
182.634146341465
185.15539305301525
187.12979890310584
189.10420475319646
178.68131868131786
182.52285191956244
184.9360146252265
186.7965895249684
188.3313032886728
189.8660170523791
191.06512477176142
192.1606816798521
193.03712720632754
193.89665653495123
194.21628189550438
195.22824102252542
182.8571428571412
185.70036540803588
187.0158343483612
187.99756542909236
188.75912408759118
189.19708029197233
189.40461725394746
189.17475728155105
186.93140794223586
181.93317422434683
176.1197604790435
171.24324324324482
167.55261575466048
169.5440349781353
171.67567567567883
167.52260397830028
164.78260869565204
168.39073262367026
171.00541842263374
167.50754375377588
164.9818621523549
163.00242130750735
161.69491525423817
161.28174123337698
165.61359345500213
169.5652173913021
167.142857142858
165.38181818181658
163.8545454545423
162.64402668284023
