176.7717996289439
174.76160990712197
173.19280843149474
172.07687538747737
171.39664804469194
170.83229813664514
170.6086956521723
170.4909881914212
170.71472964574144
170.93847110006172
171.26865671641676
172.38805970149332
173.95522388059746
179.10447761194112
183.3582089552239
186.492537313434
188.84878655880487
190.74626865671675
192.0895522388052
193.20895522388173
193.9838408949638
194.5522388059702
195.10254816656516
195.32628962088322
195.55003107520162
195.42857142857062
195.32628962088134
195.20496894409774
194.86033519553192
194.31055900621035
193.84615384615353
181.13989637305926
165.90163934426076
160.36563071297812
174.13271245634425
155.47445255474486
-89.66292134831747
-73.42839429634176
-55.8659217877094
-51.8435754189959
-37.58856432567063
-36.94029850746284
-35.64134495641258
-35.41718555417424
-35.214953271029685
-35.214953271029685
-35.64134495641662
-38.29313543599039
-41.555555555553156
-43.10173697270693
-42.867830423941086
-44.38661710037104
-48.61878453038685
-37.000646412410106
-35.574891236792325
-34.31775700935191
-32.07476635514672
-26.691588785049987
-24.727722772274205
-29.159561510351523
-31.641057160424225
-33.09068476249581
-34.04202719406527
-35.176252319107675
-36.11145510836076
-37.02602230483723
-37.71853688779015
-38.411910669976635
-39.305210918111584
-40.00000000000273
-40.472049689445896
-41.14285714286041
-41.61591050341559
-42.26086956521249
-42.958359229336224
-43.20895522387917
-43.65671641791067
-44.10447761194115
-44.552238805973616
-44.99999999999693
-45.25202240199269
-45.70006222775663
-45.92408214063556
-46.14810205351239
-46.17683686177264
-46.17683686176554
-46.17683686176554
-46.17683686177264
-45.98130841121497
-45.757009345797655
-45.532710280372214
-45.08411214953759
-44.85981308411215
