179.77215189873334
190.78039927404683
174.54545454545453
161.75164967006646
173.03741280913079
186.08260325406712
178.24817518248136
173.33333333333098
165.1791326209946
179.6588755527467
196.44555694618117
185.32287266143788
173.7477148080411
180.65533980582364
166.27118644067565
174.1935483870984
190.85427135678634
181.41560798548016
168.45036319612754
180.79696394686783
187.37349397590282
183.33931777378854
177.94676806083731
171.8330308529945
178.63979848866623
193.58490566037736
205.09354254677183
186.81900180396985
175.8343483556626
190.53492762743772
176.3744075829368
189.22201138519964
215.39568345323678
243.6978131212728
204.462061155151
190.24046920820808
185.50795593635053
189.5429616087739
191.03825136612068
188.02409638554374
188.24679291386678
192.3647416413366
194.19902912621365
178.3705491852746
180.0
185.7923497267772
184.25712553062618
181.62552679108973
182.63093788063495
189.17475728155503
173.026634382569
174.957369062117
180.0
179.67292549969795
177.5075255869966
178.24817518247934
184.02903811251946
184.36363636363637
169.831730769233
179.5443037974667
187.17391304348052
184.00481058328404
184.6041412911092
189.25589836660225
192.334748332322
177.0775706554452
186.71726755218387
199.34782608695986
182.1712907117008
172.09756097560498
179.67292549969397
177.8208232445481
175.78884223154822
183.52941176470426
193.05925030229736
176.4195298372521
178.68292682927148
185.34869617950426
170.2850212249871
169.5386458957492
177.72151898734177
184.459214501509
181.0830324909708
181.75395858708333
186.86025408348382
188.8417222559152
174.03973509934178
183.9898670044374
193.39382940109186
176.74698795180723
178.90377588306941
