183.2282003710561
183.29268292682926
181.21846153846195
180.22194821208365
179.55555555555597
181.8900555898691
186.8888888888897
180.78018575851473
177.7722772277248
174.20074349442498
179.33250927070418
179.56043956043797
178.11692307692226
177.22735674676522
176.44444444444767
178.99938233477295
183.66893143915715
189.66070326958544
183.00556586270753
177.43335399875886
179.78021978021897
178.3425414364661
177.4523076923085
176.34011090572895
176.99814700432083
181.00061766522504
188.77236273904956
182.78293135436198
177.76951672862455
182.66666666666424
182.41758241758322
180.4290822407644
194.3019296254256
193.05925030229946
156.68016194331955
177.79497098646078
188.35443037974568
181.76687116564256
179.0030769230753
182.21948212083845
182.89245982694524
183.22820037105507
181.76470588235335
176.1887477313955
175.81395348837123
181.69704588309446
181.5422276621783
183.32103321033412
184.21701602959226
185.33992583436262
186.00000000000162
184.18604651162912
178.80217785843882
177.74718397997495
182.258469259726
181.75824175824417
178.23095823095989
180.77634011090655
181.55555555555716
182.22496909764737
181.43646408839297
178.13300793166482
172.58181818182294
170.05464480874082
165.93406593406667
166.9533169533177
168.6945812807915
167.9999999999984
164.4471299093624
164.35272045027992
169.62406015037092
175.14733542319422
180.67754077791554
180.43956043955805
181.436464088397
182.438423645325
183.33333333333334
183.65538461538785
181.42769981695676
175.75830815709813
175.4830614805479
181.12923462986197
180.87912087912008
182.09944751381374
183.1034482758613
184.108574953733
184.43349753694184
182.30628431970553
176.62839879154237
176.16060225847167
181.8067754077775
181.53846153845916
