NaN
2.237414543194536
NaN
2.013673088874268
NaN
2.0149253731335004
NaN
1.7910447761177821
NaN
1.7910447761218342
NaN
1.5681393901655807
NaN
1.5681393901696379
NaN
1.5681393901655807
NaN
1.5681393901696379
NaN
1.5681393901696379
NaN
1.5681393901655807
NaN
1.3441194772876788
NaN
1.344119477287694
NaN
1.3441194772876788
NaN
1.5681393901696379
NaN
1.3059250302305407
22.487106017191227
30.670926517572003
57.74110366168152
-51.76752546435
-64.44846292947733
-77.54176610978584
-82.00250312891069
269.1366906474818
250.99345627602602
246.5290806754199
236.24999999999815
222.39713774597718
235.93220338983218
233.51955307262517
223.46289752650196
216.5872020075279
211.18279569892675
226.80904522613207
222.2744128553772
214.76303317535562
204.9404388714717
205.83995113011824
200.4263322883996
201.8918918918912
197.514124293785
199.75339087546598
195.7062146892669
198.24474660073932
194.57627118643828
197.27554179566565
194.1242937853149
196.50557620818154
193.68950345694378
196.28252788103913
193.3417085427127
195.73465592063914
192.99435028248183
195.18610421836465
192.54237288135846
194.8603351955341
192.19573400251258
194.4134078212308
191.51819322459704
193.86335403726872
191.29234629861972
193.76009944064575
190.94670846395476
193.31261653200897
190.61480552070032
193.08887507769276
190.2695924764874
192.76119402984835
190.04388714733707
192.5373134328367
189.81818181818676
192.31343283582066
189.71141781681564
192.0895522388052
189.5924764890282
191.985065339142
189.5924764890282
