184.92401215805472
190.46004842615048
198.69565217391292
182.49547920434014
184.6994535519138
188.841722255911
195.9686179843079
199.63833634719754
184.10071942446157
186.35036496350486
191.88370684433633
200.31382015690903
184.2314647377954
186.44808743169364
190.1516070345676
197.19467956469072
201.13184828416635
185.07498500300017
187.44525547445377
192.97395517867918
201.06151990349986
185.21109770808317
187.42718446601864
191.02486355366932
197.84764207980797
202.21553281155948
186.15476904619152
188.4255319148944
193.62810417928327
201.49577804583765
224.37500000000009
221.3804905875636
182.87777204744748
167.20588235294284
165.57416267942614
128.46333489024045
179.08835115362825
187.81702374059256
186.6045428072211
184.303206997083
181.98952879581114
179.05649388468106
174.7188264058668
182.18712029161605
184.69375379017504
182.28123114061597
182.18712029161802
185.69343065693312
193.42631898120194
194.46525679758625
190.56287425150015
190.872483221478
195.82777440873278
203.60120845921924
197.22287047841445
188.96220755848748
189.65853658536105
195.17283201940353
203.38368580060424
203.89189189189818
203.37378640776816
205.71428571428459
209.09529553679397
209.1948658109681
201.5411558669041
195.34213685474248
196.18469015796202
200.0484261501186
205.71428571428234
212.3849372384884
189.42956926658528
186.44808743169156
190.69090909090434
197.94561933534743
202.093862815882
199.47399880453733
199.34426229508267
202.6360338573151
207.54216867470038
213.6760310818882
194.95517035266118
196.40340218712043
200.2418379685593
206.20938628158575
208.63636363636587
191.43884892086572
193.56014580801687
198.50060459492562
205.52884615384437
188.9837642814184
