177.8365384615375
174.57767277022995
182.203182374542
191.54551007941257
194.14285714285793
181.40540540540462
182.7027027027027
182.92242934455882
184.13671184443288
172.7142857142865
170.1050030883265
182.6600985221671
186.77014925373447
186.15476904619152
186.27403846153965
190.300884955753
178.60797144556696
169.23444976076559
170.94610778442956
171.02702702702388
170.60587882423627
166.83962264150986
174.02214022140262
184.97237569060573
188.37708830549042
175.7837837837822
176.86486486486328
176.86109440769533
173.3176193282271
171.68907071887824
178.192557590076
177.32302201070598
178.11846689895356
175.86078309508935
194.83146067415618
191.7903930130983
190.627719080172
182.8125000000004
170.7886815171564
178.19999999999754
181.81387077652522
169.93239090350502
183.31288343558282
175.9188544152733
176.00958657879087
175.56756756756914
174.38848920863228
180.67584480600792
189.42907592701553
181.66153846153847
181.76904176904418
175.81395348837447
176.3353293413158
176.3265306122433
176.10108303249652
172.14622641509675
179.1165644171747
178.45398773005974
178.7845303867379
183.86174016686766
183.23353293413174
182.91891891892365
182.5961538461554
185.93639575971966
179.11439114391226
179.6685082872936
184.9344457687747
184.52694610778914
184.32692307692304
184.43776307877567
188.05653710247586
175.9188544152753
167.28143712574536
175.08684863523007
180.4311377245446
179.8918918918856
179.030520646318
182.34042553191566
171.5002988643179
173.3173652694642
173.73349339736362
173.83042693926964
170.23584905659905
176.57458563536076
187.4908200734387
191.49850746269126
178.3783783783784
179.56730769230612
179.6748946417789
177.22419928825394
