158.5480943738648
157.67695099818613
157.0235934664253
156.49334945586412
155.71687840290278
155.1874244256336
154.8457350272247
154.31680773881453
153.97459165154322
153.66384522370126
153.22853688028974
153.10344827586343
152.79322853687825
152.66787658802323
152.57557436517646
152.45009074410063
152.26586102719034
116.82008368200695
165.47368421052326
170.06391632771636
175.7597173144896
177.65957446808625
185.84200857317936
187.27050183598573
189.02200488997434
191.00244498777303
193.2029339853302
195.16483516483626
190.72566371681262
187.82608695652016
201.99392097264678
206.7759562841529
193.1756756756738
180.0
232.54658385093163
197.71167048054795
196.74911660777315
187.35346358792148
175.90192644483403
169.20654149000438
179.45750452079565
187.4594594594571
189.21718658034024
175.749704840612
169.21760391197927
168.90787065283666
168.4685784014663
168.04387568555802
167.28380024360303
166.74376141204868
166.1033434650448
165.22796352583586
164.47144592952736
163.9344262295053
163.17961165048774
162.5242718446605
161.6727272727241
161.01818181818024
160.26650514839633
159.6123561477922
159.07990314769907
158.42615012106626
157.89473684210597
157.45916515426407
156.92865779927786
156.58802177858826
156.27569528415665
155.74622356495152
155.40507859733708
155.1874244256398
155.09365558912228
154.75211608222037
154.75211608222378
154.65861027190806
154.5344619105186
154.534461910522
154.5344619105186
154.44108761329306
154.3168077388168
154.41016333937887
154.534461910522
154.62794918330036
154.84573502722074
154.93946731234482
155.0635208711377
155.2513628104209
155.37530266343597
155.46941247728628
155.68746214415617
155.68746214415168
