172.07687538747737
178.84020618556806
183.69173399627115
182.47191011235935
182.36397748592913
181.5632754342448
183.66440468846108
172.37858032378654
174.3890274314215
175.06234413965126
181.51456310679526
185.94392523364405
185.06731946144473
173.0769230769223
166.6708151835722
175.47388781431377
180.55935363580068
179.5505617977512
179.3258426966288
179.00674432863315
179.44134078212494
179.3275217932748
179.3258426966288
179.32500000000164
178.87640449438203
181.65949600491703
171.04477611940294
173.39141257000463
180.1163542340017
184.59240821406183
183.14214463840523
195.7159487776485
178.77853177051162
166.18533257532872
133.0557001561684
204.03560830860525
165.88661037394445
177.33333333333576
177.19626168224298
177.863835103061
178.53475266124065
176.44444444444363
178.88059701492537
178.53841349156656
178.64831038798417
178.76017532874303
178.98559799624337
178.2266009852233
179.55223880596853
179.21397379912582
178.3156581409877
178.08390732623792
178.4190715181916
176.77578752316285
179.55334987593093
179.7758405977576
179.43714821763191
178.9868667917432
178.09107922644958
175.21927115503078
177.98507462686646
178.2044887780524
178.76327295440106
178.64831038798417
178.19548872180613
176.53631284915963
178.99690402476617
178.98939488459385
179.54999999999836
180.11257035647117
179.88728866625087
179.09887359198672
177.34317343173268
177.98004987530848
178.53841349156448
178.87359198999158
179.43714821763604
179.09774436089896
176.00493218248835
177.99007444168817
177.64192139737744
177.97246558197827
178.42302878598494
178.76017532874712
177.31343283582333
179.5550061804681
179.10336239103034
179.43714821763604
179.88728866625087
180.11271133375325
180.0
182.10720887246407
181.23210952084872
