200.19619865113455
202.32131948686646
206.96711327649237
205.90084643288924
204.26470588235284
205.93406593406445
209.99999999999966
209.34782608695843
207.66687078995966
209.10311165344697
212.15066828675765
212.26312613156372
210.4954128440375
211.60975609756017
213.98907103824962
216.73690547862924
200.56511056511084
204.20537897310308
208.81314668289647
209.0744101633403
208.10777709736863
209.54240390481968
212.93617021276435
213.87213510253412
211.86813186813364
212.79707495429568
214.82110369921133
236.82153712548924
194.92173913043402
199.27442949093157
218.37775202781103
207.3151750972774
213.9161252214997
245.17535545023512
185.4041570438788
173.49911190053447
182.09174311926364
190.4761904761921
178.80650994575205
175.59363525091598
176.4749082007356
183.91995291347737
186.2728883638507
172.57950530035333
174.79518072289235
184.64944649446372
185.07352941176515
187.5593426658547
181.19061936259615
178.55822550831672
180.5511328842621
180.10942249239963
175.31193216232663
174.0147783251216
176.69926650366745
173.22815533980912
169.92700729926915
169.7111247695153
173.5125229077605
169.10411622275637
165.85009140767653
166.62983425414538
170.66503965832413
165.75226586102877
162.34003656306913
175.58282208588957
178.243902439018
172.9390464695231
169.34716290421318
169.73635806254305
173.41463414634146
167.95660036166532
164.41463414634467
165.4411764705875
164.43361753958513
160.26506024095912
156.8837492391941
170.30599755202024
173.20341047502967
168.05790108564926
164.1337386018237
164.45805266381083
166.52465003043287
161.7611580217136
158.37378640776768
158.97247706422178
158.1984175289128
155.34097767048814
152.17391304347626
164.13708690330697
