173.66726296958896
173.02325581395252
170.17028772753946
172.0239520958068
172.35188509874288
178.29787234042513
166.85029940119682
165.38823529411843
174.58563535911642
169.14626865671798
166.8860164512362
175.8036809815959
169.5885509838991
166.70574443141996
175.13513513513556
180.4290822407644
177.15623171445404
183.9852398523989
188.2647584973174
190.00585137507125
177.42243436754217
177.10196779964338
180.52972336668628
168.58851674641102
168.2562277580091
172.94536817102096
161.72043010752878
159.3442622950817
167.89636027143783
163.2458233890229
154.91638795986643
168.13067150635044
108.54908095424345
17.180043383946554
3.317972350231162
0.21595680863513117
2.1188934667451487
NaN
1.6822429906564935
-2.585278276482711
-6.9800235017611385
-7.504466944609817
-3.8640429338088325
-6.800472255015393
NaN
1.0544815465729305
NaN
4.081145584724747
8.004681100056999
NaN
13.953488372092963
14.53481568168446
7.093596059110897
24.472271914135398
12.007021650089456
5.101663585958305
23.046828689981062
9.05792861323016
4.303646144650347
11.813842482100085
10.825471698110212
5.813397129188144
10.787309048175489
4.196319018400087
15.026833631485054
16.018735363001987
8.408113091578135
25.315852205011765
12.849619660617345
5.981538461540073
23.61359570661886
11.803278688521573
5.320197044338154
23.046828689980565
9.473684210526315
2.582187686783946
10.0954653937964
9.764150943400734
5.813397129180438
11.203758073993042
4.638036809812737
17.6028622540191
18.337236533959068
11.719901719900163
28.336314847944195
15.588063194846391
8.861538461538462
25.97495527728543
13.911007025758117
7.541589648801783
