182.0049504950487
181.8900555898691
181.9999999999992
183.83939774153035
183.39195979899495
176.53012048192693
170.39548022598865
184.61538461538504
177.18072289156785
171.54664996869133
185.27102803738399
177.8365384615404
172.58426966292302
185.92178770949434
178.48920863309195
173.16739265712266
175.20148791072614
176.44444444444363
175.89142504626895
172.78195488721846
173.10734463276586
186.75
179.13148371532046
173.45864661654423
186.3925233644868
191.59542444310534
177.71876885938207
172.32120451693726
186.2842892768084
178.4855769230773
172.80898876404333
188.50987432675004
187.9740106320142
207.4856486796769
197.912621359221
185.84134615384576
183.95480225988493
182.83196979232017
183.15789473683924
182.58265751715453
175.99518941671596
176.96385542168753
183.375
188.88086642599353
175.1116475558238
176.20710415412398
183.26454033771267
194.81081081080765
179.13772455089506
172.52830188679
186.62507797878735
192.66386049308562
178.8036253776451
167.40651387213478
174.6892655367203
187.99249530957104
179.89150090416072
173.68421052631737
187.406483790522
179.45880938063345
173.81636477201744
187.1552795031072
179.24415116976527
173.8394523957726
186.91449814126062
185.1111111111095
183.99999999999838
185.25792417650803
189.27135678392037
188.002504696308
180.76041038020597
174.92163009404388
187.97255146599556
180.10849909584323
168.70928829915422
175.82968065122424
188.98876404494786
180.75766686710844
174.6000000000049
176.52769135034796
177.54950495049428
177.5555555555507
178.10994441012886
177.97752808988847
176.0451977401171
191.3696060037506
182.82267792521347
176.3909774436123
189.88764044943733
181.62552679108575
175.5
188.7313432835813
