177.9950495049503
175.11054958938703
175.7462686567162
175.90909090909048
175.84529008109715
182.15772870662212
180.33771106941552
184.76070528967338
182.81778334376955
182.56029684601236
178.75078864353478
178.8875154511763
175.45454545454336
176.0845245494116
174.77272727272685
175.0623441396493
181.36363636363512
179.54999999999836
184.65028355387568
182.59236067626716
184.95619524405674
182.6021370207429
181.55363748458853
177.50000000000122
177.65654060756515
175.22727272727195
175.8504672897188
179.99999999999793
178.42696629213523
184.20189274448032
182.13883677298475
181.35181975736495
180.61926605504436
165.14999999999918
188.25842696629158
192.59259259259218
181.83563287342608
187.40920096852423
179.21397379912787
183.4940513462747
181.12640801001456
175.572885422915
177.22090261282818
180.56426332288402
186.61047561709663
175.14097180563888
187.4716981132059
178.59121011438774
173.5635018495672
171.0283911671949
172.98701298701383
191.05263157894856
187.03910614524852
179.78698224851993
170.25188916876323
172.53250773994134
172.18376337318912
173.50746268656795
180.5649717514083
178.65336658353627
179.22556853104192
175.58212712397574
176.55768044417184
174.33249370277088
175.63704164077305
182.378854625549
180.11214953270866
184.6327683615844
182.25
181.3284132841377
177.04918032786642
177.54950495049826
175.11671924290715
175.97014925373702
181.36191677175364
179.4385527136578
184.87712665406343
182.70000000000164
185.18147684606006
182.59887005649637
181.55172413793264
177.27272727272972
177.87972721636544
175.57097791797943
175.9651307596529
181.81818181818014
180.0
185.1039697542574
183.03939962476218
185.6461731493141
183.3877038895859
182.3290203327196
177.95454545454217
