-4.967006598680655
-11.899038461538396
-24.453632604843563
-14.981640146879158
-7.257177764201231
-10.071428571430147
-10.162162162163725
-3.027027027026236
NaN
0.4242781378919365
-7.5
NaN
2.438423645321009
18.05373134328671
8.854229154169913
1.9471153846146019
5.09734513274259
-4.069006543723162
-6.244019138759086
-1.9401197604821618
-8.864864864865638
-6.046790641870075
-11.037735849058151
-2.656826568267263
NaN
4.725536992841648
6.0540540540524805
-8.648648648648646
-15.153337342152781
-18.456098998233642
-19.14669783752265
-23.39043118724169
-25.91314693634814
NaN
76.07209446861336
88.08988764044759
106.89956331877738
124.84773151025347
135.4326923076934
136.97772426249375
143.10000000000082
151.08476585654952
157.09895513214434
165.86503067484742
169.0453460620537
166.95026962252803
172.97297297297297
165.75539568345238
175.71964956195123
180.10594467333763
180.55384615384617
188.62407862407787
176.8872987477662
175.47305389221478
180.43217286914924
172.85198555957234
163.01886792452467
165.64417177914112
174.25766871165163
180.77348066298424
182.57449344458234
187.76047904192086
190.0540540540572
180.0
178.93992932862577
180.22140221402293
188.06629834254073
194.37425506555977
184.52694610778914
177.4038461538446
170.79975947083975
171.0954063604263
168.1861575179038
167.06586826347305
171.9602977667486
184.95808383233376
177.08108108107635
169.3357271095136
168.72340425531686
165.69037656903836
164.04790419161364
163.3613445378134
169.71737823211083
169.81132075471845
171.49171270717758
179.5593635250942
181.8268656716465
184.6486486486518
175.88942307691997
169.48826008428964
160.99644128113982
