183.7965260545912
182.22222222222223
181.6433353621414
178.7694220012416
178.78453038673993
183.56877323419954
182.33477455219312
181.64133738601825
178.99316345556286
178.8957055214724
183.56877323420153
181.9999999999992
181.3138686131375
178.77094972067
178.45398773005974
183.00928792569334
181.55555555555313
181.20511259890284
178.99441340782164
178.67484662576607
183.3415841584138
181.77777777777615
181.20511259890284
179.66480446927253
179.33742331288101
183.5599505562431
181.9999999999992
181.5347137637044
181.11662531017575
180.8845208845221
170.75342465753604
148.6557005104948
141.90530519110231
173.86158475426507
169.33494558645796
173.3494851605103
181.44891640867198
180.43848964677383
178.65838509316688
178.78003696857832
178.79635258358823
175.53349875930522
187.37614678899163
179.4677705499685
181.1681415929188
172.5935162094759
174.25766871165564
176.41791044776036
175.66933991363396
177.14634146341623
173.95522388059746
174.81935088793549
174.1791044776111
174.45129469790385
178.33641404806318
176.20347394541187
176.59132559559933
174.51151213440627
175.34482758620604
180.55796652201275
178.7755102040873
178.35466179158652
175.63161169881596
176.23616236162607
181.89944134077888
180.111179740579
179.56204379562283
176.30367143746193
176.9041769041777
182.5698324022338
180.66666666666504
180.10942249239963
176.75171126321771
177.34969325153213
182.7932960893855
180.9993830968554
180.32826747720682
176.97949036669067
177.57055214724247
182.90322580645403
181.1097410604152
180.54711246200608
177.09316770185686
177.57055214723445
183.0130192188477
181.3316892725039
180.4374240583248
177.31677018633377
177.7914110429448
183.00928792569334
181.1097410604152
180.32826747719886
