172.125
173.2347504621058
172.125
173.45656192236638
172.35000000000082
173.45656192236643
172.34999999999673
173.45656192236436
172.35000000000082
173.56350184956926
172.57499999999754
173.78545006165183
172.80000000000246
173.78545006165393
173.02499999999918
174.0073982737365
173.25
174.2293464858192
173.36664584634644
174.11474398519312
173.5915053091809
174.3368291178281
173.81636477201954
174.5589142504631
174.041224234852
174.780999383096
174.4909431605251
175.00308451573306
174.9406620861941
175.22516964836402
174.40993788819875
175.35692861427594
192.76989512646713
187.0391061452526
178.35164835164684
185.30329289428113
186.79245283018827
189.1561938958708
175.91397849462447
177.22419928825775
178.09859154929657
180.67247820672316
172.43523316062254
172.49079754601308
185.49532710280536
182.66337854500372
186.50062266500547
183.44231955583012
187.50466708151913
184.2222222222214
187.94282162834102
184.55836936380524
175.89977220956908
173.7078651685369
174.2435424354275
173.03370786516774
174.0147783251216
173.258426966292
174.0147783251216
173.25842696628808
174.0073982737305
173.59950093574463
174.2293464858192
173.93258426966116
174.55891425046516
174.4978165938889
174.78099938310004
175.2808988764037
175.447254780997
176.5190268247012
176.2222222222206
179.77584059776166
178.33230389129093
183.69173399627022
181.4453366275511
185.81366459627003
183.33333333333334
186.815642458099
184.44993819530276
187.36972704714492
184.67243510506466
187.1464019851134
184.78664192949824
186.80719156850836
184.56965944273094
186.35294117647544
184.01486988847418
184.8828606658422
182.3463687150822
181.53846153846715
178.4308841843113
178.35064141722265
