-31.04218362282984
-24.19415059116409
-26.80387409201012
-28.686131386860154
-28.993288590601708
-27.33900364520042
-34.561717352415656
-28.19142324425195
-21.29514321295136
-24.392014519053987
-26.715328467150925
-25.698596705309512
-25.573770491801042
-33.2538736591178
-26.865671641791153
-20.17434620174339
-23.53510895883636
-25.839416058396296
-23.282489322758636
-24.24757281553491
-32.37641453245675
-26.41791044776346
-17.943925233644848
-21.57384987893397
-23.44491783323332
-19.548505186088335
-20.970873786404695
-28.945801072066445
-22.177971375232687
-15.028037383175104
-26.77685950412922
-38.013698630136844
-40.87608069164418
-60.268756998879326
-64.80433473811257
-77.02127659574285
-78.00365185636059
-77.37905695039916
-87.92223572296615
261.65853658536344
263.77981651375984
264.381884944921
264.60220318237594
264.16156670746614
264.1615667074672
251.44954128440128
249.43168077387887
247.76082977425153
249.28136419001268
248.32116788321144
247.0889159561503
245.47445255474315
241.3019891500886
236.5090909090901
235.73493975903637
215.70335491466
200.97620500304885
200.00000000000176
197.63846622033114
196.0851063829835
194.1671751067739
193.10091743119426
192.22018348623692
193.91304347826414
192.05846528624022
191.41463414634305
190.53658536585206
190.0183486238516
190.13463892288533
190.47152480097583
192.05793602896242
190.09756097560657
189.89010989010595
189.33496034167587
188.37209302325414
188.38235294117885
188.39263803680822
191.33171912832688
190.30450669914916
189.89010989010973
189.79816513760827
189.56627978008248
189.70588235294034
189.93865030674846
193.45896656535274
193.35766423357333
193.40659340659425
193.6430317848428
193.9816513761516
194.0831295843511
194.10036719706181
