-5.300613496931703
NaN
1.5226586102715076
-1.3235294117635021
NaN
5.659008464329704
NaN
5.683060109290451
9.291716686677008
-5.085995085997467
-6.157605375685648
-11.270319084890161
NaN
8.082524271842312
5.3924505692031275
NaN
3.2846715328467226
3.675675675677249
NaN
6.094316807741137
0.8633093525172042
NaN
0.43848964677382224
-8.427370948382475
NaN
11.956521739130409
6.270270270269483
NaN
18.194945848374584
-0.43956043955802215
NaN
18.624338624340893
30.75045759609525
49.92393212405026
147.18232044198606
150.1615798922774
144.88073394495254
144.2591481703653
147.48315982853464
145.5785627283802
144.43504531721976
143.6548831635721
144.52876376988937
142.37659963436974
141.38972809667675
141.02870813397067
134.3119266055046
133.9890710382492
134.6218487394954
129.4060012247405
129.79293544457826
131.42168674698874
127.56425948592619
127.91208791208608
130.21739130435213
127.65027322404633
126.25383200490488
129.5215021199237
131.8918918918919
132.4376199616129
142.96028880866362
147.04225352112903
146.46304215027905
146.48125755743365
149.92682926829107
149.6505211526668
150.05444646098385
151.26964933494426
160.61185468451467
165.7211538461571
166.42550582465216
174.82568807339769
171.31483715319678
171.38650306748144
178.4596577017099
174.88821752266176
173.82352941176234
179.7796817625451
176.51753325272387
182.9885057471248
193.87978142076577
188.85954381752768
186.41277641277563
190.98901098900703
190.9452137266692
180.9183673469421
193.54368932038602
187.01018573996808
185.1997541487408
190.2919708029212
171.34615384615768
178.3887468030674
