32.313253012047404
32.90322580645208
35.12727272727352
35.69528415961413
36.6686638705791
38.13559322033924
38.30713422007343
38.50961538461741
39.75859987929862
43.12159709619084
43.5117257967499
43.92857142857143
44.700181708055624
31.228915662649815
32.70771069934029
34.866828087166915
34.607013301087555
35.80587177950955
36.739130434781735
36.32628398791699
36.346153846152355
25.68370986920322
7.622504537205115
10.607336139506058
13.532219570404283
8.488512696496443
9.993964996979402
13.365269461079412
10.107526881722016
6.7669172932330675
30.06960556844478
32.78350515464211
33.79828326180264
-13.149700598799257
NaN
85.47546941247869
91.2462372065027
91.87388459250448
91.74334140435874
98.10271903323341
95.07803121248479
91.44556811421519
89.12832929782061
87.66726943942074
84.83253588517023
82.55884127942028
84.13043478260707
81.0324129651859
78.38191552647295
81.23192960402162
88.49282296650854
84.73118279570132
85.63106796116304
83.77630787733207
80.78571428571584
82.64150943396227
90.37747153984657
86.04042806183234
84.16717141126347
82.1927710843405
79.83263598326081
78.66828087167511
77.22054380664653
75.71000599160794
74.37837837837365
70.91238670694547
69.3221355728835
67.37967914438386
64.11579609817419
74.63151587777517
72.12841854934726
69.951573849877
71.01431238332427
78.43694493783082
80.42794210195201
88.33034111310477
84.32818073721256
83.56363636363477
81.77884615384565
78.95113230035635
80.50251256281864
88.48920863309391
84.85714285714754
82.75862068965371
81.22743682310612
79.76047904191617
82.03389830508982
93.14079422382835
91.12835820895835
89.50998185118286
