171.41809290953523
171.7191283292984
180.56214865708932
180.2255639097732
180.22584692597115
180.22584692597115
174.1935483870956
181.25078963992254
191.99999999999835
201.828153564899
189.53068592057886
182.4780976220263
181.80677540777958
192.72045028142716
196.20437956204503
182.31475811390118
167.6682692307696
176.50156739812076
177.62711864406944
178.75706214689225
183.82513661202387
171.3027522935804
179.2010145846536
194.03773584905827
187.6756756756741
181.01440200375458
180.56355666875186
185.24908869987968
184.61538461538544
183.71359223300928
166.284701712934
175.00924214417546
178.80362537764114
169.7053726169828
171.62175404213784
161.51589242053674
181.12079701120592
189.70861748295187
192.20338983050922
180.11009174311766
181.76470588235335
183.3513513513537
172.65082266910542
174.94505494505458
175.81907090464625
173.50961538461544
180.56426332288402
184.48087431694032
183.512195121952
182.96160877513591
186.16957306073442
174.08038976857733
176.3758389261733
177.25106902871107
175.35135135135405
181.57894736841857
174.96962332928464
171.23339658443953
184.2018927444762
188.65489957394774
172.93051359516616
164.12757973733315
178.9868667917432
179.09661229610714
184.91803278688533
172.94981640146725
174.07317073170572
181.24293785310982
192.28287841191468
188.54999999999836
180.87591240875435
169.67032967032404
177.60304375396075
189.19873817034534
198.62068965516696
185.44794188861587
174.1864716636165
171.1139240506296
184.2018927444762
188.55054811205764
174.08038976856935
166.62086196127245
180.67415730337325
180.22556390977115
174.96350364963666
175.93654667480087
176.26373626373473
185.4545454545447
187.5327920049976
186.05230386052472
184.27500000000327
177.15674362090073
