-9.083076923077726
-9.944751381215497
-2.4611559975147657
-7.283874923360315
-3.3540372670807415
-4.452690166975913
-9.658536585365027
-2.9140722291390944
-5.770653514180822
-10.310786106030605
NaN
9.421789409615002
1.5642458100574883
4.449938195302863
5.693430656935053
NaN
3.9852398524009316
0.6683168316815459
0.8927464352130793
7.05018359853283
0.8949658172810601
3.7801111797381624
8.112058465283898
-2.9140722291390944
-5.763546798026368
-8.387492335988554
-1.118012422360266
-5.963190184046653
-2.6815642458116713
-3.1188118811872982
-8.566198901768587
NaN
9.753160746538315
25.2593044539351
33.827586206895425
-89.68919585594523
250.26963657678803
234.01069518716602
231.985157699444
234.87940630797667
231.80487804877728
220.95238095238207
209.64705882352942
200.6703910614545
201.4576899320581
203.11625076080367
188.46063454759306
181.6822429906542
187.9802955665032
185.23839009287602
187.58364312267375
186.4954128440343
184.58669981354922
188.88888888888889
184.4917833231917
183.47230864966016
189.5320197044318
186.4444444444396
187.9231246125176
192.23515003062096
189.4972067039107
192.56331068561153
188.87401095557152
187.28064716864125
192.08872458410116
187.67356881851796
187.1641791044752
193.0466830466823
190.58823529411765
192.6980198019776
197.04337202198738
194.06947890818722
196.6461159062925
196.20437956204685
193.76009944064575
197.51231527093904
193.5766423357679
192.52173913043154
197.12707182320062
195.67634342186358
197.2541743970274
201.22174709835423
198.8359133126951
200.4192355117195
203.64963503649454
199.97520148790838
201.6
203.03214069132628
199.1061452513952
201.00737100737513
195.50970873786494
192.95285359801727
