168.61042183622848
170.72625698324106
168.505889646621
170.726256983239
168.40148698884795
170.05586592178813
167.7323420074329
169.72704714640312
166.9758812615948
168.49162011173064
165.6578134651023
167.49379652605384
164.15999999999678
171.15135834411547
176.30826600372987
177.65944272445577
175.96009975062302
177.9950495049493
176.29444791016923
178.33024118738405
176.5190268247012
178.7755102040792
176.96818465377333
179.2207792207784
177.52808988764167
179.88868274582723
178.20224719101083
180.44499381952988
178.87640449438405
181.11248454882772
159.6226415094342
158.7197909862831
209.33823529411592
196.77114641476948
211.00107642626492
192.44738424534162
191.64705882352942
182.7067669172928
179.12195121950901
176.17499999999836
174.61209529627405
185.98522167487647
192.16931216931405
181.5769712140171
178.89975550122247
176.05510331872262
173.16176470588158
171.3212273011909
169.16461916461802
168.1653099561657
166.5969230769247
166.0325406758453
164.7044334975357
164.45556946182617
181.77339901478078
178.76017532873894
181.33004926108052
178.53475266123652
181.10837438423644
178.64661654135665
181.21846153846798
178.42105263158143
180.9969230769247
178.30932999373417
180.55384615384617
177.85848465873346
180.11076923077567
177.51879699248042
179.5571955719541
176.95679398872807
178.33846153846153
175.82968065122023
175.90153846153362
173.57545397620459
171.91384615384294
170.08760951189063
167.92615384615223
166.82926829268192
164.8246153846186
163.9024390243953
162.06642066420972
161.32500000000164
159.7292307692356
159.52500000000327
158.4
158.20224719101378
157.16748768473087
157.30337078651613
156.50246305418608
156.75608234560107
155.93345656192602
156.30692451652894
