180.97531607465442
180.866425992779
180.758579169175
180.4332129963905
180.1083684527397
179.78339350180426
179.45815773630343
178.91696750902528
178.59121011438774
178.0505415162443
177.72426249247403
177.29078868151913
177.0740517760397
176.85731487056032
176.64057796508283
176.53012048193088
176.42384105960542
176.31325301205055
176.31325301205055
176.31325301205055
176.53012048192693
176.53012048192693
176.8535262206152
177.18072289156785
177.18072289156785
177.39759036144815
177.72151898734336
178.04819277108118
178.26506024096147
178.4819277108418
178.58951175406753
178.16876122082311
140.60009837678294
138.52216748768274
153.7030411448995
167.97186400937906
173.52212389380685
175.8189398451463
225.7271095152604
188.72789503707932
198.23529411764738
185.1063829787246
183.53782013102958
182.47755834829368
181.83563287342608
181.40540540540462
180.8653846153858
180.64903846153885
180.43269230769388
180.10823812387093
180.00000000000196
179.89176187612708
179.78339350180426
179.67528562838322
179.5667870036046
179.5667870036085
179.56678700361246
179.56678700361246
179.45815773630343
179.67489464178286
179.78313253011575
180.21686746987635
180.43373493976063
180.75949367088688
181.30120481928185
181.62748643761302
182.06148282097806
182.27848101266062
182.6024096385558
182.6024096385558
182.71247739602168
182.70921131848286
182.6024096385558
182.38554216867942
182.38554216867942
182.27573750752794
182.05900060204854
181.73493975903457
181.62552679108973
181.40878988561028
181.19205298013088
180.97531607465143
180.75857916917204
180.54184226369657
180.32510535821714
180.3251053582211
180.10836845274167
179.89163154726225
179.89163154726225
