181.86927306047727
181.7603911980434
181.7603911980444
181.64935858277238
181.5403422982881
181.5403422982881
181.5403422982901
181.5403422982881
181.5403422982881
181.5403422982881
181.5403422982881
181.5403422982901
181.5403422982881
181.651376146789
181.7603911980444
181.7603911980444
181.7603911980444
181.7603911980424
181.7603911980444
181.5403422982881
181.5403422982881
181.651376146789
181.7603911980444
181.7603911980424
181.9804400978007
181.9804400978007
181.9804400978007
181.9804400977967
181.98044009779872
181.9804400978007
181.41389728096598
170.1781737193753
177.35449735449544
212.26415094339578
205.29616724738577
191.7298578199032
187.54098360655703
187.0952092177097
186.66666666666902
186.2370820668701
185.70036540803974
185.1553930530173
184.50274557656945
184.28833231521037
183.9608801955994
183.74083129584312
183.63302752293498
183.74083129584312
183.63302752293498
183.52078239608886
183.41284403669965
183.30073349633452
183.19266055046032
183.19266055045827
183.08068459657224
182.75229357798165
182.75229357798165
182.75229357798165
182.53211009174632
182.42053789731534
182.311926605511
182.09174311926765
182.09174311926765
181.87155963303232
181.87155963303232
181.651376146789
181.651376146789
181.43119266055368
181.21100917431835
181.21100917431835
181.21100917431835
180.990825688075
180.990825688075
180.77064220183968
180.77064220183968
180.77064220183968
180.6601466992689
180.55045871559633
180.55045871559633
180.4400977995126
180.330275229361
180.2200488997563
180.11009174311766
180.0
180.0
179.88990825688234
179.7799511002437
179.7799511002477
179.7799511002437
179.5599022004874
179.5599022004874
