190.4990980156342
172.9219600725943
182.27848101265823
189.63319302465285
172.99270072992738
183.18181818181944
187.79783393501882
174.35076923076682
180.65934065933905
177.71047849787968
174.13751507841008
181.82278481012906
189.10843373494134
172.7737226277389
178.2374541003668
181.3075060532676
175.66265060240963
177.2375690607735
182.1897810218958
177.17391304347788
176.5913255956013
180.65934065934104
182.39419588875336
167.07302353651207
177.3714285714294
183.35538184004847
177.40072202166104
179.44819129368688
183.9272727272751
178.37251356238895
163.52610892757139
158.7006960556848
174.43533123028638
202.77876106194864
152.38572323105836
175.92233009708738
180.11428571428405
179.0804597701137
183.82499999999754
171.31483715319658
180.45801526717725
190.33232628398792
171.52173913043362
180.11457670273543
189.47368421052508
171.62537764350375
180.11428571428405
189.1304347826083
171.53196622436747
179.77186311786988
188.6851628468053
170.99457504520674
179.65757767913843
188.67469879518072
170.6746987951823
179.54314720812016
188.45783132530437
170.56057866184773
179.65757767913843
188.35443037974773
170.56057866184773
179.65757767913843
188.13743218806127
170.76644538322668
180.1141407736233
187.59036144578315
170.84745762711313
180.79797340088749
184.75961538461692
179.34703748488275
181.54411764706444
185.32930513595323
179.34939759036303
179.88936693300312
184.267477203649
181.19493059746767
177.2842486421204
184.77272727272816
192.11538461538137
174.2216838279798
183.41340075853762
190.49909801563524
174.08038976857733
179.3398533007351
182.5015105740213
176.75090252707977
178.01226993865512
182.62454434993683
178.26086956521897
175.43478260869878
183.40909090909088
