175.68345323741107
178.85931558935258
190.74299634591983
187.92043399638456
193.40659340659212
177.1874999999996
175.37897310513168
176.75870348139253
180.0
191.61997563946642
188.89156626506102
194.28571428571436
177.9459459459483
176.25916870415688
177.94347564642254
181.36536030341216
192.59890444308982
189.86152919927605
195.04575960951865
178.81081081080845
177.13936430318006
178.3783783783784
181.82048040455368
192.70072992700773
189.86152919927792
194.92682926829107
178.9182692307712
177.1393643031781
177.8443113772455
180.79696394686783
204.59963877182295
194.44639718804814
192.4861878453051
199.86622073578505
190.7004120070634
182.203182374539
187.16472749540725
185.32287266143788
187.6829268292683
186.49819494584835
191.22249388753147
176.09638554217025
174.39218081857217
174.38848920863228
171.00000000000318
171.28511655708274
173.73020899303148
185.042630937879
182.7190332326284
188.2367297132378
173.06024096385386
171.543624161075
171.9306634787806
174.64217859404607
186.02556299451825
183.47826086957
189.11531421598846
173.82299819386222
172.30769230769243
172.7913927077099
175.3261557948043
186.68289713937747
184.130434782604
189.77425259304604
174.47320891029653
172.96703296703532
173.22175732217647
176.01013299556686
187.1211199026212
184.56521739130508
189.99389871873348
174.7951807228963
173.30079316656665
173.54066985645545
176.35443037974187
187.1211199026132
184.6767371601161
190.09756097560657
174.57831325301206
173.40659340658937
173.75598086124484
176.35443037974187
187.1211199026132
184.67673716012402
190.21354484441244
174.689945815772
173.18681318681234
173.54066985646327
176.12658227847936
187.23507917174413
184.7826086956538
