-2.7204030226716895
-8.938547486033542
-3.6226415094327535
-9.614906832298516
-3.853904282117526
-10.0558659217877
-4.5283018867924625
-10.292106898695693
-4.754716981132901
-10.72625698324265
-4.984266834488778
-10.732919254656736
-5.653266331658244
-11.187072715972704
-5.660377358490564
-11.18012422360249
-6.105527638188505
-11.410814170292838
-6.1093651791301795
-11.627329192544153
-6.113207547167349
-11.627329192544153
-6.557788944722745
-11.634555624609163
-6.335637963543263
-11.627329192548189
-6.783919597989893
-11.64179104477779
-6.7796610169492055
-11.641791044777676
-6.783919597990007
-20.794223826715495
-41.85578535494551
-32.83852691218203
NaN
1.0650887573964498
59.064254522768444
74.7640025173058
75.80138277812766
76.91729323308336
91.24842370744155
108.65372573575569
105.80239144115573
109.21348314606898
116.49582836710528
115.98991172761721
130.0
137.9601689800854
123.32931242460953
129.49320148331088
138.1289506953234
138.75231624459494
136.30847029077128
150.85290482076778
151.68667087807782
150.9461966604858
157.14466203411453
155.0495049504932
160.68181818181836
157.945544554452
162.3752368919813
159.40630797774068
163.05748578648377
159.8515769944318
163.18181818181503
159.82662538699043
163.18181818181878
159.72772277227668
162.62460567823013
159.05940594059064
162.0454545454514
158.61386138613355
161.48895899053298
158.04334365325403
160.93316519546505
157.37461300310085
160.5804416403802
157.05445544554243
159.8990536277553
156.48297213622453
159.57124842370726
156.2600619195095
159.11727616645925
155.9107806691422
158.89029003782883
155.81424148606325
158.66330390920206
155.6877323420044
158.56332703213405
155.4646840148701
158.43631778057988
155.6877323420125
158.5633270321387
155.56106633602215
