162.58064516128974
164.30426716141062
162.46041412911183
164.30426716140968
162.2411693057258
164.3042671614117
162.46041412911092
164.3042671614095
162.14242239805125
164.0816326530599
162.34003656307092
163.98022249691212
162.46041412911092
164.30426716140767
162.46041412910873
163.98022249691027
162.55941499085748
164.20271940667624
162.99817184643314
164.54601605929622
162.7787934186444
164.1012970969722
162.87804878048541
164.1012970969722
163.21755027422188
164.66666666666748
162.54545454545453
119.56442831215813
166.34482758620615
165.86695747001124
171.65120593692026
198.66432337433992
245.60946745562362
-45.104895104895036
-39.69501466275506
-50.443113772454296
-50.43056397816554
-49.48606811145265
-36.850393700786526
-40.07380073800812
-49.757826343767874
-46.58079625292788
-50.34653465346605
-47.67922235722847
-47.955801104973546
-46.83619160260241
-46.37002341920345
-50.34653465346605
-47.75287704421527
-48.76847290640353
-45.690672963400345
-34.105263157897184
-34.61114513165728
-30.965346534656646
-19.584352078234986
-0.6683168316815227
-5.061124694374996
-0.22263450834554988
-5.058032987170009
NaN
0.2197802197850181
NaN
0.4395604395620406
NaN
0.6593406593390632
NaN
0.8785845027487651
NaN
1.0982306284319854
NaN
1.317073170728513
NaN
1.3178767541151861
NaN
1.3178767541231475
NaN
1.7560975609740126
NaN
1.5375228798063434
NaN
1.9756097560927695
NaN
1.976815131180726
NaN
1.976815131180726
NaN
1.976815131180726
NaN
1.976815131180726
NaN
2.196461256863922
