155.83437892095392
162.2073984232867
168.85922330097003
166.654611211574
164.01459854014772
167.59736369083083
169.08067542214005
172.6953361599043
176.83060109289656
174.2633794347553
170.81409477521305
173.40540540540306
168.5800604229607
166.002430133658
166.99701492537469
168.24120603015328
172.7912621359239
174.17266187050402
169.872958257714
167.73722627737342
168.50149253731655
169.59798994974796
174.54545454545453
174.51285116557239
168.89963724304647
166.65856622114126
167.08133971291872
168.5732243871775
173.6650485436901
164.32126696832626
153.51025331724802
164.26008968609827
162.12765957446894
134.88467452588458
106.56343061345828
101.91980558930798
100.23100303951209
97.63078773300991
83.98541919805491
71.61290322580504
53.30097087378585
52.01934703748759
53.413751507837844
50.67961165048725
54.59104477612253
37.89473684210818
36.67677380230292
35.59017375674064
34.669897032100884
19.99999999999848
14.588528678304273
28.730350665055745
26.95652173912988
23.826714801443938
24.887810794423817
23.814064362333095
16.32406287787204
18.797814207654962
5.3859964093356565
NaN
5.027322404369972
4.543269230766142
NaN
4.748201438850512
-2.474999999996726
NaN
15.072815533983828
15.044776119402986
8.295936931471958
12.927571515515664
1.5098861593784285
NaN
0.876445526479151
-12.108108108104943
-12.474164133740203
-8.534954407290058
-12.563176895305219
-12.247873633046765
-12.144578313249838
-2.698313554030335
NaN
13.972104305642835
3.0107526881751463
-3.0582524271876537
NaN
0.6455469216959865
-5.454545454545439
-2.841530054643215
-7.563025210084106
-1.9660194174709886
