-5.788497217067459
-8.176927674836008
-2.8074385122959598
-13.40540540540502
-17.03134240094613
-6.6831683168316545
-8.392109982067382
-3.2412965186074416
-14.045618247298876
-16.8483412322268
-6.245353159849685
-6.89407540394734
-2.16216216216219
-13.389322135574389
-5.290875688915321
NaN
3.016157989227217
2.1673690547862687
-11.913357400722077
-16.325088339224067
-5.343228200370277
NaN
4.308797127468572
9.325301204821644
-10.810810810810835
-2.427958307787435
NaN
5.167464114831787
4.7596153846169695
-10.397111913355786
-25.21008403361344
-28.168346176646367
NaN
24.068571428572927
140.84095063985504
152.15174866626927
149.75999999999678
161.11111111111111
169.247311827955
168.23035392921446
166.00706713781042
173.97769516728664
173.53159851300993
167.4970059880255
168.6075949367108
166.44931831653753
174.869888475836
186.90594059405817
191.8562874251497
191.9420989143547
196.828402366867
189.5437731196078
201.4576899320581
206.20730976632836
205.55956678700585
213.6072507552886
200.96984033116982
199.64028776978068
199.78378378377906
199.15814792543682
202.39336492890618
194.40886699507377
198.97005988023795
198.82211538461328
198.3363471971081
202.68727705113028
189.0322580645139
189.1891891891892
188.97297297297612
188.12763395544448
191.38971023062976
177.84172661870895
178.59628074385202
178.48739495798162
173.85882352941638
180.88888888889213
174.19354838709526
174.38848920863228
174.91280817799077
172.0353982300885
179.44341372913206
173.32535885167388
174.16566626650499
174.8014440433221
173.08101714961182
169.39863608183097
166.2035928143681
167.33613950691438
174.03377110693862
179.67837998808892
183.31550802139273
