172.53250773993727
173.87909319899182
170.643564356435
172.75471698113247
169.09765142150988
171.40703517587696
167.65904879555237
170.0751879699236
166.11967921036384
168.6303939962494
164.565083281923
167.1428571428576
163.7777777777794
166.6582914572873
163.53522867738022
166.77966101695048
163.37438423645114
123.81843706130152
169.9940227136869
177.10886377156183
178.79781420764988
178.04347826086837
176.61613098847747
184.7309136420513
183.05084745762795
185.61797752808985
183.7335009428025
187.06542056075094
184.74874371859377
188.4007467330429
189.36802973977657
200.5197873597158
198.79350348028035
188.07899461400552
205.93037214886147
190.84337349397592
224.70254957507282
193.78190255220483
185.197407189157
184.36893203883292
188.1472540736251
191.12177564487018
189.16363636363397
188.93462469733544
191.73913043478376
177.48328267477282
177.51568381430488
177.0528967254404
182.24719101123802
180.4528301886809
185.15566625155705
182.7169811320771
187.047855811064
184.18604651162866
187.81637717121603
184.98113207547334
187.13754646840306
184.52830188679246
183.22820037105507
181.81132075471533
179.2207792207784
178.8679245283019
176.2175525339869
176.71491504090866
174.10747374923284
174.7924528301903
172.22222222222223
173.54310887350047
171.0055521283174
172.5283018867941
170.222222222219
172.0754716981132
169.67304133251554
171.8490566037769
169.55555555556202
171.73064820642415
169.43792464484258
172.06549118387494
169.4379246448464
172.2921914357651
169.52970297029532
172.74559193954903
170.59701492537553
174.566037735854
173.7774984286654
178.76017532873894
177.39130434782274
182.3580786026184
180.5671077504726
184.5924082140659
182.60869565217308
184.472049689441
