176.97115384615464
183.2687651331719
175.51122194513715
186.7391304347814
172.73056057866302
174.77178423236361
177.2830188679229
182.66429840141902
185.0847457627119
189.08011869436203
172.5637910085043
174.1796407185613
186.22250157133672
176.55089820359203
183.60218314129895
169.70499698976326
183.05084745762795
186.2665066026422
177.5075255869946
170.75187969924528
180.64362336114266
182.92499999999836
186.48552864737388
188.8930581613524
192.369668246444
175.62575941676593
176.98564593301316
189.1525423728817
178.9234449760785
186.11650485436928
177.41317365269305
180.30252100840264
197.08029197080336
219.47368421052818
199.88186650915407
194.85645933014482
188.51941747572928
175.25179856114949
182.72232304900183
169.5903614457847
172.09026128265884
175.13513513513593
180.6436233611446
185.11796733212424
170.8915662650626
173.49140486070104
176.15094339622476
181.70414201183277
184.5169385194459
187.90035587188572
171.90765492102108
173.95683453237172
179.6745027124762
178.26506024095954
179.14489311163973
169.55863808322758
187.65957446808432
190.37214885954234
176.90207715133377
181.3567839195988
186.07460035523664
170.16990291261735
172.1458457860139
181.69278996865205
185.70915619389905
179.1251518833544
166.5703971119079
170.75014766686274
171.6120906801032
188.44277673545957
191.35135135135135
177.43467933491917
181.58291457286185
186.184834123222
189.16363636363795
174.49970041941444
182.29508196720755
168.95306859206073
182.378854625549
173.94230769230933
179.7828709288291
171.78236397748663
182.59303721488357
185.72676232065126
191.62679425837237
176.72727272727272
177.85969084422916
181.47077309867515
185.77197149643857
190.2545454545391
175.45673076922992
