7.115503397158312
-8.91089108910893
-10.405904059040154
NaN
5.1205936920206785
6.674907292954219
-9.133663366333451
-10.412307692305262
NaN
4.897959183675067
6.229913473422389
-9.139318885445675
-10.412307692305262
NaN
4.897959183675067
6.229913473422389
-9.139318885445675
-9.975369458128
NaN
5.565862708719889
6.670784434836333
8.69888475836748
-8.19692307692469
NaN
8.0148423005534
8.232385661311824
10.030959752321982
-7.09359605911493
NaN
9.128014842301429
8.638272345530856
16.82840236686313
13.753790175862601
24.47004608295152
18.07228915662644
-53.921690490989135
-54.491315136475976
-65.9814241486036
-73.78328173374291
269.66625463535206
255.52680221811332
243.67872470876628
236.97087378640947
229.9814471243016
220.66666666666504
207.21189591078033
206.37931034482887
200.78191814294192
206.7787839586031
214.48702101359882
197.6557680444166
196.80890538033447
195.25798525798635
201.96255648805644
209.94434137291665
193.4361505243699
193.04024767801533
192.51692307691823
199.14893617021295
207.40099009900854
191.22915379863943
190.32695866749253
189.66070326958734
187.51842751842673
196.40594699418475
187.11111111111273
186.32942628007086
186.12244897959584
184.64944649446983
193.4883720930213
184.56400742114874
184.108574953733
184.1238390092847
183.1034482758613
181.651376146789
171.7174335709675
180.22249690976597
180.44499381952787
179.55500618047213
179.88936693300312
170.67357512953376
179.22077922078245
179.44410129709698
178.4405940594043
179.11439114391226
170.20725388601278
178.44252163164242
178.66501854140833
177.99504950494725
178.56000000000483
169.97409326425048
178.22002472187643
