8.933002481389588
7.374301675978043
11.159330440173576
8.26815642458058
11.152416356877348
8.491620111730198
11.598513011150008
8.93300248138964
11.576994434138859
8.268156424582612
10.895614576898536
7.369727047144744
9.747692307691501
4.890038809828481
21.70292106898838
20.284829721358985
21.995012468826346
21.60891089108663
22.907049282592787
22.931354359924065
24.029943855269025
23.82189239332248
24.9282595134092
24.71243042671684
25.84269662921366
26.048237476810407
26.74157303370723
26.922126081582828
27.6404494382008
27.812113720642582
25.371809100996863
NaN
18.088235294119173
28.13224559896787
241.22712594187394
229.0318701142522
210.7058823529412
208.87218045112817
203.70731707316912
208.57499999999754
203.860720830787
203.05418719211949
190.05291005291195
183.15394242803626
180.6601466992649
178.76017532874303
177.352941176469
175.1534126487151
174.69287469287352
172.89918597369942
172.57846153846074
170.9887359198979
170.91133004925825
169.1864831038795
169.13793103448342
167.48904195366072
167.80788177339912
165.68566061365362
166.47783251231863
163.98496240601818
165.26769230769713
162.40601503759177
163.93846153846152
160.95178459611208
162.83076923076922
159.59924859110959
161.72307692307692
158.57142857143296
160.959409594099
157.5704445835968
159.95076923077085
156.66875391358727
159.286153846149
155.9924859110842
158.62153846153524
155.21902377972046
157.95692307692147
154.22138836773195
157.07076923077244
153.320825515951
156.08856088561026
152.1000000000049
154.85538461538783
150.9750000000049
153.96923076923076
149.88764044943915
152.7339901477851
148.76404494382118
151.625615763544
147.5483468496592
150.60998151571218
146.65003119151493
