196.98951264651365
199.1298943443137
204.05220633934127
201.92949907235692
199.43558282208429
202.12102308172268
202.01117318435627
200.02458512599708
201.96762141967477
207.7267080745374
205.55555555555554
202.81690140844935
206.48379052369125
206.67079975201662
205.61922365988931
208.79999999999836
216.08966376089532
214.40197287299452
212.15469613259717
218.42696629213546
-0.446096654272651
NaN
22.65420560747745
39.77653631285151
54.90774907748904
47.89699570815199
42.84112149532384
44.55445544554495
40.392397302270865
34.67992541951531
35.26348419095074
31.426851294400894
19.9300699300701
-11.295758280068924
-22.757375075255823
-24.209215442094546
-25.6983240223463
-20.648379052370785
-23.01675977653872
-22.126613398893824
-23.551401869158894
-16.577473553203845
-18.982630272952974
-12.537313432836527
-14.516129032258164
-15.911602209946238
-14.588528678304272
-17.9556650246314
-12.985074626864105
-14.97206703910365
-18.597785977858905
-17.142857142858702
-16.780609073959
-20.01235330450902
-24.205378973101347
-17.686567164182065
-21.189591078067224
-24.575645756462052
-26.845965770172995
-27.347447073468174
-29.851485148517668
-31.862323294409975
-25.633978763276446
-27.313432835822653
-29.31523750771254
-28.729281767956195
-29.401496259356236
-31.188118811881452
-32.12307692307695
-29.570628500312637
-31.26550868486339
-33.0499075785616
-32.38678090575405
-33.39975093400108
-34.4870210135972
236.9865470852006
178.85350318471112
158.2370458606284
145.50898203592814
137.54010695187068
128.12030075187923
131.29675810473697
134.86068111455108
139.53663118346344
141.17206982543343
143.46368715083767
150.26282853566372
153.0337078651646
154.38160348042473
158.07620237351276
167.86516853932235
152.81541330019158
