1.5879017013228407
NaN
11.605703657780115
-0.4449938195278378
NaN
14.70773098680072
5.503184713374962
10.543014032949339
-4.014869888478245
-7.71586037966938
NaN
4.4609665427508896
-7.974683544303787
NaN
10.260764099455825
2.0795892169481487
18.6321626617368
3.1015384615376558
NaN
6.39314145743952
0.23091725465125484
13.846153846152308
-3.9356913183296456
NaN
10.15950920245479
5.1524579962646815
7.541589648797748
-1.8568665377201228
0.0
-3.5402581438237917
-18.599311136624692
NaN
13.083235638922961
-18.91381345926726
-50.65431383902927
-59.02702702702936
-72.67080745341616
-88.56793145655013
263.18012422360414
247.26605504586996
240.30808729140034
231.53799392097503
215.55279503105916
205.19546027743033
205.51724137930904
193.84615384615262
196.322981366458
181.75824175824016
188.30769230769315
191.57766990291293
193.4396936821941
188.33848054354743
186.90594059406223
180.3356121814804
172.91878172588758
187.16302952503295
179.6721311475418
182.31065468549002
187.1384990848119
175.63775510203754
174.5251396648028
166.56384947563382
165.89552238806158
171.12515802780942
179.42270686337397
173.87606318347662
164.3930635838193
179.66480446927457
170.5622236260273
177.09316770186499
180.90680100755586
191.0344827586191
184.8888888888905
170.1172115977817
183.720930232559
181.80904522613312
189.2622442653433
175.38461538461456
177.5722543352576
183.38797814207888
171.92307692307693
184.6956521739098
172.7733168622646
185.46158812137364
183.52941176470426
191.6793893129779
197.98882681564464
182.88888888888727
177.09316770185686
171.87539732994026
182.5417201540445
186.3349514563099
174.57344451571862
