168.15189873417555
166.90087829360056
169.27756653992336
169.0771175726934
168.74289324068468
168.4382871536537
169.07711757269232
168.62199747155503
166.29213483145992
169.15662650602195
168.40909090909213
168.28806064434502
166.77966101694827
167.83322804801142
167.04545454545493
164.51371571072193
163.92653578214015
164.00756143667468
163.51231838281737
161.62805259862333
163.86363636363757
162.397476340694
160.04981320049694
157.11574952561634
158.91687657430472
158.40909090909292
156.89417658108965
159.69754253308156
157.8827977315691
155.69383945239505
152.78937381403983
161.04686548995633
140.59750135795665
139.8347107438004
105.88235294117646
66.40993788819631
70.58389674247047
72.99939649969872
56.7701076630772
55.52465233881055
55.53421368547171
39.69581749049365
40.38022813688398
39.351351351352925
26.954314720814615
26.489746682751708
9.723618090450683
8.403785488960644
20.22960725075766
3.4026465028355233
1.3696892834504277
4.784810126583108
4.46927374301675
NaN
1.5979708306887055
2.7067669172948374
-2.939698492460707
NaN
2.5079164027832905
2.674922600620817
-3.1939163498049084
NaN
0.450281425892816
-5.642633228840111
0.0
NaN
0.22277227723258242
-5.699810006333223
-1.823939202024917
-5.853658536590217
-8.135593220343935
-2.0519316022749763
-2.277039848197319
-9.368029739770577
-8.44106463878478
-4.337349397585456
-7.899686520376179
-10.62146892655511
-5.0221940393086015
-4.568527918781683
-12.044609665422797
-11.855604813174466
-6.62857142857473
-8.846880907375635
-12.607879924949998
-11.870640456564729
-8.00508259212188
-12.592129918797582
-13.619167717528171
-7.538071065988277
-7.984790874524776
-13.20074580485084
-12.775665399236289
