179.78234582829424
178.80794701986716
126.06943849121265
28.841498559077056
12.146596858637245
NaN
118.25276645311588
126.39225181598007
140.6896551724152
151.26964933494426
159.7581620314385
156.05804111245263
152.66787658802323
149.83666061706128
147.1342200725525
144.39201451905532
142.12817412333848
139.81851179673146
137.64065335753395
135.81620314389556
133.93829401088988
132.33373639661298
130.67150635208625
129.28657799274436
127.76299879080807
138.2940108892928
135.38089480048407
132.55139056831874
130.01814882032488
124.3713278495905
119.13824057450445
148.75675675675518
142.8843861740142
140.7123287671239
78.22166562304449
84.06417112299346
76.02617489589514
68.98203592814372
64.21621621621385
60.32432432432354
56.25000000000012
52.35968617984365
49.84280532043463
47.941888619855035
46.662628709875875
45.572380375529086
44.700181708055624
43.82798304058216
43.173834039974565
42.30163537250459
41.6222760290563
40.96852300241999
40.3391883706839
39.878934624696456
39.20145190562545
38.571428571422906
38.13559322033881
37.69975786924764
37.26392251815647
37.04600484261485
36.80580762249995
36.37023593466599
35.93466424682411
35.49909255898224
35.25997581620442
34.607013301091136
34.192377495456604
33.95405078597068
33.51874244256636
33.08343409915486
32.64812575574408
32.212817412331866
31.758308157096533
31.124546553807775
30.9068923821053
30.471584038693805
30.03627569528297
29.600967351878733
29.383313180169676
28.948004836765453
28.512696493346038
27.85973397823337
27.424425634829177
26.989117291410356
26.336154776304397
25.698729582575663
25.24788391777962
24.594921402658958
23.95644283121555
23.506650544134157
