187.3605947955384
184.17554858934045
185.79911560328426
190.06913890634885
194.7467166979376
190.16759776536352
184.79851208927386
183.6409608091032
187.4716981132059
192.18045112781883
193.10516490354775
186.79035250463656
184.88945041061194
187.93450881612094
192.0903954802247
196.73112913287756
191.0340557275558
187.20901126407963
188.0630914826482
191.53266331658176
196.09756097561103
196.648044692737
189.8949969116735
188.0732785849656
190.98804279420898
195.0094043887139
199.2777085927758
193.91465677180176
190.25673137132364
191.001890359169
193.898305084745
208.27167980594265
235.9502664298422
208.78504672897293
118.82537196554595
17.354758961683398
20.132291040287146
19.506321493076417
9.76491862567814
13.725000000000819
28.392534617700907
18.661844484630127
20.702179176755358
23.09927360774913
13.929866989120336
17.34668335419036
30.776640577966592
20.856970428486143
24.086799276673272
27.486033519551697
27.360861759427003
15.548890221957112
-7.155279503107238
-11.145510835913285
-5.24050632911235
NaN
0.6771159874591728
-6.276463262763059
-10.922600619190177
-6.371681415927526
-0.45368620037970686
-0.9039548022549866
-4.943820224720696
-10.037174721189501
-7.70295783511159
-1.5899053627776993
NaN
2.6999999999934516
-6.918784872912511
-9.844623990051161
-3.870967741937079
NaN
2.028804007509159
-6.268656716416331
-11.138613861386261
-6.5992414665013825
-0.45340050378001706
-2.03262233375483
-6.059850374058385
-11.145510835913285
-8.609188168657795
-2.495274102084352
NaN
1.1242973141786485
-8.257904525730112
-11.828890266582448
-6.140240050538523
0.0
-2.932330827066039
-6.940298507459488
-12.23733003708287
-8.620037807181689
