-15.018137847643231
NaN
8.91304347826164
-1.7593158216253073
NaN
0.6533575317628082
-4.183486238535295
-5.242718446601145
-6.722891566265844
NaN
15.642727821361643
NaN
4.371584699453581
8.923821039903977
5.69620253164557
23.260869565215224
24.410507025046506
11.359223300972513
18.91304347826241
1.0995723885155724
6.990291262133569
10.00000000000077
NaN
1.961259079902368
-14.278846153846814
NaN
7.169583584790259
2.4205378973113088
7.43620899149372
11.086956521739896
NaN
15.416666666665812
-26.850828729281773
-35.673716012087766
-44.46300715990259
NaN
58.42008573178226
69.62056303549589
76.79999999999667
87.95209580838167
92.16730038022773
99.64869775893534
97.32685297691351
98.04161566707488
97.32685297691351
95.78181818181739
96.94002447980438
97.76427703523433
96.36253776434887
101.1928934010145
108.4127942063998
109.14425427872916
114.39660400242516
110.21739130434916
110.46454767725896
108.7659574468101
106.54611211573061
110.48826886493623
116.16405307599568
114.27522935780136
118.39513677812027
114.70374848851327
117.71863117870444
124.27278213639211
122.05253512522853
124.59854014598227
121.38014527845141
120.73170731707317
123.19806178073732
118.48375451263115
121.36882129277508
127.7489438744726
126.08801955990693
128.6808510638282
124.79128856624216
123.73626373626269
127.26392251816242
122.74203247143927
127.07224334600986
134.2667471333793
133.21100917431193
135.8490566037742
132.68882175226585
136.65399239543805
146.95652173912856
145.0122249388798
147.28267477204284
151.01694915254805
136.40024405125433
139.46731234866766
134.56730769230316
137.7946768060876
