188.9490245437378
187.4582560296844
185.42713567839112
188.48522941546096
185.56242274412955
182.49056603773667
187.2544080604551
185.02169869808012
182.03517587939822
187.24528301886957
184.3467492260078
180.67754077791554
185.2075471698097
182.8960396039588
185.12289780077577
194.41802252816134
194.21052631578797
192.2242990654222
196.0552763819103
197.98868636077893
196.77018633540374
200.35175879397204
189.61659333752561
189.93180409175403
194.8208673790054
185.33081285444314
185.58312655086846
190.2723735408574
198.10118675827644
193.99999999999838
196.38476436410633
200.6883835279663
190.43936731107175
202.61194029850608
198.57060518731762
204.24131627056707
169.65717044905708
117.58150563129843
98.14234016888018
92.93969849246271
91.78660049627831
87.25233644859732
86.53846153846173
71.73834039975677
61.584905660374886
64.94730316180734
61.546197360152355
63.09045226130614
65.65756823821636
62.4512884978008
63.808925204271425
66.69144981412573
62.94339622641345
63.808925204271425
67.0959752321949
63.169811320753894
63.622641509430665
67.23562152133712
62.94339622641345
63.20956576462777
67.19406674907485
62.49056603774079
62.49056603774079
66.74907292954144
61.99874292897111
61.81132075471533
66.52657601978105
61.95979899497788
61.81132075471533
66.93020382952056
62.146892655367516
61.772470144562085
66.70784434836258
61.43036386449433
60.15075376884888
63.99999999999838
58.49435382685344
57.43718592964304
61.77777777777616
56.687578419069006
55.819209039549925
60.03705991352633
55.55834378920574
55.141242937848425
59.44341372912937
44.04015056461792
45.90452261306347
48.534322820035264
45.649717514126145
45.283018867924525
46.085343228201786
43.86934673366321
43.72561359345396
43.886138613862414
