-56.80773881499289
-54.393203883494266
-53.14702308627005
-52.58673158855777
-52.212065813526635
-52.431444241315376
-53.24406573341315
-58.775510204083105
-63.43995171997716
-66.10909090909331
-62.989064398540904
-60.91296409008112
-60.07308160779496
-59.853836784407406
-60.29232643118121
-65.08108108108189
-69.9155609167691
-73.65617433414246
-76.06557377049074
-73.75075987841706
-71.03532277709996
-69.9390986601702
-69.71985383678248
-74.33373349339644
-78.9873417721513
-82.75862068965552
-85.5791388720445
-87.10030395137017
-86.2773722627731
-82.3858794887413
-89.7959183673471
266.07748184019334
260.5014577259483
262.07823960880216
-49.46731234866621
252.7474649927592
217.0123022847083
201.38408304498313
192.53785584494045
197.41935483871134
199.78021978021766
201.3447432762854
204.2053789731071
205.8080194410696
206.21148036253618
210.05464480874303
212.00974421437172
213.93532641854756
215.824175824176
219.16870415647952
222.4694376528105
226.21026894865716
234.3520782396083
236.65859564164228
236.2296072507521
235.84699453551332
237.95496043822064
240.3658536585366
243.73626373626
251.58216249236617
256.1369193154009
259.27916921197516
261.5384615384627
260.51776038530824
257.51665657177375
255.2369380315956
255.63946406821316
261.0000000000032
264.395604395604
266.59340659340825
268.0757483200977
269.01098901098743
267.005444646096
264.130434782611
262.195269860524
266.71532846715525
269.6711327649196
-88.68292682926352
-87.47252747252628
-86.76021964612494
-86.15384615384812
-86.88902365069504
268.4819277108418
265.30909090908773
268.7970838396088
-88.79415347137598
-87.53199268738172
-86.70731707317071
-86.32092739475053
-86.48780487805197
