199.00485436893263
203.94942805538867
204.48687350835348
203.12727272727352
206.51834034876515
209.17759237187218
206.86404833836937
209.33253156945528
214.71810089020772
189.98843930636065
188.89566809029728
199.27797833935148
195.11614055985748
196.40340218712225
203.70414912808124
202.59369422962385
202.13204118716044
233.85277658200437
188.204839617333
185.31214528944454
186.36042402826857
184.32337434094748
181.77597214161423
189.65853658536506
201.51603498542275
190.41496201051976
176.77642980935838
175.06999391357272
179.13253012048273
168.08219178082345
162.21343873517606
162.34866828087274
196.1467889908243
159.99999999999915
170.8805790108569
188.44765342960412
178.11846689895546
173.36555891238433
189.11942098914517
190.1926444833613
181.1877624475109
182.1818181818182
188.59214501510732
183.99066511085297
175.16417910447763
188.08252427184422
190.19264448336332
181.72869147659102
182.28952150212032
189.55367913148297
188.08867585380665
187.51361161524457
193.0120481927732
187.95348837209912
180.0
183.6021831413009
187.78846153845834
183.10160427807256
184.368932038831
193.42960288808422
187.2770511296068
187.75015160703705
196.3636363636385
191.7997616209735
191.34545454545614
197.8807947019869
195.79701492537782
194.40000000000475
199.73493975904088
194.00696864111265
187.64563106796518
192.52268602541236
195.04509921828154
193.74545454545296
197.6086956521709
200.96038415366323
199.0793458510031
202.14716525934634
208.90746268656872
183.95375722543656
182.634146341465
189.34782608695502
184.83005366726687
186.02556299452624
195.94936708861218
191.05545617173442
192.2627737226287
200.698374473211
197.80691299165915
