191.62341581170773
191.54551007941257
193.42960288808726
177.47098350641397
176.52173913043598
175.71166768478767
174.98789346246932
173.8461538461535
177.8155339805825
176.26373626373865
180.6561360874852
179.0127970749547
182.081558125382
179.34703748488673
187.4191502853499
193.17073170731706
194.45255474452836
193.62637362637312
183.0769230769223
182.84325637910123
184.5027455765715
181.2980769230797
187.66687857596818
192.9896907216491
193.72788285540167
191.3650030066125
190.34229828851025
192.7951807228947
176.9193154034258
176.8382798304062
181.74545454545296
195.48961424332344
176.55405405405443
210.23999999999918
183.2628398791544
141.73396674584197
135.21126760563408
126.2423500611982
132.00732153752398
115.86956521739343
119.41140404659771
105.84392014519182
110.65030674846706
110.88699878493452
113.67259350091943
113.71880706025533
116.10055180870685
116.41900121802708
118.8970588235294
119.34186471663912
121.39791538933143
122.19378427788067
123.52941176470671
125.19829164124354
126.31965707287097
132.2269676632097
118.45871559632867
119.7802197802203
120.6593406593364
122.71227855833628
122.11165048543266
126.09920391916934
110.81927710843847
109.76687116564578
110.21739130434796
113.0104230533361
112.66343825665969
116.17177914110108
115.92480291085342
118.52851011649297
118.54191980559195
120.2942979766998
120.36474164133739
122.50153280196308
123.14059646987432
124.63235294117591
125.26508226690834
126.61764705882618
128.11700182815505
128.744641763621
135.0
120.95471236229791
122.56253813301323
123.15210751374411
127.25274725274302
126.42726719415919
131.36919315403406
129.46987951806597
130.58823529411356
115.51266586248447
119.11764705882565
