-33.65313653136502
-44.860508369496586
-32.70618556700907
-32.66625233064087
-33.033707865168196
-32.870544090057194
-25.90570719603045
-26.42813078347018
-26.226650062264298
-26.034912718205078
-26.4837905236933
-9.087378640775853
-5.607476635514047
-11.456548347614842
-13.176178660052813
-13.889234598628661
-2.3210831721469845
NaN
2.247191011235945
-2.4719101123562837
-7.283874923358269
-9.385474860336785
-10.535491905356537
-3.3707865168539684
-0.22499999999672582
NaN
0.4425322679794813
-6.492537313432024
-8.064716863722026
NaN
9.85687616676952
0.22443890274395917
9.429569266589096
-20.653917334976768
-34.5878339965883
-75.14836022904791
232.16617210682344
209.09529553679064
207.33333333333576
208.37383177570013
210.46845721424143
212.12273011897292
212.22222222222223
215.8208955223882
216.0899437851346
217.1714643304132
218.20914214151682
219.33625547902304
223.2266009852213
222.53731343283602
223.00686213349906
223.2314410480367
224.29555416405915
227.42785445420282
231.47621988881755
220.4218362282869
221.69364881693673
222.88930581613812
223.78986866791868
224.57891453524743
228.80790611488692
228.1343283582051
228.02992518703226
228.4572142411011
229.11138923654838
231.87969924812077
236.20111731843417
234.94736842104777
234.46038677479342
235.57500000000164
236.6228893058107
244.13274890419817
236.54568210262397
226.49446494464985
227.58104738154734
228.9069331667712
228.43554443054248
228.51782363977279
235.48872180450851
225.72133168927311
226.22828784118843
226.8247036805999
227.5344180225292
228.21026282853506
233.76330619912392
236.8656716417905
234.51174289245884
233.34993773349822
234.1463414634125
235.1158422041354
242.7802128991865
235.125
236.2292051756018
