194.50746268656715
183.2258064516129
172.99820466786358
179.99999999999898
191.1386138613841
194.64114832535935
180.86538461538382
169.28442573661894
176.74360573924136
188.8487865588068
193.16546762590013
192.7951807228947
179.67489464178482
167.6682692307696
173.81636477201954
186.51685393258342
191.668667466984
191.36500300661461
175.9188544152733
168.7359198998748
183.81070983810667
189.91119005328716
183.57763975155362
184.89493201483268
179.46332737030215
169.97004194128493
177.43335399875886
188.34879406308187
192.17235188509989
178.91696750902528
166.71428571428416
172.26730310262258
167.2685451408844
141.3874066168633
120.50299401197526
125.03899220155836
125.50060313630777
117.17391304347721
109.8489425981873
103.04347826086855
96.0869565217376
88.7522603978324
79.88102320047504
70.47855811062708
73.88646288209559
74.61584276354833
63.17307692307863
54.90054249548109
58.120481927709264
58.99159663865441
48.029925187035246
49.38547486033239
48.15836832633688
37.32368896926025
39.493670886073666
28.860759493669054
31.012048192769505
20.02392344497442
20.050062578217954
35.17112632234124
32.1466587817831
14.227544910176503
13.37327741162518
12.059553349871274
25.188854489170573
22.338902147974196
7.122302158271842
-2.3841059602617634
NaN
17.451833436915553
20.50359712230225
12.570740517758919
6.506024096385542
0.22471910112849963
6.056074766356772
10.384615384613719
2.819277108432157
-0.4337349397605976
-3.8411381150032184
-5.565862708719976
-6.452410383192216
-6.448424953670326
NaN
2.151823072325127
-1.72558418214345
NaN
10.489770613764845
7.574257425745714
4.879852125694796
2.155688622754491
1.3004214328686214
1.0836845273931224
