-19.062690200851705
-7.605633802815248
NaN
4.009900990099406
6.679035250463792
4.870848708484712
0.8949658172810601
7.835820895522423
-6.809029896279014
NaN
3.114956736715207
7.835820895522423
9.225137278830173
2.8924598269492567
2.0099255583118563
5.521472392638037
0.9148665819601177
8.931297709922893
23.807169344871667
11.368421052628335
0.44117647058583076
-0.8944099378873602
NaN
2.6373626373602503
NaN
4.897959183675067
9.61490683229651
-5.491153142159874
-7.1287128712887124
-0.67039106145495
-18.361031518623918
NaN
7.951408061844269
-24.369230769230796
-45.025936599425165
NaN
86.20347394540985
109.6323529411748
121.18591723286006
136.0893854748633
147.64669549104337
152.3504009870455
154.06211180124143
173.06832298136564
170.6077348066318
167.82122905027975
171.8334369173428
170.10989010989218
166.39405204461085
165.24223602484392
170.40892193308508
168.16226183159114
165.48387096774385
166.13664596273537
166.2721171446005
162.3791821561344
161.11731843575689
166.01726263871527
163.37438423644895
161.2406947890828
160.9937888198758
162.09884075655583
158.36431226766013
157.31843575419106
160.26796589524935
156.1928306551286
154.89150650960525
154.15841584158716
155.61005518086856
153.0111524163557
152.08436724566175
155.31992687385718
151.70792079208204
150.87414755114438
148.7766281192978
147.6066790352482
146.85678859268347
146.0061919504644
150.1840490797546
148.2878411910696
148.56432566811876
152.4680073126156
150.20458772473557
150.67164179104384
150.57371992597606
153.27171903881447
152.7204968944083
153.4536403235836
158.26829268292363
155.62732919254333
156.39527656929494
162.46609124537696
