7.401869158878912
-7.3788819875780405
-2.103896103897398
NaN
4.502814258911805
-4.024844720499345
NaN
11.71270718231886
-3.9611650485454106
-7.5138121546953585
NaN
9.496932515339834
-9.792746113987107
-9.771745835902948
NaN
0.22528160200332115
1.793275217931117
-10.535491905352558
0.0
NaN
4.8858729179534865
NaN
6.650246305418734
NaN
8.608215818515426
NaN
6.50872817955032
-6.720597386434292
-0.4687500000017053
NaN
6.5249999999991815
8.392109982067394
-21.301775147928993
NaN
8.870192307693115
8.059701492537915
237.0172084130022
237.30255164034233
221.59048215404027
220.6523076923085
222.23337515683784
226.9807811531309
215.05025125627958
221.69364881693517
221.69491525423913
225.28019925280148
213.10734463276935
218.69158878504672
218.2570532915336
221.93628981886278
210.26348808030002
215.99999999999838
214.12057178371464
216.76452217364016
214.66253869968878
213.3419689119201
205.74626865671596
209.51552795030406
194.82352941175984
207.34324499030433
198.3354037267097
201.7606943583381
187.2177668106108
192.1243523316078
197.8438661709999
180.78212290502873
170.3512014787422
164.12451361867457
174.46494464944644
177.21649484536337
185.509056839477
171.25778331257877
184.21326397918781
181.82509505703672
190.46904315196497
176.9869807811523
183.50194552528757
185.79896907216505
188.91089108911285
186.66666666666666
176.85029163966212
184.18064516128862
188.87792848334982
190.72100313479623
178.3177570093458
191.33030499675206
188.1921618204812
194.91588785047054
178.89025893957674
179.55112219451615
172.39436619718902
184.07239819004946
187.3942366646278
