230.52436767427503
-1.550769230770868
NaN
13.659730722153853
28.536585365853657
35.628415300548674
39.685039370076275
42.60869565217112
47.00636942675159
67.00245700245897
76.14100185528565
88.00000000000081
87.89149198520387
88.94898586355376
101.15337423312722
100.18348623853211
99.15904936014473
98.36065573770448
97.032101756511
95.55018137847584
70.37837837837779
-41.742201294877134
-57.77777777777612
-70.32258064515912
-81.46458583433514
268.70192307692525
258.992805755394
250.46301864100894
242.51949610077722
234.54871488344395
246.58135283363669
248.96797153024934
228.02690582959687
198.89908256880778
166.38083228247373
-74.2541436464058
-68.43861740166744
-60.50420168067211
-55.96638655462158
-53.924505692030664
-42.79876160990875
-30.946196660481746
-30.574162679427275
-29.784172661869036
-27.426514697062032
-27.393648891553482
-27.39364889154956
-26.530856800477807
-14.712074303402346
-1.5574783683575788
-2.44293645897676
NaN
12.184615384615384
10.140845070423383
7.268408551071932
5.5780691299134695
-6.63390663390669
NaN
2.187120291616058
9.316081330870418
9.555555555562023
11.14949374627901
1.334156886964016
5.7742134484854075
10.20961775585369
15.286153846149011
19.714285714287275
12.888888888887273
15.073891625614353
15.036855036861203
12.360515021456125
9.242053789732735
5.731781996330491
3.3561218147918415
7.342398022248105
10.012360939431217
14.213448488582571
18.842364532019534
23.83813611281283
27.363420427551652
20.68222621184624
-1.334981458587606
-2.6600985221690507
-4.419889502762487
-6.609547123622974
-7.931456548352344
-2.906832298143172
NaN
1.7821782178282417
8.004941321800455
14.426633785449997
20.172413793108106
