54.261501210655005
39.78494623655901
41.4120511259882
42.03266787658662
43.82227632379764
46.472727272725685
45.888689407539225
46.47990255785766
47.259528130673296
48.01461632156205
55.67010309278363
41.60479041916403
43.87568555758674
44.75558237779178
45.57516737674845
48.654545454543864
47.74193548387264
47.76628119294182
48.50755287008905
48.861838101033314
56.07272727272886
54.44112372982533
53.27649208282798
53.63088057901267
52.96048632219004
59.56363636363874
44.569377990431995
45.79427875836824
46.33232628399029
43.40998317442486
44.65994962216398
55.66567164179026
123.57894736842259
129.74954184483755
142.9508196721313
143.9564428312158
148.77662811929383
149.89090909091067
150.46706586826582
159.7215189873426
165.37025888019465
164.01208459214422
175.7927984838905
179.14183551847321
184.9999999999996
195.40394973070133
178.79927228623367
184.1354292623954
180.1074626865695
179.45288753799392
179.35018050541674
178.6861313868625
183.81586917019789
180.10746268657147
186.70878079595857
195.5820895522388
179.34386391251678
185.54682779456036
183.70012091898585
185.67961165048627
183.1276213301355
181.64133738601825
186.7391304347833
169.32294787298005
178.97791798107917
182.2513400833814
180.76595744680532
186.5138721351065
171.90765492102315
178.36462749848576
175.15839808727227
175.18248175182327
179.24050632911312
178.03398058252114
182.29229836264645
179.2459605026922
185.44766708700644
195.7365269461062
179.89057750760037
185.88377723970703
182.04179104477768
181.75182481752066
186.16957306073036
171.7933130699088
178.36660617059493
175.0537634408578
175.40145985401782
176.3132530120466
175.9513677811582
180.98122350091015
