174.78743068391887
176.18453865336699
176.50594865372634
176.72316384180834
176.60804020100295
176.60804020100505
176.60377358490567
175.39613225202905
177.77503090234657
177.86383510305893
178.1954887218041
178.07909604519898
177.96482412060178
177.85040854808338
177.9622641509442
174.45129469790385
176.75574891236832
177.07499999999754
177.17868338557994
177.28643216080442
177.2864321608065
177.2830188679229
177.2830188679229
174.12923076923158
175.96513075965092
176.39549436795912
176.38644918444288
176.60804020100505
176.60804020100505
176.60377358490567
161.56501726122048
171.93370165745733
143.62613587191782
60.72476272648911
NaN
5.545023696683204
-0.8643457382945599
NaN
5.17055655296156
3.553362122147623
12.578313253014414
6.9272399278427805
6.6461538461538465
14.530120481925344
9.33092224231309
10.889679715303245
5.610972568578567
24.678292242933775
12.772098616956434
13.483947681330278
NaN
16.442307692308336
5.194479297363488
7.191011235952653
6.424615384618608
0.4483188044848129
-2.4750000000049113
NaN
4.505632040050083
6.0940438871489775
6.520924422239285
4.873846153847766
-4.0449438202312535
-5.184721352534439
NaN
0.67754077791554
4.74576271186114
6.3316582914556125
6.8592501536539405
-4.256378344736845
-6.078799249532551
-6.775407779171985
NaN
0.9045226130604073
4.070351758800532
5.420326223340752
5.095384615383003
-4.716157205236925
-6.086412022543868
-5.649717514124347
NaN
1.5829145728659597
4.072910119420138
5.149253731341678
1.7821782178201373
-5.621486570893239
-6.771159874608145
-2.0338983050798447
NaN
2.9415461973585315
4.9811320754733455
5.985221674878407
