-11.8633912522468
-2.9268292682930905
-6.319612590798272
NaN
0.22004889975630126
2.824381412189113
NaN
6.11650485436737
5.491153142159866
-1.0989010989010808
-0.21964612568717712
-5.62162162162241
NaN
3.4972677595636212
8.126906650394204
-7.92660550458794
-11.863391252246856
-3.825000000001637
-6.767738023045069
NaN
0.44036697247466117
-9.741431148526829
-2.018691588784236
-4.802910855061327
NaN
0.8791208791200738
3.9392097264421766
2.8158844765327387
NaN
6.390532544378698
21.265822784808595
21.26064735945407
39.11679256246173
55.54646405611048
131.004672897198
111.6414294367024
111.3920972644369
118.09057527539485
121.83598531211616
121.58368326334522
120.75235109717869
133.19562575941714
134.91733006736138
137.39449541284324
136.6486486486463
143.63864491844532
156.3157894736822
162.6229508196724
162.09884075655984
169.6829268292667
158.89356584485859
159.2223572296457
159.26873857404067
159.53545232273981
166.20437956204552
165.37025888019252
168.24120603015328
178.19548872180613
186.78007290401044
178.68131868131786
170.80291970802767
169.831730769233
167.38574040218995
166.9150885766628
175.37897310513372
174.37499999999915
175.7250000000049
183.59550561797832
185.34869617950426
190.20109689214223
191.44254278728351
188.29443447037394
183.82513661201787
169.3601462522883
174.29268292683247
177.14981729597812
183.76187460417484
186.46706586826346
181.8624467437622
188.0170835875527
179.2302993280383
168.63499699338934
171.68539325842946
180.0
182.39999999999682
187.36713500305513
178.6797066014622
177.95086878370125
178.876404494382
180.6545454545518
185.04878048781126
