166.797853309481
175.04380475594638
174.9343339587232
169.68014484007236
170.93996361431257
168.2002383790226
159.27409261577208
163.88227927363897
160.21739130434906
168.2115869017615
173.74850299401277
182.67326732673226
181.23364485981145
175.11754068716291
176.18413082980211
160.11876484560526
161.27102803738237
177.30000000000246
177.74436090225768
172.82608695652135
172.83474065138876
176.31284916200997
189.8141263940533
181.3012048192779
169.4373865698742
176.94531741043284
189.46182728410466
196.16894705532457
181.41389728096598
175.48306148055
182.79569892473157
195.09285312323914
164.11506582155164
113.97082658022738
67.14700755374844
42.17391304347738
46.24849215922661
46.49366324683063
47.96983029540911
45.50983899820904
35.23867069486563
36.08695652173984
35.184743742550026
36.93421846710907
25.01510574018127
13.483947681330132
9.179104477608725
20.398505603985825
34.24443106562147
33.7976983646278
21.390374331550664
15.700934579439252
33.42056074766273
31.64358819988031
19.636363636363637
21.441334127457097
16.404494382028936
33.64485981308411
31.681735985537912
19.866585809578652
22.124105011939136
17.53903810118528
33.33734215273932
19.95180722891724
7.900355871887572
2.0174346201694715
13.004214328717469
15.888754534460537
15.79134558387974
9.426433915213517
6.059850374058389
23.610108303252147
10.89588377723966
-4.925639500295915
NaN
6.063630692453315
2.8209764918609643
7.186932849363238
8.372093023258902
NaN
2.2457891453524232
19.529837251356497
6.973365617434969
-8.162291169449588
NaN
4.044943820223065
2.1699819168173886
6.3196125908021745
-9.032258064517634
NaN
2.92317301686285
