179.55555555555597
187.04960835509135
192.06011271133357
178.1886792452826
179.43644333124507
179.7752808988756
179.6643878185196
179.77695167286367
180.111179740581
188.79478827361564
194.08891671884777
180.0
181.12781954887012
181.34831460674036
181.11940298507258
180.89219330854735
180.7772979642184
182.2360248447205
173.26329612606608
180.7889793362563
180.3381340012536
180.22500000000082
180.00000000000205
179.88840669559988
179.77750309023608
180.44554455445504
171.48488830486326
179.2110206637437
178.42105263157936
178.53658536585243
178.54205607476717
171.7352415026845
176.94545454545533
176.22528460155786
206.499694563226
189.38775510204343
170.5494505494502
179.1022443890262
179.44203347799132
179.55445544554496
179.55223880597055
177.96226415094011
178.415094339621
179.1011235955044
184.01931200965677
170.42321644498065
165.57728706624522
179.88686360779343
179.54773869346775
179.54887218045153
179.43785134291272
179.43995021779713
179.4413407821229
179.88840669559787
179.88657844990507
179.31989924433415
179.66059082338234
179.66101694915335
179.66186599874848
179.66313162819796
179.6639701306791
179.88840669559582
180.11159330440418
180.113421550097
179.5471698113191
179.66059082338646
179.7741530740309
179.77471839799668
179.7752808988756
179.8881292728419
179.88840669559582
180.0
181.6949152542414
180.90566037736178
180.7909604519741
180.78996865203433
180.45056320400255
180.44943820224475
180.336029869325
180.33477991320845
180.11131725417277
180.3339517625224
181.91849529781058
181.01694915254814
181.01567398119286
181.01440200376277
180.7879924953063
180.67331670823188
180.44776119403147
180.3347799132044
180.2227722772245
180.44499381953597
182.02753441802577
181.01950912523353
