-24.901610017887947
-12.16520650813436
-0.45028142589279696
NaN
3.711340206187123
-23.81406436233698
-11.939924906131068
-13.976205385098638
-8.913043478261613
-3.853904282113433
-17.245508982035915
-7.5742574257417346
NaN
2.6039783001824164
7.849788007269098
-20.522565320665933
-22.205607476634725
-9.225000000000819
NaN
3.4782608695660007
6.948130277440363
-8.268156424582628
NaN
1.5180722891582044
NaN
4.072910119420138
5.857321652065861
5.996430696012706
0.8700906344402962
NaN
4.946236559138231
4.2543612830620585
-69.85860555826349
249.91896272285203
231.56304474143045
224.130434782609
223.86007237635883
228.55763427881772
224.6888749214309
226.6905187835404
225.57099697885354
217.60869565217422
203.5995232419548
202.4864212432113
201.64350453172364
203.32936979785882
194.5522388059702
207.5716064757164
211.96869355809548
218.04966686856642
203.2085561497313
194.91588785046648
207.02803738317593
210.45153521974746
216.21818181817864
201.97736748064742
194.38202247190924
207.2523364486014
210.48824593128205
215.91267434808785
201.90930787589235
194.9531542785793
200.67348165965367
198.65060240964328
199.00355871886018
189.41469489414865
195.06321493076203
195.67110036275477
179.67990515708436
185.83541147131837
197.28179551121974
188.0144404332106
187.19128329298056
190.81499107673858
182.24719101124003
181.90892077355042
187.70343580469998
187.73139745916757
191.05545617173442
182.81425891182403
182.3580786026184
188.13743218806127
187.62711864407171
171.8377088305504
169.0806754221422
183.1460674157295
188.35443037974773
187.84503631961334
174.40860215054082
170.32500000000164
