-11.491712707181875
-15.441176470588232
-12.55292652553004
-7.626168224300272
-1.7921593030475265
-1.118012422360266
-3.568773234201501
-6.222222222224673
-9.741697416973466
-13.259668508287177
-9.225000000000819
-4.266999376168883
NaN
1.118707271597268
0.22304832713835843
-5.9962985811203
-10.171990171990899
-11.562693020384586
-7.204502814260593
-2.2443890274314526
NaN
2.683229813666223
0.222634508349603
-7.527675276755986
-12.14723926380367
NaN
5.366459627332446
8.054692355501052
12.705882352938744
-5.9962985811204135
-10.607734806632152
-24.360902255640667
-29.874626865670848
-36.28588882101428
-69.8275862068964
246.86253934942377
231.19466343238298
220.2276812462565
215.95547309832926
216.7980295566491
216.8834355828237
216.22018348624013
213.37386018237083
205.49450549450412
201.59105034182443
201.67186525265055
202.0659614187935
202.4860161591055
203.6724565756831
205.2690166975871
206.9500924214428
202.11302211302223
200.27534418022537
201.4472863381163
202.31775700934563
203.7313432835784
205.65055762081414
207.42751388032121
206.78966789667598
203.94753279200847
204.84697064335003
205.58603491271774
206.77037958930242
208.00991940483829
209.68499073502622
211.34769230769552
209.495327102807
210.05628517823286
211.19700748129637
211.9228375855671
212.9608938547489
214.04202719406453
215.11384615384293
218.45962732918605
219.11083281151903
220.3990024937652
221.02117061021045
221.45251396648231
221.5213358070491
221.67487684729363
223.66336633663389
230.30075187969805
232.21459762944912
232.22914072229315
232.32298136645474
231.4603960396012
230.09852216748402
229.49445129469717
234.13533834586804
240.74859638178688
240.67289719626004
239.62709757612882
238.06811145510673
