-6.838235294118476
-8.629379225567732
-6.206896551724526
-2.6650215916097295
-1.332510795801852
-6.338797814206828
-9.253365973069833
-11.277641277642033
-11.963076923080166
-7.102342786680708
-5.5487053020961525
-10.485436893202348
-13.227189222290178
-15.24861878452964
-16.82656826568342
-11.756007393713787
-10.412307692309298
-14.863387978144374
-17.405140758873188
-19.447513812153147
-21.033210332103295
-15.970425138629821
-16.08323133414774
-19.50091296408914
-21.81150550795519
-23.646408839776655
-25.4456054087276
-21.05911330049264
-24.60980036297491
-27.641681901280435
-37.6277157956568
-71.40495867768595
-53.87173396674751
-62.1341107871728
263.62754607177635
245.55288461538248
245.60540872772137
246.93300553165304
244.0751970891439
234.21428571428416
221.6537775133844
213.69668246445357
202.21824686941034
188.13857897827444
191.51291512915085
199.4768133174799
185.52538370720075
176.36697247706502
173.9151813153062
172.35692307692548
173.11960542539995
177.00185070943985
178.44636251541345
176.6079027355639
173.25966850828897
171.2599877074314
170.3512014787422
175.33908754623843
177.11467324291155
175.4070473876056
171.9435928877956
170.04914004914403
168.59076923077407
173.78545006165797
175.6746765249562
173.88349514563276
170.61925199264246
168.83977900552657
167.4830769230737
172.79112754158558
174.35771358327972
172.56379100850222
169.63235294117894
167.73480662983167
166.7158671586758
172.01970443349663
172.62385321101237
170.4686548995773
167.97057020232813
166.40883977900242
166.05166051660666
171.13300492610844
170.0787401574818
166.7970660146698
165.20245398773648
164.28044280442745
166.03448275861808
170.4679802955682
169.63007883565805
166.7647058823527
165.94960049170177
