188.83435582822085
186.75544794188843
185.45454545454547
183.5207823960888
181.73493975903457
182.6405867970656
181.42422398052264
178.38226482924102
176.5787860208457
175.74287446937578
174.68354430379594
171.9534598897742
171.52173913043362
172.88753799392097
170.5609756097537
169.39903846153726
166.13691931540305
166.0024301336562
164.92822966506972
160.61199510403873
161.3567534827374
161.46107784431058
157.11491442542672
158.13897280966927
154.8130277442693
153.21951219512434
154.75015051174273
151.2348668280857
150.7841945288746
152.7731092436948
137.90645879732705
131.02325581395425
132.5982404692105
141.82464454976213
146.50660264105454
126.55834564254089
156.3048498845274
169.1162790697659
174.85714285714133
174.15929203539824
174.69964664310953
175.98119858989503
178.84007029876747
182.33490566037815
181.06508875739644
176.5954850518625
183.18486882245233
181.5403422982881
183.05825242718367
186.06246172688307
185.5941499085927
187.06095353047672
186.73206621704514
187.33130699087826
193.10091743119426
192.0731707317073
192.08711433757048
198.50673194613947
196.86131386861098
197.39130434782192
200.17146356399195
199.32080048514356
202.85714285714565
204.55542021924686
202.920941460473
207.2527472527466
206.77595628415688
204.87980769230748
209.9816961561924
202.32804232804435
196.93606755126902
203.200977397681
202.0631067961174
201.90361445782818
208.31707317073491
206.46098003629697
208.12158054711725
214.8668280871709
205.53341148886767
194.6230274693137
195.9437996334718
194.8724179829876
194.82862297053603
198.14294441051095
197.13765918738298
199.82958003651308
202.23980523432675
200.4594921402611
204.14634146341464
204.59016393442667
