170.2376599634363
170.31784841075876
170.30599755202036
170.17780502759086
169.74892835272286
166.4212432106235
163.89531345100556
165.83282489322795
165.91687041564674
165.7807715860363
165.6617647058824
162.72782136391098
163.82149591452207
176.8381430363893
181.63735597331714
179.8901769371564
179.4488671157379
179.11764705882433
178.8957055214724
176.62431941923933
178.02919708029475
177.91081246182281
178.01713586291189
178.01470588235375
178.01226993865112
177.46478873239516
176.08222490931036
176.59963436928663
176.47921760391318
176.5829761175766
174.9696233292827
164.45969125214367
169.2869770182691
179.12087912087992
143.43195266272306
151.59120310478704
171.24087591240675
170.52631578947327
170.94478527607282
171.04972375690565
167.63855421686984
165.2099817407163
168.55745721271222
181.7625458996312
193.23529411764514
196.74418604651447
195.25423728813553
192.864996945633
191.89718482251865
191.14653586756629
190.71823204419772
190.71823204419772
195.44117647058818
194.50030284675887
192.42516799022516
191.57379056950805
190.9258123850373
190.4972375690569
190.61425061425308
195.44117647059218
194.50030284675856
192.54278728606528
191.79424372320966
191.36725935009102
190.71823204419985
190.95267363244992
195.882352941174
194.93640218049362
192.864996945633
192.23515003062096
191.58798283261385
191.1602209944777
191.39520590042937
196.32352941176384
195.37250151423234
193.30482590104083
192.67605633803223
192.02942979766758
191.60220994474753
191.94103194103118
196.76470588235367
195.80860084796674
193.74465485644495
192.89650949172957
192.47087676271755
191.82320441988617
192.38329238329325
196.86466625841936
195.92727272727114
193.96456933414856
192.9987760097913
