210.2502979737781
205.40798094103715
203.35546167773185
203.84754990925535
204.59492140266067
205.9008464328912
207.26614363307013
209.27710843373495
211.58653846153734
213.93177737881305
215.27099463966616
211.28571428571507
207.99999999999764
208.0193821926093
208.60422960724998
209.60096735187312
210.52504526252324
212.0072332730558
213.66205652435215
215.48232474535618
216.94510739856756
217.2413793103439
212.35714285713973
210.34441087613055
210.90689238210365
211.649546827793
212.60869565217186
213.52622061482788
214.65703971119353
211.76470588235293
217.94480328831412
194.13509060955263
181.98044009779872
183.2296650717703
131.2517848643507
163.86643233743285
163.9931153184185
167.34207389749776
166.9090909090909
171.19033232628556
169.5903614457847
167.18132854578138
162.54610350981446
159.44711538461337
160.62877871825754
164.44712990936634
167.82608695652294
166.10373944511534
164.72004816375642
162.71308523409564
159.88045427375883
156.09291244788665
152.6040428061809
152.05776173284835
155.03015681544073
159.155609167671
158.0699638118206
156.67269439421358
155.40036122817085
153.51351351351352
151.32934131736684
148.76565295169726
145.96908442330653
143.74407582937985
150.6238185255142
162.45487364621223
161.01265822784828
159.18072289156942
157.16175586289592
154.9339735894353
152.4401913875609
149.32061978546096
146.22327790973594
143.87211367673055
150.5289672544038
162.04326923077096
160.26506024095912
158.12274368231323
156.0793746241752
153.7612477504463
151.0579796772255
148.03337306317107
145.15439429928463
142.85038438793893
148.84833228445933
160.55222088835953
158.55595667870125
156.2958508719126
154.03846153846513
151.7266187050396
