229.472392638038
228.40148698884803
233.82133995037208
235.5307262569819
233.23943661971774
231.60371517027784
236.5778053316785
237.98882681564461
235.01222493887718
232.79702970296978
237.47055176689423
225.23725834798026
216.66666666666666
215.5541795665651
220.37174721189479
217.3170731707317
213.86798272671385
212.39332096474777
217.02602230483157
214.1133455210241
210.53670573719953
208.9603960396059
213.63861386138484
211.07992678462602
207.6495990129545
205.93692022263357
210.87306501547664
208.44417327638772
205.33333333333252
203.71057513914795
208.42105263157896
207.13780918727937
198.87185775597828
211.69230769230546
220.04784688995124
183.73887240356146
131.66077738516034
113.78457916421603
102.7343283582113
89.78773584905873
73.46062052506107
59.363957597173396
44.865831842578956
30.6517909571346
11.370679380216808
2.351543942993657
-0.6658446362539507
NaN
18.54748603352195
18.19036427732149
-1.339119652821637
NaN
3.5754189944101884
4.618204031766204
-2.2249690976514103
NaN
3.126550868489588
4.3956043956044155
-2.66831377393612
NaN
2.456575682378873
3.9560439560423744
-2.447466007413311
NaN
3.1265508684814636
4.838118509462226
-1.3333333333300743
NaN
4.240545567269231
5.714285714290537
0.8888888888921227
NaN
4.684014869893303
5.710799267843001
0.22222222221898846
NaN
3.7918215613398787
4.829268292676538
-2.00000000000324
NaN
3.1207430340589712
3.953630262353461
-2.665021591611776
NaN
2.4520123839057946
3.294691885295883
-3.1091918568736787
NaN
1.7821782178201773
2.637362637364248
-3.111111111106254
NaN
