158.46889952153205
155.89867310012085
157.86795881283956
155.8047016274852
152.32419547079922
150.68757539204077
154.3478260869562
151.3168971737822
147.6813317479185
153.14791403286918
160.50541516245497
155.69892473118236
152.70758122743615
154.41016333938282
152.14930764599762
148.76565295169888
146.7708959711379
156.45283018868008
159.42549371633717
154.53134328358132
160.1010739102968
164.9729729729714
159.23900118905917
163.03605313092797
173.06024096385778
167.72727272727514
164.34782608695696
164.62749848576584
162.3146473779373
157.8082191780833
139.72781709308458
125.69491525423581
123.71270718231827
139.3916349809859
134.81557377049197
174.8810214741714
171.37850467289647
175.65217391304344
188.1021897810234
191.0516717325212
196.64048338368502
186.2863795110594
172.1374490390216
168.23457544288445
171.6788321167879
170.07874015747993
170.68776628119102
176.16555082166767
175.95628415300467
173.5018050541496
174.61866992068374
178.35866261398175
176.18874773139947
176.59963436928263
181.97080291970727
181.4190418435447
178.3783783783784
179.12087912087992
183.28068043742005
180.54380664652567
180.7678244972546
185.91240875912564
185.45454545454547
183.0398069963804
184.50274557657355
189.94535519125918
186.5138721351065
186.36585365853978
190.93560145808402
190.79345850999562
189.84204131226807
191.7224589166168
198.22922983626543
194.61214672278987
193.93053016453075
197.59562841530285
198.2829504232159
197.29927007299574
199.0279465370613
204.18886198547284
201.51351351351508
200.60901339829388
203.25045482109874
207.60869565217573
205.5582524271822
206.6504854368989
203.18501170960147
199.29739551786494
199.29354445798037
201.87120291616057
