14.824830977258372
15.245009074410147
10.006317119392717
20.922299431458818
33.46788990825448
32.506142506140236
32.46625766871326
31.713244228432494
32.66707541385485
21.020282728949127
10.405904059042179
11.774682010901664
6.404907975459319
9.06633906633991
10.848708487088068
11.113801452785248
5.724770642202636
4.196319018404105
7.970479704797835
9.370460048424626
4.545454545454556
13.863080684598948
17.02702702702852
6.420664206641319
8.290909090911471
3.527250459278182
2.2126613398893817
6.642066420664192
7.636363636363637
2.864137086905716
1.522658610273486
16.253813300796217
16.81093394077239
NaN
19.73333333333398
-67.82296650717672
-69.4002447980418
-69.79141104294558
-70.1845018450199
-68.81067961165081
-69.0018371096129
-70.76923076923191
-84.29577464788673
-83.46863468634831
-82.24137931034579
-81.18299445471064
-84.59016393442744
-81.32596685082729
-80.19692307692065
-79.40850277264514
-80.34334763948488
-76.9230769230764
-76.33681622618366
-75.59113300493027
-75.19408502773001
-74.36208991494595
-73.59116022099221
-73.28413284132586
-72.754158964885
-73.76146788990826
-71.55963302752292
-71.4689612784262
-71.15763546797643
-70.35758323058081
-68.23815309842263
-68.99262899262288
-68.89846153845832
-68.3179297597095
-65.69343065693516
-77.20588235294082
-87.62138905962337
-85.39741219963071
-84.67980295566588
-86.76810712112507
-84.02948402948442
-83.0769230769231
-82.29205175600453
-85.84951456310557
-82.15950920244757
-80.36900369003422
-78.91625615763331
-78.99200983405166
-75.73170731707319
-86.46191646191363
263.7931034482735
266.1737523105372
263.16939890710586
262.60122699386824
265.9040590405896
267.28280961182514
266.1444308445552
