143.38045482483153
141.23425692695238
142.1999999999996
142.43478260869526
142.67076923077124
145.40642722117218
144.89999999999918
144.850746268659
144.3103448275857
148.71536523929208
147.82500000000164
147.18108276291323
146.1737523105359
149.79258328095668
149.0431519699791
148.52520224019682
147.24244293645867
150.31974921630177
150.48811013767352
150.18679950186765
148.98085237801146
150.9170305676838
153.4796238244514
152.52336448598132
151.16883116882968
150.38817005545192
155.28967254407954
154.3820224719087
153.42431761786693
151.66051660516572
155.71248423707252
184.28309945088625
198.34951456310608
184.65334900117276
223.81732012063793
128.37735849056665
54.177803602559585
35.872641509433116
15.4010695187182
NaN
0.6687306501531769
12.258064516126712
12.02863961813918
3.037974683543521
6.9314079422398125
7.173913043476742
0.2245789145360619
-7.560222359480349
-5.1879699248144675
NaN
0.6728971962641302
-6.884639111660249
-5.3999999999991815
NaN
0.44859813084275346
-5.7849196538904835
-7.365158090512978
-1.1306532663316489
-1.3474734872082195
-5.353159851304326
-10.614250614249045
-4.3073047858893005
NaN
0.4472049689375917
-9.735709895508535
-4.307304785897429
NaN
2.0149253731375953
-7.975384615381415
-4.296482412055354
NaN
1.5691158156927678
-7.546239210846068
-5.406758448063272
NaN
0.2241594022464839
-7.115503397160467
-7.611940298502589
-1.5799373040686646
-2.917705735659183
-6.683168316831768
-11.505838967426257
-5.207547169809686
-3.822610868208926
-7.597765363131828
-12.612169637370926
-7.018867924533254
-1.125
-5.373134328361516
-10.633846153844559
-7.222570532917018
-0.9000000000032742
