189.2279184681904
190.01236093943143
186.66666666666703
182.44444444444323
186.6749072929543
188.24257425742533
184.81166464155487
180.66666666666504
180.66831683168357
184.4609665427489
181.97320341047623
178.11227637261072
176.88118811881068
182.4535315985118
182.44444444444525
180.22085889570633
178.21782178217782
184.3467492260078
185.691258524491
183.51648351648228
180.55658627087402
186.34508348794142
187.92312461252573
185.5873402312846
182.00247218788547
185.45454545454706
187.92312461252166
185.6934306569371
182.00000000000324
182.0049504950507
185.10480887792684
179.68731905037524
171.12913287585823
191.50295857988087
183.14606741573158
185.46130030959915
187.47675139491503
189.70861748295187
190.79777365491728
188.47706422018427
185.21900061690192
192.22222222222223
193.00802964792965
190.06075334143256
186.66666666666666
192.76989512646526
193.4527486102515
190.16393442623078
186.77359654534277
192.54780999383215
193.1111111111103
189.61165048543614
186.10734114744187
191.9999999999992
192.56331068560343
189.28961748633895
185.55555555555554
191.7923362175507
192.35621521335668
189.07103825136528
185.0030883261272
191.46567717996203
192.5944272445772
189.40461725394746
185.44780728845123
191.02040816326712
192.5944272445853
190.3045066991529
186.7735965453447
190.0123609394274
192.14860681114715
191.97044334975305
189.72972972973278
189.4619666048239
193.14356435643467
193.81188118812057
191.5455100794175
189.2393320964741
194.01730531520644
195.04643962848297
192.37979306147218
189.6846011131733
194.52865064695257
195.9380804953593
193.67781155015197
190.6798516687293
195.8790869833426
197.03153988868186
194.21628189550438
191.22915379863943
196.20221948211952
197.13226205191725
