-3.054545454544666
NaN
3.2238805970149254
NaN
5.2490886998796755
7.746563060371408
NaN
10.266990291263657
10.974297668859169
3.7248934875243935
7.239488117000296
-8.211284513803946
-6.157605375689627
-3.0806845965802268
-6.943942133817131
NaN
0.6593406593390632
-11.32486388384524
-3.30275229357801
-8.417266187049506
NaN
2.407294832827544
6.788321167884023
5.236363636362842
2.419059254735059
6.666666666663552
NaN
9.623329283109754
10.765550239234402
3.167818981771676
19.418181818184994
5.908319185062363
-37.459978655282896
-73.08781869688346
241.13924050633096
223.3910034602065
213.54104254044384
213.18681318681413
222.46943765281205
219.45945945945945
217.84841075794571
217.41935483871094
221.39886578449887
232.02439024390003
215.52631578947197
214.06593406593183
220.82926829267973
217.08433734939445
214.9450549450543
218.8449848024316
215.82577132486563
213.93532641854918
212.8639618138412
208.08743169398974
206.2773722627735
204.82014388488827
201.17001828153903
207.71758977480152
193.99638336347343
193.17073170731706
194.15971394517368
179.5631067961189
179.67133292756833
181.40371925615193
179.78021978022298
180.43956043955805
185.42822677924818
183.52078239609284
181.73913043478495
183.9368165249073
182.74893097129294
178.60131500298942
184.3127364438831
188.6443768996897
184.95215311004637
189.62869729389544
192.30490018148745
193.9784946236558
179.01038485033038
180.43956043955805
182.05405405405563
181.43119266054566
182.42053789730733
187.3823884197821
173.72477064220504
175.60439560439568
181.089588377724
168.6744043982904
170.28502122498332
176.2818955042511
174.73170731707796
