169.60893854748687
170.59618930546918
167.8513931888549
168.10281517747936
170.98844672657134
177.14981729598009
178.15384615384784
186.00000000000162
183.22820037105913
185.59006211180125
184.33600988264322
187.2715972653843
174.6732429099885
181.00934579439007
181.21996303142168
186.3925233644868
174.00739827373454
175.41330018645078
175.12315270936
173.73913043478424
173.47264904732478
176.65169980756937
181.42595978062278
182.99615877080709
190.3397158739954
187.34239802224812
189.49720670390857
187.33333333333172
189.28527035425856
188.3179297597043
181.6822429906542
169.7788404064575
176.51612903225885
190.7711289327563
183.3513513513498
182.37969328397676
151.069418386491
141.24614435533425
129.48350964530366
126.72000000000162
126.20174346201551
130.56650246305367
117.01120797011345
105.49043800123357
99.36448598130679
99.59334565619187
101.09589041095948
88.89162561576455
75.09339975093383
79.26199261992441
77.06285003111358
78.28009828009695
74.82265090230212
67.36196319018404
52.83582089552284
58.05027590435207
54.59291485394931
58.27099938687492
54.55900621118338
58.676470588239845
55.41899441340669
60.88235294118101
45.36312849161787
46.102941176466594
44.441687344916204
42.599632127526945
40.173589584625105
39.31288343558121
28.344699318042668
16.56441717791411
16.972704714636873
16.795580110494246
14.9627791563291
15.036855036853495
11.843575419000757
12.83343577135666
9.385474860328777
11.2845728334325
6.708074534161491
8.850645359557427
4.2458100558610825
6.633906633906664
2.453531598517858
4.63519313304404
0.23121387283741576
16.214242239808495
NaN
15.565163681284604
2.448979591833484
4.919254658378586
5.558987029030341
4.92537313433001
6.432532347507734
3.8130841121430046
