142.01628052598556
142.24170319348673
142.4671258609891
142.6925485284915
142.91797119599389
143.3688165309958
143.81966186599809
143.81966186600056
144.04508453349882
144.27050720100286
144.2705072010012
144.49592986850524
144.58646616541404
144.94677520350837
144.94677520350592
145.17219787101075
145.48872180451096
145.84846587351137
146.0738885410162
146.39097744360788
146.9755792110192
147.4264245460264
147.7443609022553
147.87726988102875
148.19548872180582
148.5535378835301
148.55353788353182
148.8721804511275
149.00438321853488
149.3233082706739
149.68065122103965
154.31775700934824
162.88808664260014
181.13350125944584
235.02135448444224
241.74022698612808
179.91624011167954
111.61479741632573
90.8108108108108
76.29139072847428
82.29191797346158
70.75640262060766
55.518072289157416
42.939759036146945
29.330114665057202
16.284680337756406
16.529516994634765
11.920529801324477
-6.078799249532608
-8.105065666042094
-9.90619136960521
NaN
2.701688555348736
0.4497189256730904
-4.497189256714535
-6.529080675425348
-8.330206378988635
NaN
4.953095684804595
2.703379224031689
0.900562851785632
-3.150000000003274
-5.178236397747014
-6.97936210130996
-8.560700876093506
NaN
4.956195244056618
3.1559173450170532
1.5769712140191323
-1.5769712140191814
-3.1539424280383628
-5.174999999998363
-6.979362101318145
-8.560700876093506
-9.693174702573856
NaN
3.82978723404421
2.02880400751736
0.6758448060058734
-2.478097622024279
-3.8297872340360186
-5.406758448063272
-6.97936210131013
-8.555347091930741
-9.693174702573856
NaN
4.508453350031288
3.153942428030141
1.577958672512591
0.45056320399845173
-2.2528160200250227
-3.604505632036762
