189.98738965951995
190.24390243902482
189.17558212712441
193.6551724137935
189.3913043478277
188.85245901639465
191.27819548871972
189.8552548772801
192.76836158192015
190.54862842892922
189.74811083123265
195.5639097744373
191.07520198881255
191.57629255989787
192.27016885553434
190.98804279420898
194.7836990595636
191.07520198881255
190.5482041587893
195.5639097744373
193.2369578881194
195.13174404015018
194.03618215845296
192.6792452830197
197.36842105263113
192.59442724458123
191.92429022082018
193.84615384615512
192.34738829452448
195.23510971786834
192.77708592777043
191.30653266331652
203.4128878281595
188.57142857142819
200.04664723031917
180.77064220183567
175.8504672897188
177.1608832807571
178.64491844416685
178.1863979848883
183.51164254247786
181.46341463414348
181.8136020151117
188.4639498432602
178.48739495798358
172.86343612334676
190.69418386491765
181.62552679109166
175.698113207548
192.82500000000164
184.12048192771005
177.73584905660377
195.0938673341672
186.18444846292832
179.8864353312278
186.44877435574986
182.57622899813234
183.06624605677902
184.96863237139033
183.96475770925107
187.80641106222674
185.5021834061193
185.33081285444314
191.29234629861972
186.82411435674587
187.60883280757594
188.1101376720867
187.13656387665125
192.09039548022687
187.82608695652175
187.49054224464297
189.81818181817854
188.49590937697087
191.63841807909913
189.54460386774394
188.8413098236768
195.00940438871802
190.1675977653616
190.5615141955869
191.3696060037506
190.08181246066863
194.0025094102863
190.40397762585772
189.64083175802986
193.98496240601682
191.77358490566203
194.1242937853149
192.68870867124068
191.6677155443707
196.6917293233117
191.70278637770897
191.24290220820353
192.8410513141441
191.54716981131747
