157.8947368421051
154.71428571428532
156.73913043478194
156.39879154078668
152.7272727272729
157.64115432873146
165.0180940892649
160.95124851367507
161.1471321695748
169.3734939759044
168.02902055622928
164.4364937388194
165.75226586102482
166.07013301088148
162.8367103694874
165.09969788519953
165.29945553539227
160.59559261465114
162.82608695652058
162.4682395644298
157.83462224866273
160.1207000603509
159.10519951632125
155.29411764706026
156.98431845597239
156.08695652173893
152.08556149732598
156.63949843260107
163.95180722891646
158.8862559241713
152.74038461538575
165.8378378378394
149.80769230769454
115.47563805104281
107.56725815684135
188.88482632541172
211.58469945355174
228.60215053763724
226.09223300970723
227.26500909642337
241.5817855003001
251.56363636363875
255.33615990308925
252.56317689530655
250.6909090909083
255.05454545454467
252.2596153846128
250.47272727272568
257.0802919708027
253.6999402271372
251.56363636363875
257.6106731352312
253.80214541120336
251.19321623259012
251.5636363636427
249.64285714285714
255.88456712672945
257.7643504531722
262.7737226277349
259.6050269299843
257.82898726500366
263.88349514563066
260.1193317422426
258.10909090908933
264.97572815533937
260.78571428571587
258.8249545729842
265.9636363636316
262.2857142857096
269.77443609022475
-80.48338368580062
-77.78454047474168
-80.47818290496286
-73.57186173438703
-71.47540983606683
-75.13416815742363
-68.29090909090752
-65.97087378640964
-69.64285714285717
-63.01635372501096
-60.69132807762065
-64.10958904109845
-58.58439201452251
-56.325045482109545
-58.56459330143673
-52.889963724302675
-50.80557238037437
-49.30909090908773
-45.43269230769192
-44.046032707452014
