179.45088468578402
178.55466337245193
174.98181818181777
182.1741894469163
186.21454993834607
185.88377723970908
174.10747374922877
175.3275648949312
177.47714808043756
177.0018507094358
173.1231049120667
181.02857142856894
184.99075785582258
181.0909090909091
187.0812182741104
190.40590405904015
193.29297820823135
179.44410129709698
180.89108910891008
185.48112058465284
173.2012383900945
171.26213592233006
180.00000000000207
184.1035120147862
179.78181818181739
180.55384615384617
179.77750309023403
183.61094224923932
171.3118811881176
170.23765996343735
171.92727272727114
162.34498308906458
170.83636363636205
178.83243243243172
233.29006490264558
188.84210526315943
183.43384615384858
183.7777777777794
187.20873786407802
185.33333333333252
181.52542372881317
181.44177449168328
177.50150875075317
187.9802955665053
177.25352112676214
173.66275478690264
174.20792079207638
177.14285714285472
176.55342804200083
173.7629179331299
176.3446153846162
176.217552533993
173.64963503649514
175.00308451572903
174.55891425046102
179.44954128440367
178.6666666666699
175.08793208004855
176.4532019704425
176.21755253399104
180.7678244972546
179.6668723010536
176.07748184019928
177.34317343173677
177.11111111110463
181.09489051094494
179.88909426987627
176.29539951574088
177.7886977887018
177.55856966707688
181.86018237082544
180.66502463054024
176.84592145014946
178.0098280098288
177.561576354675
182.40875912408842
181.10837438423644
177.4984894259787
178.11923786109324
177.7805178791615
182.74223034735314
181.3316892725039
177.6029055690104
178.44827586206736
178.10994441012488
182.630937880635
181.22297714638503
177.7077016373576
179.3357933579352
178.22222222222385
180.0
179.4441012970929
