-11.30541871921065
-14.268292682926813
-5.763546798030347
-12.181268882176028
-11.548426896976821
-7.758620689655174
-10.342298288510108
-4.204056545789001
-10.254545454543063
-8.444444444442809
-6.859250153657797
-9.038579301899176
-2.44293645897676
-8.51941747572738
-4.885872917949428
-5.08287292817522
-7.270501835987659
-1.995073891624827
-8.514251061248444
-2.2194821208384496
-6.135118685330156
NaN
4.428044280442844
8.27586206896784
0.688336520074814
19.226519337018225
5.669291338583458
0.4441702652699678
6.998784933168922
1.9926199261984743
2.219482120838461
5.04672897196183
NaN
4.8604860486048445
216.03532875367955
183.38425381903718
187.29729729729573
185.5350553505515
189.53134510042688
186.54343807763357
185.19128899352523
177.1111111111087
183.82513661202387
176.3786982248544
180.64133016626923
176.1029842012846
171.66151945645257
170.91133004926226
175.599022004892
173.90018484288353
170.205562273277
171.55555555555313
170.7948243992614
175.49175320708375
173.79310344827738
170.205562273277
171.22763726094834
170.03690036900784
175.48623853211168
173.90769230769232
170.09074410163097
171.0055521283174
168.89431887599832
173.93010423052948
172.5784615384567
169.52727272726636
170.1293900184786
165.68674698794706
168.36923076923077
167.60147601476325
165.42909312233792
166.17086662569554
161.6636528028919
164.26108374384134
162.5167990226048
160.9541284403718
161.76795580110513
158.42615012106626
160.86047940995343
156.41826923077417
157.85977859778578
158.23204419889845
156.41681901279688
158.966789667901
155.65217391304168
159.92606284658598
157.86795881284178
155.67567567567156
158.59519408502842
157.47266099635272
161.67797655768027
158.9384800965041
