176.43564356435564
171.88387893761458
169.33333333333292
181.58092848180638
196.0552763819103
189.1084337349374
184.85875706214608
188.44277673546173
185.42168674698794
183.26862867877432
187.73831775701098
179.56730769230808
170.33707865168708
182.12290502793255
172.01438848920702
163.31051649035314
174.308741475509
170.0
166.56384947563194
178.6466165413505
180.33898305084665
183.60000000000082
191.72496984318383
187.66917293233203
190.878504672898
187.47742323901224
179.23958961979403
175.70890840652322
174.1645885286795
166.58653846153882
171.46067415730505
166.75044883303298
164.37093916125139
158.09414466130818
235.70388349514587
253.9903846153844
267.3446327683622
-72.9515418502221
-56.16541353383775
-41.3225202744847
-38.9657245941072
-50.96385542168673
-38.02499999999918
-37.689530685919635
-38.02051901025936
-51.80012040939158
-39.39962476547805
-40.21621621621699
-43.76047904191853
-30.113207547172294
-31.89020586400676
-31.605532170772676
-31.105740181267322
-44.511459589867
-30.960451977402556
-17.3358348968124
-29.945750452077732
-16.240601503761184
-3.8154613466350042
-17.967528562836776
-4.946908182379502
-8.273291925459318
-9.502099580079232
-11.873055382699022
-1.5613382899644535
-6.666666666666686
-10.666666666673109
-10.515848353016054
NaN
5.63556668753911
7.16958358479018
NaN
14.148471615718954
14.972875226035244
5.211097708085095
NaN
1.797752808995296
-15.58628983763657
-15.75
-4.4803982576228805
NaN
4.666666666663433
-5.114268066706302
NaN
7.909604519774048
8.780487804881245
10.205066344995593
11.95488721804358
13.707865168544169
14.954846478028243
5.849999999996726
10.522388059695025
11.46634615384473
