191.5083798882684
195.1698113207543
191.62732919254617
195.41561712846283
191.9553072625686
195.39622641509268
192.1939092604098
195.8490566037736
192.17877094972025
195.74575204531115
192.5217391304356
195.603015075376
192.4176507147301
195.8490566037736
192.5217391304356
195.60301507537824
192.4176507147279
195.72595851665798
192.29813664596273
195.62264150943724
192.5217391304356
195.37688442211294
192.1939092604098
195.4996857322426
192.29813664596273
195.1507537688417
192.0895522388052
195.02824858756986
192.0895522388071
195.1507537688439
185.8483754512651
176.07602012297409
184.38526912181229
203.37522441651583
193.84615384615384
183.25639426076273
181.69918187539332
184.41231929604191
182.48120300752166
186.58259773013992
184.8465873512828
188.04279421019552
185.39325842696755
178.0691299165662
170.01261034047798
183.1111111111103
191.40615570307594
176.74306393244677
171.54511742892214
169.3046776232601
172.1062384187766
169.07711757269232
171.7676143386902
168.9703095388494
171.42857142857258
168.51547694251607
171.089108910891
168.18181818181662
170.64356435643393
167.6058117498445
170.3153988868267
167.15097915350677
169.64749536178192
166.5909090909059
169.1888544891592
166.13636363636263
168.86138613860996
166.03154574132162
168.41584158415668
165.45454545454228
168.19306930693222
165.35015772870497
167.85139318885285
165.01891551072197
167.62848297213785
164.89589905363272
167.3019801980224
164.89589905362445
167.4055727554147
164.56494325346935
167.1826625386997
164.79192938209601
167.0631970260197
164.56494325346557
167.1826625386997
164.56494325346935
167.06319702602406
164.91493383742554
167.06319702602406
164.79192938209152
167.06319702602406
164.91493383743
167.16676999379627
