169.75786924939604
175.9949141767334
184.3956043956054
188.37209302325624
193.57664233576804
174.34782608695772
170.17396520696022
176.31713554987337
187.8928136419009
192.3647416413366
172.7129909365551
169.50090198436476
176.7733674775937
188.55054811205972
193.2401215805495
174.782608695651
171.12980769230884
178.50096092248432
189.3122337188071
193.22404371584932
173.373566686781
169.72972972972974
176.77336747759156
188.75912408759325
192.88834951456423
172.82608695652135
169.31013797240584
175.8567774936057
187.67356881851398
193.24012158054552
167.95811518324794
158.9037900874651
151.5568513119549
146.5450399087795
165.65992865636386
219.78021978022076
243.03249097472977
249.0363752393088
261.6120906801011
262.35081374321857
260.33775633292873
-83.71556694426562
-64.62705436156654
-65.45454545454544
-70.21739130435003
-75.55021046301817
-61.57591287636285
-56.345919610232784
-52.52279635258361
-53.728096676738744
-60.144230769233275
-45.89365791159838
-43.3576642335791
-41.967213114751985
-40.000000000002615
-40.0
-24.907110826391886
-24.71445929525987
-25.35519125682731
-26.739130434788592
-28.307322929168777
-6.22677770659169
-22.541033434648853
-23.592233009714676
-25.232628398796294
-27.659063625448823
-5.996156310054346
-9.185905224788826
-12.45901639344413
-16.096676737163307
0.0
NaN
3.520782396092776
9.617486338793213
-12.36889692586044
NaN
3.9608801956053736
8.33130328867072
13.090909090909092
-9.753160746538299
-7.486238532113305
-1.7668711656425558
NaN
3.9392097264421766
-16.749244712992493
NaN
0.2196461256911866
3.953630262353549
9.393203883501338
-12.376357056696463
-14.764776839564206
-8.19692307692469
