173.45454545454547
182.15229704216446
186.49038461538558
190.48543689320329
175.25179856115145
174.86961795027406
184.52830188679246
188.4273709483805
173.2199270959915
173.88193202146616
177.1680302076757
188.28087167070262
172.98140371925618
178.1863979848883
187.2870090634449
185.31005418422598
171.12598904443058
181.93303853442913
174.0397350993358
179.88657844990507
187.4002418379677
177.85848465873553
175.91939546599457
185.77132486388308
184.23146473779346
175.44879898862203
174.7699757869237
178.8778054862843
190.8816120906785
186.4559270516733
167.4516695957806
168.37617554858605
181.91943127962008
182.0557332115136
145.4025974025991
121.86131386861393
164.08899579073878
182.49547920434117
181.72661870503634
182.7388922702374
182.158273381293
180.4390243902415
180.8633093525172
178.57404021937722
183.61533779671254
181.85117967332005
184.59295261239453
181.83783783783863
180.000000000002
184.1656516443374
182.6086956521735
187.88321167883493
172.99820466786554
177.2795969773304
188.39491217443663
173.19736052789523
178.30081812460668
187.40024183796785
185.7504520795691
171.02189781021806
170.6463878327031
182.80024891101436
179.2050473186153
183.40479192938616
174.9492537313386
165.69987389659673
179.43289224953153
194.85822306238427
184.32692307692707
175.11054958938402
193.6191677175285
182.68977884041038
172.83638660770768
193.04347826087363
183.6823104693117
174.23004399748746
190.78864353312304
185.36170212766118
176.40897755611303
174.20088439671258
174.6557169930503
178.97791798107917
184.43776307877164
175.5653821857175
181.59090909090662
173.22175732217272
177.38801261829323
178.7492103600733
182.04804045511926
174.26337943475724
179.31904161412524
195.5387523629497
