121.88633615477657
121.45631067961232
124.00972053462873
125.33171028606223
126.14259597806188
126.58135283363934
126.64637857577499
124.0336134453771
118.84127942064077
115.63636363636364
118.10449574726714
120.7303712720633
122.55785627283802
123.65408038977122
124.09257003654105
122.37837837837523
117.46682750301304
114.18886198547087
113.44262295081963
117.30091185410414
119.70767356881878
121.46163215590744
122.55785627284065
121.22448979591888
116.74502712477263
113.68421052631787
113.08671922377337
117.08206686930092
119.99999999999868
121.82592818015958
119.59183673469487
103.29297820823516
98.8688046647238
88.6797066014652
171.06537530266456
134.3698696282006
77.60984182776998
66.85121107266224
52.331920048455366
51.71028606208258
52.08791208791334
53.03178484107306
59.853300733497804
64.30133657351061
65.47432024169264
64.4808743169396
64.6772228989042
65.454545454548
67.47252747252863
74.59657701711394
80.09779951100235
84.27872860635918
87.79951100244399
89.7820823244564
88.53172205438224
87.2131147540932
92.90322580644724
97.46341463414154
101.09890109890155
104.01954795357155
106.72371638141904
108.85766646304167
110.76923076923445
116.17098133654746
101.82919442761417
86.3912515188343
92.30207064555857
95.92682926829428
98.68131868132232
100.87912087912228
102.48014660965042
103.9560439560485
104.10163339382828
105.43478260869658
107.6288659793789
109.27007299269741
110.71863580998733
111.95121951219512
113.1868131868137
114.43563148261512
115.60439560439292
121.60097028502175
108.6506024096354
92.07272727272886
96.67071688943136
99.09866017052491
101.13345521023537
102.29268292683406
103.45332519829552
104.26829268292683
103.9130434782602
