-18.18414322250561
-21.930036188177326
-9.224855861627134
-13.929866989116533
-8.64000000000317
-11.428571428573093
-8.861538461538487
-10.159509202454785
-13.737129012721937
-7.980295566503287
-10.543014032945337
-7.97047970479781
-9.049662783569147
-12.646880678379091
-8.413284132839806
-11.8608907870684
-10.393120393122047
-12.57352941176623
-17.21549636803809
-12.390903503381196
-16.02439024390486
-14.338235294117737
-16.533986527862737
-21.330108827084302
-19.7320341047502
258.4183434721579
217.1295758280088
199.05882352941177
184.87632508834156
174.1867293012351
167.32394366197178
172.37647058823453
187.564894932016
185.1241671714121
227.29411764706074
203.7579250720476
199.1671624033309
194.73230769230688
191.67980594299857
189.74169741697537
186.69816893089302
190.30088495574913
173.5373749264269
167.42115027829183
185.1997541487408
180.8748481166476
180.0
178.13072693952472
177.2205064854849
181.98773006134888
179.88923076922836
181.8830769230737
178.46715328467192
177.66522544780688
178.0171358629099
176.66666666666666
180.66339066338503
176.50485436893123
175.8863495985128
173.84615384615142
173.21803582458057
178.01226993865512
174.6120952962761
176.22688039457705
173.20341047502967
172.7733168622646
172.72058823529977
171.46025878003613
175.5719557195613
171.80327868852066
171.5555555555491
169.65770171148975
169.11111111110787
173.81595092024702
169.7330097087402
170.1172115977817
167.91208791208385
167.4521900061657
167.631901840494
164.57142857143018
166.68310727497328
164.1951219512179
164.565083281923
163.23529411764633
162.53071253071326
166.93726937269471
163.69604863221724
164.44444444444446
163.13533374158064
163.3538840937075
166.0687960687936
