2.4827586206884233
1.8193303853446945
6.10936517913223
11.03189493433515
12.513966480447712
6.472411655299899
1.3653603034142223
4.981132075469227
9.248120300748681
14.113254511514516
8.682745825602119
2.728995578013955
5.214105793449256
9.039548022598808
13.92389270118289
12.928792569661876
6.533166458071727
5.451104100945546
8.819095477386172
13.058161350846765
17.430167597767763
11.562693020384597
5.457991156036121
8.156073001888823
11.962382445139424
16.587795765877104
18.03339517625325
11.045710707579936
10.20793950850657
12.655367231635188
15.718617343846377
27.708703374778036
45.23364485981436
1.8324197337525199
190.01236093943336
192.4473842453398
193.11258278145732
195.2983725135628
194.85000000000082
203.08248043347496
204.62929475587592
195.4721549636811
198.95883777239683
201.1124546553823
198.6983729662062
206.55027092112982
208.13518406759184
199.85533453887788
209.162011173183
202.7289048473971
184.85902819436112
173.51552795031137
169.41176470588235
170.4303797468399
176.94147262429533
180.56426332288402
176.18929016189122
171.64086687306502
171.12515802781377
176.48393194706748
182.37288135593468
178.42696629213728
173.97769516728468
172.18376337319305
176.02523659305993
182.14959145191455
179.54999999999836
175.20148791072614
170.9384711000596
172.37191650853816
178.415094339621
178.76017532873894
174.40298507462276
169.7524752475279
169.53223767382983
175.46599496222072
180.67754077791554
176.6334164588569
172.3095975232263
170.5978602894953
174.66918714555686
180.9045226130645
178.0886945658914
173.86236825790857
169.3986360818391
170.33480732785867
176.83018867924199
178.42105263157728
174.40298507463092
169.5426452410407
168.54442344045952
173.76966645689117
