177.85714285714286
185.63909774436195
193.8792588164979
196.53937947493992
179.0351399642619
186.6499686912958
194.64114832535722
197.39856801909187
179.89279332936232
180.98003629764224
184.3321299638989
187.98561151079298
171.61290322580916
170.0416418798362
177.51568381430488
187.63897190675468
170.43582089552083
178.19322459222042
187.23455308938287
190.4488330341122
173.4525939177118
181.35508155583315
190.2456560814879
193.34928229665223
175.60452650387094
183.16185696361478
191.52603231598118
175.25748502994247
173.0481283422441
179.77415307402472
199.81362842166544
198.99708454810724
196.4924114671155
151.30188679245035
182.80373831775702
191.17540687160667
193.7132573485292
195.857142857146
179.03052064631996
181.08827085852678
183.89891696751138
187.13085234093674
191.209580838321
174.7343283582074
173.14285714285558
180.45112781954847
189.790794979078
172.90322580645122
171.01070154577732
178.08150470219354
187.53588516746612
169.8924731182781
177.9596977329983
187.666466706661
190.24565608148998
172.4910607866509
180.0
190.04199160168298
172.99820466786755
180.90566037735354
189.29171668667317
192.30215827338685
174.8448687350844
182.82840980515402
191.42514970059725
194.32675044883206
176.781883194275
184.4067796610145
193.03411131059102
176.33532934132364
174.53896490184187
181.4689265536715
190.8667065152445
173.97129186602638
172.2857142857174
179.77415307402268
189.47368421052963
171.82795698924895
179.54830614805357
188.3143371325705
191.31059245960878
173.88193202146616
181.58092848180434
190.24565608148583
193.01852958756965
175.49463647198965
183.1618569636168
191.95691202872385
194.6236559139768
176.89100655152106
