-8.32116788321207
-3.069427527404798
NaN
1.3138686131374941
4.382227632379813
6.792452830189431
8.550548112057724
10.08526187576202
11.174680462569318
12.058465286236244
12.708460133899862
12.708460133903706
12.919708029196313
13.13868613138689
13.349544072949124
13.106796116504768
11.942098914354697
9.064748201440459
4.118001204097064
0.6521739130458494
-4.137931034481994
-5.887341005448832
-6.986052152817535
-8.300970873788742
-9.180327868850156
-9.842041312272158
-10.710382513660363
-11.161094224924796
-11.16788321167968
-10.50455927051513
NaN
10.030284675950883
15.794542536116849
-37.12019524099992
NaN
45.27339003644952
52.832019405698155
53.3333333333344
63.77142857142774
77.89340101522907
87.9756838905791
86.26829268292524
85.13069908814511
82.62650602409717
81.98473282442544
92.83980582524313
91.14754098360774
90.2179176755446
88.75824835033033
88.15884476534117
87.77308388654473
87.71463119709655
87.43791641429497
87.32565191024787
87.10733778046941
86.72330097087575
86.39125151883239
86.17253948966793
85.9538274605076
85.83941605838892
86.16321559074102
86.60170523751484
87.10030395136619
87.04738760631753
86.88145896656694
87.10030395136619
87.37226277372504
87.86366402921205
88.95922093730701
89.89037758830655
91.20584652862003
92.74056029232443
94.27527405603091
95.97078514912215
98.8794153471362
105.54744525547511
109.44174757281284
110.81927710843847
109.12364945978248
106.20108368452833
104.06759203379872
102.51511487303326
101.33171912832886
100.36363636363636
99.98787143723222
99.55124317768158
99.17475728155483
99.17475728154906
99.17475728154906
99.17475728155702
99.17475728155702
