174.09090909090824
188.1362229102159
184.53400503778235
178.3705491852736
173.2996845425851
188.84878655880274
177.29078868151714
175.11671924290303
175.35556954059325
189.8876404494395
178.38032393521297
173.97346809854787
186.01485148514809
183.8587641866326
176.3132530120466
171.81818181818304
187.95270690727898
184.18604651162877
182.6150121065391
175.6872635561148
189.8753117206995
177.7351707609343
173.7381404174594
172.19330855018788
184.53972257251152
175.87951807228995
171.92672141503635
188.39030453697941
184.76070528967338
183.26481257557634
161.64542294322098
174.55919395466074
192.1276595744696
204.41900400686956
184.67661691542182
173.3579335793338
179.45553539019963
173.7539432176656
189.60297766749213
179.01877649908985
172.13592233009834
164.9999999999983
177.38801261829735
191.70278637770897
180.3266787658814
172.66869300911773
165.56867619639564
177.50000000000122
192.01483312731693
181.53658536585525
175.73770491803518
161.51351351351508
169.3181818181822
178.77094972067
188.48522941546204
195.1624548736501
177.94594594594437
174.99999999999838
172.98701298701383
184.53400503777928
194.19626730884863
179.23217550274146
179.43573667711598
177.9596977329983
182.921348314601
180.56639395846034
179.89097516656335
165.288461538459
172.83638660770768
184.35213887166924
181.81588902900214
179.88840669559582
179.43289224953153
177.32342007434784
187.91457286432174
195.6332931242474
178.48557692307926
175.332068311193
173.30855018586945
175.56538218572578
173.73913043478424
186.33962264151603
177.18411552347123
173.2996845425851
188.9330024813936
184.64443045940675
182.61185006045716
175.7981072555238
190.52238805970725
177.73517076093628
174.4212523719148
173.9325842696654
