179.7812879708376
179.5631067961169
179.5631067961179
179.67292549969795
166.82395644282985
152.6725219573412
165.71062740076664
173.95235186316228
173.49663196570773
173.61077111382988
173.7170851194113
174.27172582619457
174.4987775061145
175.05192425167994
176.25916870415688
177.24770642201835
177.35941320293236
177.03477730323291
176.93057247259318
176.6037735849053
176.7153284671513
176.60790273555992
176.61202185792308
176.72330097087578
177.0527592480303
164.74576271186447
150.41405269761313
163.53166986564375
171.6483516483513
171.18727050183395
170.97799511002168
173.0979914790026
162.35694050991574
182.51671732522718
217.0957514267595
168.81537773804226
96.76731793960867
83.59788359788342
71.91203420892003
71.472205253513
71.07579462102913
70.85574572127284
70.67889908256961
70.63569682151653
70.63569682151653
70.72605247101667
70.2439024390244
70.1583434835571
70.24924012158134
69.07103825136662
66.80412371134115
63.88855239249164
61.670702179174896
59.41958887545199
57.208459214504515
55.0000000000056
53.01146650572828
51.05612552806366
49.31804465902369
47.79722389861174
46.27640313819978
45.40736270367641
31.93723596861222
11.297525648764356
6.956521739131925
2.17391304347828
-6.964933494560171
-11.318016928659517
-15.027223230485333
-18.294010889295066
-21.996370235939537
-13.76802507837482
NaN
2.1978021978022078
2.6422018348639873
4.186046511631075
6.16891064871329
8.592411260713044
11.229357798161933
13.863080684595099
16.483516483516556
18.924205378977657
22.01834862385321
13.194868662186868
-3.510054844603758
-5.261875761269891
-7.44525547444789
-10.060753341438442
-12.685297691371545
-15.300546448087346
-17.901758641602385
