178.43672456575825
178.77551020408123
179.00061690314558
179.88799004356005
177.73299748110833
178.42105263157728
178.4230287859829
178.65168539325964
178.76789047915534
178.99441340782164
179.1089108910879
179.44478716841456
180.0
178.074260541218
178.1954887218041
178.30932999373618
178.3135540287341
178.54205607476717
178.65838509316688
178.88613861385937
179.22174181593698
179.55555555555395
177.51256281406955
177.17868338557994
177.071339173965
177.18574108818214
177.53117206982665
177.8744561839636
178.32610043397395
178.88888888888889
178.89025893958078
188.8695652173913
183.99041342120913
171.4285714285711
149.7227356746772
163.5379061371834
168.75695732838543
165.9462835727691
166.43216080402016
169.76889444097594
181.90180236171614
191.4656771799642
182.82267792521148
172.6176115802179
179.66355140186997
190.36532507739858
182.28123114061398
172.51356238698048
178.76635514018446
189.13366336633538
180.86746987951727
176.52336448597887
187.91331269349683
185.4545454545451
183.782447466007
182.77606415792724
182.4444444444493
185.65326633166237
185.42032622333252
184.84052532832945
184.04494382022716
183.36239103362394
182.57302672467694
182.00743494423304
181.55747836835357
181.22146822948636
182.80373831775702
182.1522970421665
182.1415153412624
182.02753441802173
181.68434185901026
181.45612943372663
181.11662531016964
180.89108910890604
180.77729796422446
181.33828996283015
180.56710775046847
180.67669172932167
180.45056320401073
180.5621486570934
180.22415940223834
180.22360248447694
180.22277227722853
180.11117974058303
180.44444444444605
179.77329974811
179.43573667711598
179.4364433312502
179.4378513429066
179.55112219451615
179.55279503105427
179.55390334572328
179.666460778259
