177.1773220747895
182.25671641791084
180.76132930513475
180.43478260869625
176.05216360403006
177.51052315093284
177.17391304347788
177.60580411124664
174.44180522565435
181.57303370786678
187.06095353047672
187.2958257713257
189.28275044457692
181.90180236171415
187.15662650602252
185.9746529873285
181.0663507109024
181.51624548736424
180.54380664652567
180.98003629764025
181.17507418397471
180.21739130434665
180.43530834340953
180.87272727272648
185.57142857142935
178.08869456589346
184.3425814234017
183.5891238670687
182.88085358624855
171.31483715319658
175.1236749116623
172.33353329334292
106.12129760225703
8.484848484846331
5.905096660810712
13.051359516616314
14.791540785496906
15.355450236968442
9.141475211609725
16.925858951173865
4.267931238885623
-1.3051359516584853
NaN
1.0657193605683746
-5.866022933009106
NaN
0.4355716878418769
1.9320214669083033
NaN
1.085645355850415
3.841138114995508
NaN
6.502107164358877
12.57831325301047
1.2811387900402313
-5.6249999999969305
NaN
1.9600725952844846
3.41434499111312
-4.345202172601091
NaN
1.9648271679758549
3.4265318262985027
NaN
7.811934900539269
12.398791540779168
0.42654028435398444
-5.862484921593875
NaN
1.5272727272743147
2.568370986921879
NaN
6.718844069834352
11.093655589128614
11.090047393366529
3.910681955347284
2.8295042321628414
7.854545454542279
-7.709696609158186
-8.473144236575251
-2.173913043478308
-1.957703927487671
-6.236559139788028
-7.182587666269853
-1.3075060532656266
-2.1686746987952006
NaN
5.4184226369657305
4.999999999998352
8.285887341003937
