-12.247873633050574
-15.072815533979849
-17.257281553397263
-20.27861901877685
-24.174228675136874
-15.809284818067795
NaN
1.7593158216233353
2.645437844459639
4.847001223987815
7.054500918552432
9.694002447979637
12.542787286065144
15.1740989615141
17.82396088019636
21.13761467889588
12.102689486552675
-4.392922513727854
-6.138855054809653
-8.10712111990415
-10.510948905111889
-12.693009118543443
-15.300546448087516
-17.694174757282212
-20.521528198907674
-24.18886198547284
-15.583437892094594
NaN
1.7582417582441452
2.4235006119919036
4.400977995110015
15.337796713329343
19.376770538243626
NaN
38.123018389348346
32.82968261063883
263.4458259325058
253.5449735449753
253.34147831398948
257.2999389126468
260.5378973105161
263.39853300733597
265.9816513761452
268.2396088019546
269.999999999997
-88.51738865161946
-87.1463414634162
-86.16321559074197
-84.91185410334185
263.16939890710586
244.94845360824957
241.81708055723672
237.96610169491578
233.5429262394185
229.0513595166212
224.34782608695514
219.6499698249808
214.87024743512274
210.52504526252486
206.3971031985507
203.57272178636157
199.66203983101428
195.3168376584175
190.75437537719318
187.3913043478252
184.34782608695656
181.95888754533985
179.99999999999605
178.58439201451984
177.4954627949152
177.05989110707725
169.95611285266293
165.62300319488818
174.06593406593643
173.5045871559617
173.39045287637705
173.3904528763729
173.61077111382795
173.94495412844037
174.27872860636012
174.7252747252755
175.59902200489404
177.027522935775
177.03115455100715
176.38025594149588
176.05359317904757
175.8394160583949
175.4070473876056
175.18833535844308
175.08196721311876
175.08793208004855
