194.5107692307676
180.55452865064694
181.99261992620046
182.32044198895068
182.647058823531
183.0806845965742
183.83444917833233
185.6865127582005
188.22222222221978
188.2974800245872
189.03304773561882
191.07861060328918
191.9852034525269
192.17550274223072
200.22099447513938
185.91961023142267
187.87430683918512
192.9600000000008
192.33782129742843
200.858369098712
186.8852459016385
186.20689655172455
194.7141979102656
193.37393422655373
197.54751686082113
189.85846153845912
178.56705450091934
180.66502463054226
186.42066420664327
185.73529411764784
193.18681318681325
193.74701670644507
185.81303116147382
174.85125858123567
149.76000000000224
147.80748663101585
156.0731707317081
167.79661016949262
162.01090248334546
159.1926605504611
158.92090741876115
157.20430107526994
152.5535823637483
169.9570815450659
164.67625899280702
159.77900552486062
163.79562043795497
159.56284153005393
157.47239263803522
156.62477558348024
152.61349693251213
155.95667870036203
151.86813186813166
168.97058823529204
164.91862567812365
161.54696132597024
162.02166064981722
158.3119266054998
158.23204419889393
157.56773028296158
155.2334152334095
158.79154078549848
155.75868372943467
155.5801104972394
155.45945945945473
152.74064990803484
156.83383685801078
158.5175879397027
169.03553299492543
176.26373626373473
172.04118715929414
168.9298892988929
166.8187274909958
167.59013282732272
174.25766871165965
169.44976076555108
169.94923857868508
179.5582822085954
174.27714457108658
169.48985863552957
170.5839416058411
166.64233576642238
164.40073755377762
161.91387559808697
162.86802030456838
172.16431637032264
167.2509003601408
162.67320662170752
163.87409200968608
164.76489028213166
173.60406091370317
180.330275229353
