-11.389578163770523
-11.173184357541857
-9.838509316771422
-1.7899316345560123
NaN
3.132380360471536
6.931677018634354
9.16770186335485
10.963331261652412
12.298136645962733
13.192546583850119
13.85474860335355
13.86335403726464
13.837569745812878
12.770642201837266
7.037263286501263
0.6637984019652046
-6.654343807763382
-8.894379246448466
-10.470297029704568
-11.814241486070557
-12.713754646841778
-13.176178660052813
-13.407821229050398
-12.960893854746928
-8.725916718457881
-2.0136730888783063
NaN
2.462686567165005
5.820895522388835
8.507462686565574
10.614250614252956
13.50675337668837
NaN
87.96380090497551
153.0960854092539
160.53756872327358
176.7032967032967
177.02023298589944
177.44602097470576
177.65944272445577
177.4365325077367
170.96774193548424
177.32009925558353
187.40305522914215
173.11827956989285
168.1784386617096
182.33477455219108
175.26881720430146
169.49068322981205
183.57320099255463
182.7898326100454
182.23325062034945
182.11764705882516
182.2085889570552
183.61533779671254
182.7590435315797
182.43542435424035
182.7726432532388
183.11111111111435
183.22421247683914
183.56435643564845
184.45544554455844
185.23839009287602
186.13003095975233
186.46039603960725
186.46039603960307
186.57585139318238
186.46039603959915
186.7987616099055
193.12731767614264
193.99756986634168
190.885766646306
188.50828729282242
186.88039457460005
185.89252625077134
185.0092764378519
184.2379182156166
183.6825790452565
183.34987593051702
182.90683229813501
182.7932960893855
182.34636871508621
182.2360248447205
182.1229050279346
181.78881987577478
181.899441340787
181.7888198757829
181.67597765363533
181.4525139664837
181.56327543424072
182.1124150710331
184.59854014598625
