-33.73639661426853
-34.21307506053233
-34.451847365233505
-34.88794669897027
-34.93026076409956
-35.12727272727352
-35.16990291261834
-35.14857489387555
-35.16990291262232
-35.19125683060173
-35.19125683060213
-35.62841530054868
-36.28415300546152
-36.96233292831016
-37.42249240121663
-37.883211678830605
-38.51671732522476
-38.978102189783044
-39.392097264437666
-40.04863221884739
-40.48632218844983
-40.89914945321789
-41.55528554070463
-41.99270959902947
-42.21142162819183
-42.648845686512686
-42.84153005464589
-43.06010928961888
-43.06010928961541
-42.98181818181581
-40.91898428053406
-40.472175379426744
-45.02759043531887
-37.03971119133678
NaN
69.00958466453675
105.2644376899704
103.70280146163125
103.42057212416402
102.91970802919731
101.91980558930798
100.41412911083951
99.69567863663963
104.3246670894085
121.09489051095022
126.23091020158832
131.26829268292923
135.13711151736797
138.42778793418697
141.71846435100596
144.83516483516468
148.08043875685524
150.71297989030805
153.25213154689425
155.66382460414232
157.85627283800173
159.95130858186315
161.70419963481788
163.4570906877638
165.00911854102867
166.00243013365406
167.18198417528825
168.7912087912122
170.13398294762467
170.79171741778563
171.34510042605226
171.4598540146034
171.67883211678998
171.4702308626942
171.04368932038753
168.73646209386524
163.8902147971359
157.7964071856303
153.08108108108738
149.58508719182413
152.67957526545555
160.21621621621307
163.3996383363442
165.6521739130386
173.35003130870632
179.89163154726225
179.23958961979403
167.37605804111416
169.1041162227601
169.97578692493872
170.205562273277
176.71491504090866
183.04347826086874
169.75786924938916
171.0545454545407
171.70909090908455
172.0315342631905
