5.926829268292284
1.3027744270193204
NaN
11.83201460742463
14.845360824740713
-7.373493975902818
-0.8899876390597683
NaN
5.258673158854978
-16.03853100541761
-8.009888751545986
-7.495407225967654
-11.421598535694102
-15.633293124243778
NaN
2.851919561241542
1.0909090909090908
-8.265861027192727
0.0
NaN
0.43742405832479814
-10.397111913359709
NaN
7.88800973828446
7.622504537205032
0.6617647058807524
0.8877928483386142
6.38532110091663
9.370460048424523
2.2099447513812205
3.0490018148812537
15.520958083833904
25.447897623401108
42.175732217572374
-37.679180887371444
-43.12849162011406
-56.35922330096952
-58.71244635193199
-70.36263060848398
-79.14268218003627
-85.18248175182418
254.53887884267922
243.83527965580876
234.0221402214033
220.7941356139286
219.79406420351492
205.2173913043466
207.63959390862814
211.62310030394897
210.86956521739083
208.69883934025717
207.52157829839612
199.46243127672466
203.53510895884006
186.6828971393816
188.51874615857483
192.20525351252525
196.60194174757368
188.7672880336765
186.18404907975298
187.6829268292683
192.05846528624022
185.86956521739293
182.99445471349026
185.84200857317742
190.43319097010786
173.03506650543983
172.9238329238353
177.78325123152712
183.62416107382475
177.7132486388401
182.40611075747768
190.872483221478
194.8905109489077
176.4238410596035
176.56192236598648
181.65339865278227
184.17073170732027
176.6324683162318
175.35055350553824
180.55384615384617
185.71428571428655
168.5800604229607
175.29636711281242
186.47166361974573
183.82513661202583
176.96750902527157
176.00000000000162
181.87385180649193
180.76782449725854
175.98553345388703
