NaN
4.390243902439025
4.579043004240638
1.9780219780211872
5.621621621622408
NaN
14.031668696710623
14.495192307693914
9.0000000000008
13.626373626375134
-2.398546335555011
NaN
2.3841059602656838
-2.6325411334568116
NaN
0.21752265861106324
NaN
1.9684082624576134
-1.3602015113358448
NaN
3.282674772036474
2.4058323207784333
1.0989010989011039
4.120481927710054
NaN
4.829268292680531
-10.466384009693456
-5.048780487807278
-10.162162162163725
-1.797752808987127
NaN
18.69863013698697
-33.20960698689902
-47.300832342450065
-59.079102715464956
-76.09040928527838
269.0109890109894
255.80097087378834
242.269676632093
224.53943407585672
222.53349573690522
221.7391304347821
204.86914181375624
205.2439024390244
204.59492140266067
202.60975609756338
204.19529837251255
188.00731261425886
188.2367297132397
191.08695652174
188.89566809029728
187.99756542909236
188.96719319562456
187.7974374618634
188.8915662650571
173.74771480804702
174.39902379499858
178.25665859563927
176.81513117754963
173.62162162162792
173.42265529842058
172.7560975609772
170.74410163339775
170.44539353264514
167.45192307692477
175.67088607594604
181.75395858708734
178.05522208883636
177.47714808043554
176.70731707317074
178.03874092009767
164.1758241758265
162.67148014440835
163.99512789281133
163.75609756097242
161.5217391304346
162.7787934186466
161.13870381586582
158.0327868852436
158.39122486289148
155.83383503913416
164.36271401395356
170.9068776628089
167.85542168674226
167.82449725777113
166.65856622114524
167.54854368931902
166.6097560975562
163.65604329524712
164.65286236296808
163.67620206937963
