181.21996303142268
176.4089775561089
174.2517219787107
173.107344632768
180.45226130653225
184.0703517587923
185.886792452831
185.27760449157913
181.1124845488237
176.96439725171683
175.26315789473807
174.46327683615863
181.58291457286393
184.63859208045295
186.3396226415078
183.55117139334234
178.32193909260207
175.27499999999918
173.79310344827587
174.57286432160677
181.13065326633165
183.6226415094348
185.2075471698097
181.66153846153847
176.63760896637405
174.14267834793407
172.77289836888372
177.96482412060385
182.48743718593045
184.75471698112878
170.05753739930725
158.4530386740351
117.61142362613569
133.40811044003436
158.8172678888236
170.82938388625558
168.5474189675885
180.33771106941757
175.79892280071653
178.77853177051162
184.33734939759037
175.99518941671798
179.22461538461457
183.03614457831247
177.0705244122938
175.30249110320324
178.20448877805444
190.49909801563524
178.8093806374019
177.8596908442311
182.0199501246895
182.16346153846152
178.87076537013596
180.22471910112236
177.23076923076923
173.49937733499468
187.19999999999345
192.0450281425901
193.29161451814693
193.42946708464115
192.25484072454455
187.2
182.02247191011153
179.88728866625087
182.03262233375483
187.22710163111827
188.92655367231396
189.72361809044645
185.86355255071015
180.11200995644302
177.18574108818015
175.70890840652524
182.14689265536884
186.1055276381927
187.68844221105442
188.13048933500292
184.0984615384583
178.98939488459385
176.73137132122977
175.5932203389855
182.93969849246477
186.10552763818845
187.58013827780948
186.2686567164204
181.7821782178242
177.63897564022648
175.8244514106616
175.5932203389855
182.7135678391935
185.3174104336945
186.79245283018867
183.54679802956144
