175.04380475594434
171.72286940527383
173.95522388059845
174.05607476635498
174.26608369769053
174.48405253283144
174.5932415519407
171.16564417177915
173.3996270975765
173.6074766355132
173.81636477201954
173.70000000000164
173.91739674593484
170.50306748466417
172.72840273461784
173.0423940149597
173.36664584634644
173.25
173.24155193992488
169.84049079754521
172.05717837165898
172.5935162094759
172.91692692067747
173.02499999999918
173.13320825515905
169.72375690607825
172.05717837165898
172.26168224298902
172.46720799500028
172.57499999999754
158.1192660550432
169.52847519902016
247.62616822429825
190.66666666666606
132.78325123152658
124.66507177033752
111.00179964007071
99.12087912087637
92.565055762082
86.48648648648648
77.7633902295485
61.38145612943671
60.41019266625247
57.79915814792663
63.97137745974841
51.172069825438975
50.78031212484983
50.63829787234253
39.602237414540845
39.72721636701653
36.95078031212555
23.005917159765637
4.48039825762288
3.36658354114714
9.213483146064103
10.343535290440295
10.57527539779512
3.3519553072626
1.1221945137157006
0.6741573033691484
6.524999999995089
7.875
8.16176470587608
1.5661901802377853
-0.8983156581360845
NaN
4.949999999993452
6.533166458067703
7.283874923358361
0.8955223880629635
-1.7955112219435136
NaN
4.277673545969466
5.85732165206183
6.846625766875986
0.44776119403148174
-2.244389027431396
NaN
3.82739212007665
5.632040050062604
6.4009809932587975
-1.7921593030475833
-2.468827930171301
NaN
3.82739212007665
5.406758448063378
6.4049079754633365
-1.791044776117758
-2.6932668329193348
NaN
3.6022514071343377
5.181476846055957
