169.54128440366972
168.55361596010096
166.8669527897
164.60966542751007
168.07430340557397
162.76363636363715
160.82242990654368
160.29520295202835
158.32923832923984
160.34739454094463
157.8021978021969
156.90018598884205
161.77777777777615
155.4003612281731
153.30037082818282
128.23747680890395
168.0558789289856
171.68907071887824
180.00000000000196
179.7831325301197
182.6865671641791
164.5411764705898
169.98123827392158
184.6437346437334
184.74516695958016
176.06986899563526
191.16022099447557
178.10082063305865
170.44347282947956
186.52735095267326
165.6726457399114
142.27790432802092
169.372280919828
224.4584527220653
191.75257731958723
179.78339350180426
171.83770883054856
163.77682403433383
178.99316345556085
199.26199261992798
186.71403197157997
175.25748502993855
188.3487940630778
180.10720667063768
166.00706713781042
174.9532710280374
191.42329020332642
179.1499409681255
176.29444791016724
194.306839186693
182.0176991150458
179.21397379912787
180.33312769895045
180.33519553072543
198.17733990147565
188.87700534759284
176.87237866986064
180.1117318435738
176.79164105716285
178.76789047915128
183.00556586270952
181.6759776536313
187.36059479553734
184.20147420147342
184.36838830117986
192.13358070500678
188.81587104773473
192.16367017978683
185.14285714286027
178.76635514018855
187.2625698324023
182.53832004904882
183.70555208983077
186.90594059406433
185.9365276913495
192.16367017979496
187.7205882352981
188.0798004987498
192.13358070500678
190.5223880596991
195.3903345724901
192.13235294118044
191.77570093457945
199.55555555555395
196.77018633540374
199.703153988869
198.65113427345364
197.23880597015057
203.52651048088498
200.74349442379003
202.15213358070247
