173.93753827311596
172.20256253813258
173.43228200370996
178.44059405940635
184.6724351050678
191.98520345252905
200.12285012284877
188.3179297597043
173.57142857143137
173.2761788120021
171.4390243902447
172.55095738110063
177.2170686456401
183.67346938775634
190.97966728280915
181.55747836835357
167.67427513880284
168.05896805896882
167.3394495412844
166.08642726719543
175.247907276237
187.32429099876532
193.64140480591422
201.20245398773088
189.6487985212578
174.90147783251396
174.37844458052422
172.3170731707317
180.69498069498113
191.31935881627695
196.96857670979594
215.01487209993925
199.4186696478491
204.11531938948823
149.86745213549477
158.39999999999918
180.76782449725658
199.16307692307612
202.20994475138167
204.83139178417943
202.2327790973884
195.62425683709708
196.20221948212136
202.45851259987617
201.92513368983967
197.35714285714363
199.80331899201136
206.15384615384548
205.07674144037824
178.71428571428882
172.91512915129192
172.38503985285143
171.63814180929057
170.3532277710097
172.09647495361543
178.10760667903446
184.66666666666345
191.76325524043818
198.6740331491691
204.7403787416044
189.50859950860198
187.83568362967736
185.06112469437497
182.08918753817719
183.24425108762966
188.12615955473012
193.11111111111435
199.16307692308015
204.8655256723737
193.06273062730156
177.67384615384776
176.6952264381885
174.61866992068568
175.87104773713494
181.11386138614264
187.23562152133172
194.5286506469445
201.86503067484182
189.41538461538462
174.67980295566576
174.15799142681868
172.3170731707317
173.64705882352456
178.77551020408322
185.23191094619744
192.53234750462033
200.5651105651086
188.53974121996387
174.0147783251255
173.39045287637705
171.65853658536744
180.0
