169.6829268292687
174.5121951219512
172.91338582677167
171.42857142857218
171.24324324324482
174.41418619379192
185.261875761268
182.59615384615347
179.5609756097585
183.07692307692426
181.4173228346429
180.98961514966362
180.32510535821913
177.25776965264885
182.0891875381792
166.83987915408014
165.29268292683167
169.28311057108422
173.42569269521292
177.6993304929982
179.01519756838746
176.93803159173635
180.87912087912008
165.90361445783134
163.7758830694284
168.8048780487797
167.24409448818622
165.29268292682767
165.6216216216185
165.84269662921298
200.52631578947242
192.73972602739497
205.54585152838266
209.75029726515962
194.66351829988312
194.6243127672563
196.04395604395452
195.50970873786494
199.65832824893369
197.6640577965075
201.92448233861134
200.65217391304145
201.80158247109117
203.0487804878049
201.54776299879205
204.14634146341464
187.70343580469998
186.03290676416825
189.55460646735887
187.608695652174
188.01708358755252
188.8740109555675
187.4362089914957
191.3117754728505
175.22891566264903
173.30895795246954
177.47406955461128
175.85956416464973
174.17937766931126
173.40540540540698
169.69549330085505
174.5121951219512
172.7041742286743
170.66503965832834
170.69711538461704
173.62025316455032
180.65773447015675
178.27130852340701
174.62522851919397
178.90243902439025
177.16707021791532
175.60439560439957
175.45126353790536
172.32643118148204
176.92682926828948
161.7391304347793
160.14625228518983
164.19139915202894
161.9672131147502
160.36563071297812
160.60204695966547
164.13443246670698
171.56421180767222
169.5903614457768
166.50822669103874
169.93924665856932
167.76699029126553
166.1707317073107
165.60432952495563
162.24116930572401
166.52465003043287
