167.20588235294176
168.60479409956955
168.6945812807884
169.00678593460762
168.78470080197667
165.68306010929126
162.37454100367393
164.96314496314466
165.48923076922836
165.57336621454783
165.57336621455
162.30582524271756
158.50581751377646
162.20994475138076
162.7306273062727
162.80961182994446
162.60923076922995
159.56284153005393
155.76499388004692
159.77900552486062
160.5166051660513
160.81330868761626
159.95104039167802
156.44552647596078
154.0024479804157
158.01104972375725
158.6478180700685
159.16256157635343
156.58802177858428
152.02925045704046
147.5513799177935
138.64462809917282
165.03562945367975
166.6705539358593
133.90882638215206
147.76442307692415
164.6220036877692
175.68531038721414
187.9684657368114
179.57142857142702
179.67876264128378
182.98578199052056
182.25402504472115
180.31708749265925
186.1992619926203
190.4875148632572
175.3246753246757
165.57798165137373
169.04732636754795
169.9200000000016
170.2342786683116
170.7834669956805
170.4562268803941
167.6352583586634
169.72375690607421
170.3749231714805
170.7948243992614
171.1220715166421
170.90012330456534
167.97083839611594
169.51563458001218
170.27027027027103
170.58461538461538
170.6781750924809
170.7948243992614
167.76699029126553
169.2949110974813
170.16574585635206
170.3630769230721
170.7948243992614
170.3749231714805
167.31470230862845
169.63235294117894
170.16574585635587
170.47970479704568
170.68965517241608
169.3211009174344
166.0864272671976
169.07418761495845
169.50276243093933
169.81549815497664
170.24630541871608
167.46214415505744
164.37652811736248
167.41104294479172
168.2656826568243
169.13793103448342
169.58128078817583
167.01030927834904
168.750000000003
170.15365703749478
