176.19794809897505
176.74306393244973
176.6365280289327
183.4984326018813
189.54216867469998
189.5652173913055
178.03874092009767
168.02902055622533
170.54918527459375
177.74436090225768
190.6674984404221
195.91100420926122
196.71893848009816
185.44794188861982
175.8645707376046
167.82608695652294
171.53196622436747
179.66228893058243
192.5373134328367
197.62162162162085
186.19939577039355
177.28424864212434
164.68316234158067
175.95505617977693
189.94413407821187
179.99999999999804
166.45394340758386
166.25375826818916
170.70317361543334
179.55445544554294
176.6433566433578
188.00237107291045
183.88955582232933
166.3477246207682
140.23577652485878
157.49999999999753
164.28657435279757
162.92447129909286
161.95652173913007
161.1842900302083
160.5317220543791
159.7581620314385
159.22658610271665
158.35649546827636
157.79927448609467
157.268882175225
156.80580762250523
156.30434782608978
155.49397590361605
160.54965646470836
171.11805121798918
174.69633193024495
172.2872661436347
170.9728096676745
169.88519637462502
168.81110440555304
167.30560578662173
165.37025888019252
163.3212996389916
168.1948782011242
179.21397379912992
183.35942203491717
182.7157513578717
182.7157513578717
182.93301146650262
183.47826086956596
185.10561255280703
188.69565217391312
177.05989110707725
165.4347826086982
166.02046959662684
171.12913287586017
181.79327521793516
185.94594594594594
185.64535585042302
187.1652593486152
174.34782608695963
176.09167671894014
176.3132530120466
176.2025316455656
176.20253164556965
176.85352622061714
177.72151898734336
179.6741098370557
185.4347826086957
173.47037484885132
162.7069486404818
171.55722326454432
184.26433915212291
189.6216216216232
175.76342788171632
