-10.650887573964496
-14.248608534323978
-3.5732009925566217
NaN
2.4734540911938168
6.943942133817146
-8.515671200473093
NaN
0.2164762477418899
6.983729662078448
10.62010836845587
-5.9609698403295965
NaN
2.683229813666223
NaN
5.438066465256798
6.8286899822146685
0.6695598264128467
NaN
3.4782608695660007
NaN
0.6375442739063654
NaN
2.4581005586600253
NaN
5.876662636031495
NaN
0.8510638297903266
NaN
2.9086389061512685
NaN
15.591338145473408
-11.223021582735328
NaN
87.4969770253908
92.29050279329425
104.73131562693125
112.58343634116325
120.446096654274
137.65363128491418
144.99698976520452
137.42177722152596
147.43665291691315
137.379807692308
142.51870324189397
148.2862297053524
152.39786856127918
140.14440433213093
141.5681544028933
139.739644970415
146.34686346863518
156.3187152563298
160.8878224355122
160.6987951807237
163.6556603773589
160.12004801920594
147.38109572546466
147.33173076922955
156.38804148871284
163.93846153846152
167.89915966386857
174.25647200481723
164.83205657041503
166.2730627306299
169.97004194128286
175.88447653429682
163.98350029463535
153.49353049907808
158.63309352518056
157.4729241877265
161.298701298703
162.96846011131814
167.99999999999372
173.71084337349083
163.96460176990533
165.99999999999352
176.87344913151034
168.63499699338564
177.2875226039743
175.53719008264775
176.43564356435965
186.59217877094719
182.70921131848286
176.6365280289347
184.95619524405262
187.8816568047353
170.36680697534808
177.61158021712828
177.17868338557994
182.12264150943008
170.2101359703345
