190.125
195.96861798430882
197.9572446555821
195.17283201940535
196.26440266828345
198.4725536992828
196.28415300546203
197.13765918738514
198.56115107913755
196.46274984857698
203.6870830806538
191.4939759036168
191.66565717746698
194.43850267379685
191.67980594299644
192.33474833231986
195.15223880596858
181.20218579235012
183.27669902912817
187.66646670665912
174.54545454545453
175.85454545454624
181.19349005424795
180.98122350091015
178.39189994044077
185.74827802129036
190.85645355850218
190.39904705181542
195.6472795497182
201.0869565217387
209.56130483689626
199.76004799040103
196.02605863192156
237.9916317991624
193.33632689717263
129.66628308400453
116.09529343404972
102.28704784130481
91.69411764705728
83.10929281122134
73.4827377347045
75.93259732713751
62.04705882353172
61.08303249097604
59.67213114753979
60.46790641871599
62.362204724410105
63.13106796116453
70.2021403091578
66.09118541033196
67.9368932038846
74.02271368798439
70.86269744835948
72.30582524272353
75.84633853541789
73.66120218579361
81.88747731397179
81.54216867469565
80.1699029126233
84.65558194773962
79.17375455649494
80.07272727272886
82.48210023866733
78.25136612022459
85.5791388720445
74.24460431654238
72.08737864077702
78.38359469240557
77.25135623870207
75.88128407025953
80.1186943620178
74.27184466019287
74.52784503631459
77.20430107527127
72.87272727273044
73.61161524500781
74.76590636254876
71.69491525423379
76.99052132701755
58.87341005451294
60.10889292195717
65.25939177102252
48.784029038115904
49.53530476765059
54.421115776845966
39.56521739130628
39.00532859680096
38.13559322033881
26.52173913042869
26.45161290322401
