1.7690417690421694
7.418181818183009
1.770129071911898
4.4036697247706424
8.896925858951985
-3.1034482758652757
-6.577344701583456
-5.731781996326561
-0.8834355828253138
-6.105390672318265
-1.1083743842364697
-3.3007334963325548
-8.46803377563242
NaN
11.71790235081298
4.428044280442794
7.687614399023812
9.987937273824608
-0.8861538461570717
-5.252279635261516
-2.656826568263284
-1.7657878602068422
-7.178247734137415
NaN
11.53567110036503
5.524861878453051
7.037263286497342
11.717902350816798
-1.1083743842364697
-12.81138790035584
-24.748700173309658
-44.794520547943534
208.06530612244953
195.9645232815983
184.27553444180717
195.07281553398167
191.61647203442126
194.30317848410954
189.88533494266585
187.1911493546425
189.81016533986482
186.76363636363715
184.64944649446372
187.71113831089153
183.70012091898388
182.21402214021938
187.1472205253533
181.9588875453438
181.77339901477873
181.64133738601825
179.88936693300514
184.2988364972439
179.89136994568457
179.11220715166542
184.82926829268453
182.32044198894866
185.3006134969277
182.17917675544797
180.8866995073924
186.04764813683164
180.97885196374781
180.6650246305443
182.08155812538195
180.33189920098664
184.29883649724587
180.32628398791067
179.44547134934902
185.4945054945015
182.42053789731534
184.42260442260434
182.5106124924189
181.10701107010667
185.72127139363988
180.86851628467954
180.0
185.48112058464886
183.2044198895004
186.29061925199335
183.04715840386865
181.7733990147767
187.25274725274969
182.06397103198313
181.66153846153847
186.13138686131634
184.08839779006004
187.27050183598365
184.02416918428688
182.76923076923077
188.2367297132359
183.2608695652134
