-47.94188861985475
-45.4390243902435
-45.79816513761506
-46.131207847945404
-46.21621621621915
-47.176974892834664
-49.30909090909171
-48.13186813186752
-48.940600122475246
-49.47239263803601
-50.19656019655798
-55.93712212817189
-50.68510370835861
-37.53768844221173
-38.39122486288841
-39.46111451316534
-40.2209944751358
-40.93423478795313
-46.60617059891047
-43.956043956043686
-44.090630740967754
-44.58614347026514
-45.08287292817607
-45.77395577395356
-50.278113663845545
-38.7413467589688
-29.22592825676452
-30.549450549449887
-32.004904966278275
-32.94840294840594
-33.853718500305945
-32.55760368663738
-33.81818181818181
-34.119076549210945
-38.353510895880845
-81.32026817947536
-81.949413942011
-81.56766687078942
-81.2760736196343
-81.4969325153366
-85.80762250453677
-81.44696505211431
-80.09834050399633
-79.13793103448455
-77.85582255083295
-79.34065934065961
-75.43066585216752
-85.30386740331187
266.3468634686365
-89.99999999999699
-88.05914972273672
-87.2324723247263
269.8358662613966
-85.86143470263636
-83.41733251383039
-81.57635467980867
-79.85212569316116
-78.52125693161173
-81.26213592233205
-77.42647058823172
-87.07182320442234
264.51692307691826
268.17005545286145
-89.44512946979643
269.9449541284372
267.52898108603006
-87.29281767955723
-84.96619545175452
-83.12807881773512
-81.18299445471064
-80.02463054186796
-81.74863387978422
-77.91538933169744
-87.4001229256296
264.07384615384774
267.7264325323503
269.72273567468255
266.7798665858088
264.7642375995081
-89.55773955773998
-87.45387453874423
-85.34482758620805
-83.23057953144229
-84.68007312614628
-82.68784361636966
267.23926380368096
259.4833948339465
252.7753846153814
256.63585951941127
257.74233128834516
255.3920972644393
253.98773006134968
