171.71270718232148
167.42647058823468
166.77459526774476
170.46728971962617
175.8556316117
181.11801242236024
179.10780669145063
176.66666666666666
173.35793357933574
169.50276243093933
169.42499999999836
173.8240798502807
178.99065420560584
183.6917339962722
180.66914498141304
177.89019123997574
173.5872235872224
170.5497220506465
171.55722326453827
176.18453865336699
181.45794392523283
182.2360248447205
179.44341372912803
175.5719557195552
170.7239263803665
176.71875000000082
186.93167701863436
190.62771908017393
194.60061919504483
176.33559531153688
173.25966850828897
163.03065355696816
153.02686567163946
152.18081857055452
139.65517241379283
102.37145855194241
67.89569436021925
56.728579988019256
45.19480519480742
44.556650246306326
43.28834355828301
41.8348623853211
39.82978723404415
36.48351648351704
32.889993784957234
30.318153462258405
30.01866832607248
29.310130515849234
28.808933002480448
28.942486085343422
29.500924214419967
30.294840294838018
24.555694618272135
25.377417342485124
25.794392523364778
26.194029850747423
27.211895910774544
28.648982109811605
29.889298892989196
25.63397876327646
25.85883822610833
26.70822942642938
27.330429371501197
28.344699318042668
29.573810994447218
31.236923076919854
32.07476635513856
31.069418386489637
32.31920199500801
32.9309271935298
33.519553072626
34.48702101359641
35.44615384615385
36.67080745341127
40.125234815277736
41.072319202001175
41.917808219180095
42.23463687151106
42.52319109461624
42.339901477829855
42.54950495049934
46.46616541353097
54.123518402991365
53.798256537981835
53.88819875776072
53.465346534653946
52.315270935956896
50.60419235511643
51.42857142857729
58.390517779164334
63.70093457944252
62.20012430080576
60.85448916408507
