172.472324723247
171.98019801980118
168.49665246500206
170.222222222221
169.6474953617818
167.55963302752374
168.75695732838756
164.92718446602015
173.33333333333627
178.66666666666586
174.4194528875396
176.00493218249238
175.4303405572731
172.75609756097322
173.54758961681165
172.44444444444525
176.2499999999984
175.54455445544352
172.01215805470807
173.78545006165183
173.2012383900945
170.66503965833022
171.66151945645467
168.99755501222484
172.1450522433944
171.76761433869214
168.17518248175273
170.11721159777744
169.21556516368057
167.3394495412844
168.54848672019642
160.82901554404322
147.39549839228548
175.22516964836402
179.56151035322617
222.79047156052494
190.3304347826102
186.33273703041297
190.61320754716786
177.0915619389579
171.07164727495373
176.05216360403196
184.088397790056
184.63157894736614
183.87096774193589
188.51063829787432
174.6172248803828
166.56058751530105
179.888820259419
176.6992665036695
178.89298892989132
178.21782178217782
175.1824817518252
175.7777777777786
175.4359925788473
179.4502138057382
178.44252163163833
174.8633879781413
176.23152709359843
175.9950556242331
174.84460694698282
175.003084515731
172.00243457090764
174.69287469287158
174.22222222221737
171.45985401459922
172.56931608133002
170.1219512195122
173.26793378295292
173.11111111110625
170.15795868772773
171.9038817005553
170.30599755202448
174.15082771306425
174.10747374923284
171.25151883353575
173.11111111111435
173.32509270704585
177.688073394489
177.4397031539856
174.3134872417976
176.22688039456895
176.09907120743034
174.07317073170572
174.88257107539928
174.10747374922866
178.6764705882345
177.88235294117484
174.4194528875396
175.891425046267
175.43034055726906
173.52043929225368
