163.7787445618407
165.3398652786281
166.93641618497088
172.6302729528542
172.32643118148602
167.94044665012277
168.329177057357
169.76146788990906
171.45057766367185
177.21362229102166
177.02752293577902
178.50670070197702
183.90092879256966
186.2531017369751
183.75921375921538
186.72478206724983
177.8718108276275
177.455439459126
175.96513075965092
180.78309509012092
178.22878228782247
175.527950310559
178.66501854141038
180.91370558375553
184.0099009900994
188.28358208955177
173.60294117646933
172.04729309272102
178.65504358654758
176.68711656441718
170.66503965832624
175.83333333333331
158.94421115776854
169.16387959866108
164.07004259346832
100.21316614420391
91.94805194805396
90.71559633027684
92.85270354257324
82.66334785314132
82.97480024585181
85.52238805970254
85.32681734880777
80.14925373134518
85.68224299065176
85.09491733006854
80.42314872432988
85.68224299065176
84.978540772532
80.5970149253735
85.18057285180554
84.58895705521311
80.37313432835776
85.40473225404794
83.92638036809817
79.70149253731053
84.2839352428431
83.53591160220945
79.87569919204566
84.28393524283685
83.14496314496834
79.87569919204566
83.7834474175511
84.08113091579557
86.31055900620792
77.06285003111039
66.158574062695
63.95031055901109
71.37352392790814
70.67076923076439
66.63354037266917
72.31246125232032
59.4454713493517
57.65363128491379
62.44444444444121
50.44444444443798
49.1620111731848
47.8828553996319
46.55940594058961
44.245810055864695
42.63736263736508
40.81784386616993
39.553072625699414
38.335373317009164
37.272163670181584
35.48667079975462
34.2541436464093
33.92436453812949
32.82809611830531
30.425663170875982
31.50837988826519
30.292682926835656
