185.4282267792511
182.90149253731227
180.32628398791462
186.08695652173856
182.66745702430347
179.24233313289156
178.47826086956562
182.17654171705155
178.71733966745958
180.67415730337325
187.92999396499616
179.89110707803755
177.9727326615278
179.44064636419932
183.03614457831247
187.71273385636738
184.05213270142295
180.00000000000196
180.32628398791857
184.02903811252148
180.74777448071293
177.3913043478265
183.91777509068964
174.54545454545453
173.57142857142858
176.06495940037274
181.51990349818823
185.32930513595323
181.60047421458208
178.04583835947003
201.20141342756193
199.5440911817659
195.99435825105712
202.42424242424147
187.0650263620394
188.80966767371444
190.54984894259897
186.82464454976463
183.70012091898585
189.0054249547893
185.44161232957956
182.7190332326284
188.02409638554374
184.3694493783288
181.1949305974657
188.26086956521777
177.71324863884004
176.67262969588708
174.57177322074787
181.5199034981902
178.612922347361
179.77695167286166
182.92594822396228
187.8072289156674
184.48398576512528
180.64903846154084
180.32628398791857
184.90018148820724
181.60047421458597
177.93602896801687
184.1354292623894
175.30624620982488
174.32480666270163
176.96439725171274
182.71247739602168
186.19939577038957
182.55924170615882
178.6972255729787
185.5535390199661
176.50909090909408
175.29131985731507
177.75280898875997
184.22636965683483
187.06948640483384
183.62559241706705
180.1086300543174
187.18258766626195
177.59999999999525
176.25223081499104
173.5908267954158
180.21739130435256
181.63141993957703
179.5698924731167
177.17049576783717
184.14043583535434
172.84337349397748
176.33559531153693
179.0246839253446
185.43478260869162
175.96608116292677
