195.19181585677723
185.60781918142885
185.6934306569351
184.33212996389992
188.0170835875546
171.8282208588981
173.0726939523527
173.77804730139596
175.2517985611515
163.02758178319138
172.3170731707317
172.67759562841644
174.27714457108658
179.307692307694
186.14634146341302
184.92401215805472
183.6734693877547
196.02818705957674
186.3736263736256
186.1239368165253
184.65423932651757
188.58190709046573
172.26993865030676
173.6263736263744
174.3272727272759
176.74698795180723
165.12491992312667
173.96709323583383
174.43298969072123
176.5342960288801
180.11457670273754
185.8483754512632
174.75128644939926
182.10116731517363
159.41605839415934
231.93154034229698
253.64133738601745
267.3464373464377
-86.79754601226836
-85.21100917431352
-86.6544789762338
-78.13784764207918
-77.88567916410699
-73.8970588235299
-67.5550122249403
-71.38686131386959
-74.6341463414634
-73.41523341523452
-69.17992656058686
-69.14634146341461
-75.35390199637135
-75.45175169022787
-72.92533659730816
-67.65100671140794
-72.39368165248754
-74.29271279853225
-73.0147058823494
-68.83323152107323
-71.3454545454561
-77.01818181818021
-76.25615763546415
-72.7941176470585
-68.62362971985192
-73.61650485437087
-74.42944785276234
-72.7941176470585
-68.35164835164545
-70.25454545454704
-75.49090909090592
-74.085027726428
-70.36764705881842
-64.497257769655
-65.81352833638084
-65.13230769231092
-62.76243093922915
-58.93708002443441
-56.89969604863222
-58.19963257807933
-56.27076923077243
-53.38235294117101
-48.10250152532308
-48.81355932203684
-47.88177339901222
-45.910484365417744
-44.06820950061359
-38.391224862888805
-33.45230769230449
-32.48618784530521
-31.66768478924439
-29.02871105681271
-20.565110565109023
