-1.1278195488721963
-4.460966542750896
-5.853658536586181
-2.2598870056497162
-5.593536357986295
-0.2259887005657788
-5.12059369202467
-4.060150375938235
-2.4827586206863543
-5.162094763094672
-0.6783919597973522
-5.1301115241619755
-0.225846925973201
-3.5732009925566786
-4.956195244056687
-1.5829145728618528
-5.366459627328368
-0.22613065326714832
-5.120593692020691
-4.962406015035128
-2.9360100376395053
-5.831775700931303
-1.1306532663316489
-5.799256505577034
-1.129234629861969
-4.024844720495253
-5.628517823639697
-2.0338983050839374
-6.037267080746972
-0.6779661016933005
-5.565862708719806
NaN
12.9176470588243
NaN
13.693251533743938
86.67436489607505
130.5903834449192
144.85339987523295
159.02803738317675
156.96361355081592
159.35523868567876
157.8670012547047
172.42574257426028
181.19205298013284
167.95660036166322
175.87616099071127
186.32371392722752
188.25895663105086
186.61682242990818
190.6281407035192
188.47583643122718
186.89265536723414
188.92655367231592
187.52339363693162
191.20050282840936
189.0390576565431
190.73446327684033
191.38384470883148
189.67499999999836
193.01068510370408
190.83798882681248
194.2462311557813
192.74534161490845
190.60150375940023
193.46323067253036
191.52268489745117
195.0471401634182
192.69801980198193
191.74404015056615
193.91577624135283
192.32876712328778
195.49968573224447
193.26315789473847
196.3841807909564
197.2881355932196
195.93516209475968
198.44123192960748
196.40421574705607
199.548022598873
199.22548407245324
200.70000000000164
202.06159648020133
200.22346368715301
202.71186440678224
200.3962848297246
203.55666875391103
204.55059710873357
203.95522388060283
205.42372881355885
203.07120743033732
205.84326018808122
205.9398496240604
210.52369077306378
