172.23100303951526
173.026634382567
173.4782608695642
174.0325497287513
178.3606557377069
178.14432989690644
178.3705491852726
177.9385171790239
178.05755395683337
176.7153284671513
177.71047849787968
177.71876885938403
177.93851717902194
182.513661202187
182.073984232868
182.17654171704956
181.84226369656915
181.18776244751285
181.3138686131375
181.8534221683816
181.73703256936307
181.5199034981902
185.67961165048627
185.7853244390552
186.0943168077372
185.52679108970347
185.07498500300017
189.30091185410333
189.0490611750466
188.90229191797428
186.04166666666777
177.2276098117505
145.00257864878898
115.1470588235305
170.31100478469088
145.44605324614642
75.56555993247235
52.94730746960004
42.56260920209879
31.27696793002839
16.54450261780032
2.516016307514619
-3.520782396088805
NaN
3.493026076410709
2.3898611949274517
0.21871202916239907
2.408759124088393
8.514251061248466
12.398791540787082
9.485029940122898
5.710799267846996
10.260764099451968
17.184290030214644
17.852975495915835
3.671265746852185
0.6585365853642565
6.112795633715897
13.921450151060567
14.702702702708995
11.140776699033697
13.075060532687882
16.501809408930868
22.473745624264886
12.609457092819667
-1.7286914765890629
NaN
3.0508474576302764
10.849909584086705
13.771667662876414
9.639115250288027
NaN
2.1818181818181817
9.788519637462235
18.844765342961782
3.2277346084877605
1.7486338797798227
6.094316807737312
12.795180722894722
15.708308427972202
11.835026897788198
8.967193195622656
13.49455864570884
19.494584837545467
27.129186602875397
9.496402877701025
9.185905224788833
14.36517533252423
21.201923076929187
25.977149729404804
