199.35723114956795
199.9257884972177
200.1235330450889
200.46971569839278
200.69221260815848
200.91470951792266
200.91470951792266
201.26159554731217
201.1372064276886
201.26159554731217
201.48423005565772
201.23533045089607
201.3861386138601
201.35970333745456
201.1372064276886
201.1372064276904
202.44444444444525
230.75675675675558
182.8305183459511
179.67837998808892
177.40696278511246
180.43321299639146
176.9643972517189
179.77556109725808
181.6822429906542
183.02426882389625
182.35220908525244
179.55223880597055
176.97949036668453
174.40993788819875
166.470234515935
159.23926380368178
182.55713403335514
160.44792833146738
150.09475679090232
163.9603960396022
161.36391816491144
159.82662538699446
157.84786641929526
156.28942486085435
155.0803461063064
153.8404452690168
152.72727272727286
151.80185758513608
151.35603715170197
151.1331269349829
150.68730650154475
150.68730650154475
150.5940594059387
149.92574257425952
150.148514851484
150.37128712871254
149.92574257425548
149.8330241187378
149.962917181704
149.00369003690008
113.29262564584235
170.8547519426141
171.33802816900953
168.32837596668483
170.44444444444605
177.99999999999676
186.66666666666666
181.44712430426634
177.1039603960412
173.31683168316437
169.42486085343208
165.86270871985084
162.7458256029726
160.07421150278546
157.6528721432956
167.98516687267932
164.42521631643592
161.08776266995878
158.31995058678217
156.09635577516548
154.09512044471595
152.66666666666828
163.43421865349202
160.54354539839426
158.0975911056161
156.09635577516548
154.6353522867745
153.42804200123396
152.63288009888495
151.8367346938785
151.07540173053545
150.59405940594343
150.2782931354387
149.7029702970293
149.70297029703266
149.83302411873612
