172.94117647058764
170.5961893054712
169.1379310344826
174.3368291178291
176.5576804441729
174.8633879781413
170.74663402692818
168.28009828009795
166.3753846153814
170.0123304562248
172.8976572133153
171.26213592233006
167.3239436619699
164.8618784530358
162.95202952029564
163.03142329020406
167.0399999999992
165.4644808743178
161.71358629130924
159.5580110497217
157.6383763837651
156.37707948244062
160.61199510403873
158.85575167376643
155.76499388004692
153.59116022099482
151.7885679164107
150.29556650246178
152.4500907441023
148.95795246801018
140.57545507927097
121.78512396694143
136.38954869358543
132.66472303206768
142.28903976721705
79.39903846153935
75.89428395820418
77.4431468961275
76.84657368101658
70.28571428571273
58.46519928613752
50.331753554503365
37.56708407871182
25.57839107457516
8.634686346862644
7.0630202140293274
0.2125147579662114
-16.29357798165057
-17.258758451135577
-18.166153846151417
-18.643649815042238
-12.880937692784642
-11.097410604192419
-15.100303951363003
-16.353591160224084
-17.92255685310863
-18.632162661740836
-13.316892725030755
-11.097410604192532
-15.091130012153656
-16.774984671977336
-18.353808353806812
-19.49538461538299
-14.648581997530641
-12.199630314232934
-16.601941747577314
-18.09932556713852
-19.447513812160935
-20.603076923083393
-15.74861367837832
-13.939766441309416
-17.49696233292849
-19.191176470589767
-20.552486187843954
-21.476014760148928
-15.960591132998672
-16.073394495411264
-19.062690200853353
-20.306560392399092
-21.43646408839919
-22.140221402214195
-16.40394088670257
-20.06056935190969
-21.784841075789984
-22.748466257667133
-23.02583025830552
-22.389162561573414
-17.290640394086893
-20.521528198911426
-21.397058823523366
-21.68408113091408
