173.9999999999996
181.57894736842064
186.65051483949065
190.107526881721
176.3890577507587
174.31804645622276
181.69278996865205
186.86856450636097
190.2333931777359
188.63387978142043
192.75759380583645
178.79635258358823
176.57142857143168
184.17031934877977
188.9346246973373
192.3582089552239
178.577507598781
176.46217986896843
183.60902255638973
188.61296184130995
191.94261805140496
190.16393442623078
194.35714285714442
180.1094224924036
178.28367103694836
185.741088180113
190.57540884312417
193.6314847942744
179.78102189780944
177.85714285714286
178.6924939467324
169.613445378152
172.1270221689662
176.02787456446072
188.80668257756443
193.5283993115304
175.7480314960634
165.91873862947278
163.59737939249823
172.08542713567843
184.07547169811156
192.77280858675968
177.81287970838395
179.03167961745407
178.2524271844676
174.85101311084512
175.418181818181
171.12299465240716
178.6466165413546
183.48668280871553
187.09677419354676
173.21992709598942
170.78571428571584
178.5329153605024
183.26876513317586
186.88995215310766
173.00121506682703
170.98927294398322
172.3728813559362
167.71513353115728
175.7142857142866
180.6537530266328
183.98087268379837
170.49180327869155
168.00000000000313
176.27586206897044
180.8716707021784
184.84739676839817
171.0328068043694
168.84386174016916
176.72727272727107
181.30750605326955
185.1736526946139
171.47023086270215
169.15921288014863
170.6295399515715
166.31828978622028
174.47021943573503
179.2377495462787
182.79904306219547
169.0776699029086
166.81357951161468
174.92163009404388
179.5641646489128
183.6646706586842
169.83606557377132
167.6565295169908
169.53995157384756
165.24940617577255
173.45864661654227
178.14882032667796
