183.06569343065615
167.9415347137647
170.58394160584004
175.83941605839297
180.10955569081187
183.8344491783343
186.7965895249684
189.42752740560528
191.503347534997
193.1546894031668
194.79001825928188
196.32379793061423
197.29927007299392
198.39416058394283
199.14893617021278
199.4417475728166
198.2388419782864
194.6762589928082
190.94521372667106
188.26086956521777
186.20689655172495
184.47001817080596
182.94724075197368
181.9660194174769
181.4207650273236
181.53098420413082
184.91803278688522
189.7386018237058
176.7153284671513
182.51671732522718
198.57573928786798
203.65838885524025
205.3290529695015
198.56009762049996
193.94594594594358
192.24787363304858
175.96118859914822
181.01694915254402
178.7428571428588
194.84771573604266
201.77507598784354
187.6829268292683
189.08206686930012
187.80722891566344
194.88549618320604
201.84466019417485
201.53005464480944
200.7021791767536
197.81643671265738
193.8628158844778
190.75437537718923
188.2708585247888
186.43246517262224
184.91206791995145
183.60218314129702
182.40291262136003
181.9684082624536
182.4058323207745
186.12393681652722
191.16788321167977
178.4652862362996
163.99512789281133
164.7902735562294
164.6901579586876
165.00911854103663
168.72948328267955
172.99270072992547
176.60377358490325
179.45222154595652
181.7539585870913
183.94640682095243
185.70036540803974
187.23507917174032
188.43578819232778
189.4275274056015
190.2919708029212
190.2669902912598
188.45783132530437
184.75390156062184
180.75857916917204
177.50150875075516
174.55864570737995
172.3728813559362
170.1818181818182
168.53850818677998
166.79199514857234
165.14563106796302
163.61650485436488
162.087378640779
160.55825242718518
159.24757281553786
