185.3399258343636
183.07692307692326
187.92312461252263
173.3171028606204
170.3153988868267
172.2404371584695
173.42729019859192
185.6771799628926
183.4045149481395
188.36949783013023
173.6419001218035
170.6551297898664
172.45901639344504
173.7692307692291
186.00741656366048
171.20879120879326
169.17544947303077
171.12598904443058
173.53846153845902
185.89252625076927
182.31192660550298
186.5758513931864
172.21206581352794
169.84500929943954
172.33576642335964
168.32612723903844
171.0436893203896
171.93341869398412
184.5640074211527
169.90243902438945
167.83632982021317
175.60975609756022
193.0949445129461
178.383838383838
164.20271940667624
267.39049969155
-89.9452887537962
-82.6717557251913
-81.55555555555719
-82.87454323995331
-85.1636812847463
-86.66261398176374
-88.55377008652533
-89.78102189781043
267.9950495049523
267.5349969567854
264.9938195302823
265.3551912568286
-87.28672225786033
-77.92207792207847
-81.97802197802383
-76.99938003719814
-81.07121119902564
-82.35585864848065
-83.81762917932974
-76.10506085842479
-68.57142857142662
-73.49177330895697
-67.03910614525199
-71.64942178941152
-55.579756566307935
-53.62175525340433
-53.03178484107309
-51.74721189591196
-56.96895922093756
-53.151364764266134
-58.248175182479315
-43.098591549297225
-41.63265306122594
-39.31665649786737
-39.00928792569658
-36.569343065695534
-35.30726256983843
-32.82674772036472
-20.973111395643627
-12.682323856614516
-16.68292682927307
-8.938547486033599
-13.365794278755232
-12.475247524757151
-15.747266099637216
-4.151185137730579
NaN
0.4390243902375138
NaN
2.1911138161899064
NaN
1.3106796116473125
-5.076923076924743
NaN
0.43929225137439226
NaN
1.972002434574104
