-35.93304401735975
-35.62384757221963
-36.27204030226699
-36.22500000000082
-36.447204968944504
-36.1107692307678
-35.614366729680114
-35.32500000000164
-35.59701492537249
-35.68965517241429
-34.005037783375485
-33.97500000000082
-34.05102675793552
-34.60258780037066
-30.320553111249865
-31.519699812382783
-32.03484754200605
-33.090684762491776
-25.956112852664603
-27.70963704631015
-28.692403486926423
-30.46324891908756
-25.37741734248135
-26.407523510969327
-27.14018691588865
-29.165120593692677
-28.83548983364153
-26.97732997481421
-27.19101123595607
-28.138957816377854
-29.225092250924035
-22.01765447666861
NaN
8.737864077669942
22.632197414807553
48.082722964239856
260.49056603773835
225.91516560139405
209.92924528301765
188.66310160428046
180.4505632040046
183.23219814241241
190.53763440860334
188.16229116945144
188.57142857142819
190.6137184115515
182.60869565217553
176.74360573923937
173.4403953057447
172.33082706766797
176.84605757196576
181.6822429906542
176.3355953115349
174.375
177.40763932373284
183.47663551401706
177.99752781211453
174.53192808431734
175.92964824120358
182.58265751715453
177.99256505575886
173.1449631449623
172.74559193954903
179.4378513429066
176.42236024844232
172.36631837737994
171.83879093199337
178.31144465290396
176.86567164179183
173.0215384615433
172.08542713568255
177.52500000000327
177.75840597758003
173.56350184956509
172.11514392991253
176.2851782363985
181.12079701120388
175.88634959851674
173.05970149253648
175.37304075235275
181.79551122194349
176.8811881188167
172.14505224339842
171.8490566037769
178.76327295440106
174.9720670391061
170.5961893054662
170.03773584905332
176.625
174.40298507462276
170.80615384615064
169.7304075235126
175.04999999999836
