166.65829145728623
167.94044665012385
165.9798994974879
167.27047146401924
165.52763819095455
166.92737430167722
165.19774011299592
166.48044692737392
164.74576271186433
166.03351955307468
164.293785310735
165.5865921787692
164.17085427135686
165.36312849161973
164.06779661017106
165.46583850931677
163.96486825596105
165.24223602484798
163.8418079096034
165.01863354037104
163.73902132998782
164.8974518334389
163.73902132998782
165.0186335403751
163.51317440401684
164.89745183343484
163.51317440401462
164.77611940298664
163.73902132998595
164.67371037911457
163.73902132998782
168.02902055622928
172.19132369299118
173.00121506682703
176.49717514124256
172.23181257706733
169.86232790988947
175.82445141065747
174.97206703910413
176.72727272727107
176.0796515245779
181.01567398119286
179.77499999999918
179.5561035758307
176.27118644067878
176.3355953115349
186.4169184290046
177.863835103061
183.2809553739782
181.45976294447829
186.10552763818845
183.92523364485982
188.24858757062069
185.8281444582802
181.50717703349244
172.54705144291262
176.52336448598294
174.69592476488535
177.75840597758403
175.8244514106616
178.99065420560584
177.0676691729299
179.6635514018659
177.7443609022556
180.6733167082278
178.760175328743
181.00934579439416
179.09774436090308
181.45612943372663
179.32330827067833
181.0055865921804
178.64661654135259
179.444101297101
176.6122961104141
177.009230769234
173.78531073446737
174.4581280788178
171.52542372880941
172.56014805675827
170.06273525721957
170.99444101297266
168.93350062735325
170.09276437848115
168.15047021943573
169.29368029739948
168.15047021943573
169.17544947303077
168.15047021943573
169.2803970223301
168.37617554858605
169.3854748603351
168.70765370138028
169.71428571428083
