204.3301435406693
201.71290711700743
206.7068757539209
209.074410163338
210.635978195032
211.418181818185
211.54639175257864
211.32807762280058
211.01941747572988
209.06024096385462
204.208009563656
200.19300361881636
204.25377643504453
187.33130699088227
194.29957550030363
197.49696233293025
199.4653705953839
200.6808510638274
201.67883211678955
202.212765957446
201.8181818181818
197.61336515513082
192.6943942133804
189.90925589836903
188.50909090909408
193.86294724075265
182.4087591240864
187.88321167883095
190.5109489051099
191.92705167173412
198.76363636363715
201.38181818182056
200.04869141813862
208.08510638297852
230.4135338345865
192.41025641025493
175.8730158730143
170.3296703296692
175.7169005491157
179.45155393052818
181.0989010989011
179.5683453237414
175.21160822249132
172.7825030376667
171.56421180766807
170.79171741778163
170.44539353263903
171.543624161075
178.79047037263047
182.9688454489909
185.82773365913172
187.70171149144053
189.34636530238046
190.34229828851213
190.52375152253583
186.90647482014157
181.95652173913362
178.9077669902913
176.93803159173433
175.61510353227374
174.95121951219673
175.93654667480087
182.7455765710799
186.7073915699474
189.34636530237836
191.32559560171384
192.6450824679331
193.74465485644865
194.1671751067739
191.24999999999778
186.40144665461273
183.0545454545407
180.87484811664962
179.45222154595652
179.0127970749567
183.07317073170253
188.45637583892707
191.64835164834983
194.06593406593333
195.60439560439647
196.70329670329758
197.36263736263663
197.65996343693087
194.4777911164483
189.65641952983876
186.32727272726797
184.59295261239055
183.8344491783363
186.3580998781965
192.17550274223257
