175.83489681050574
176.40897755610993
173.3168316831673
171.15121344119618
173.56739811912144
178.87640449438203
175.86592178770667
172.2318125770633
171.86951066499495
176.40000000000327
175.29265255292776
172.435105067984
171.44999999999754
174.7025673137144
179.77556109725808
176.7637941723501
173.34155363748656
173.11598746081668
177.75280898876406
176.52769135033984
173.77777777777536
172.90806754221265
176.28517823639652
181.6822429906542
-52.19330855018518
-30.369458128076474
-14.21943573667545
-1.1228945726762163
NaN
10.22853613341652
18.243243243243207
3.3256351039268393
-0.4290822407643873
NaN
5.347593582887724
-5.816876122084125
-9.214285714288053
NaN
6.97064334790836
8.843618933493914
-15.539568345325222
-17.249533291845864
-19.39318885448671
-20.57142857142935
-21.062686567162643
-35.4203935599283
-36.177558569665734
-18.829389788293042
-0.6749999999983629
-1.1200995644057343
-5.120593692020691
-20.97502972651438
-34.132379248661266
-22.208513263417842
-2.93969849246065
NaN
2.0161792159335556
-5.336627547864282
-2.9341692789952276
NaN
1.5710723191954843
-3.791821561339873
-6.460396039599175
-2.0338983050798447
NaN
2.0136730888702212
-5.996298581124279
-2.9378531073430167
NaN
1.794392523362854
-4.678217821778958
-3.825000000001637
NaN
0.6741573033773236
0.8933002481422035
-7.324290998765321
-3.3898305084745743
NaN
1.5681393901696379
-6.003705991346294
-3.385579937304101
NaN
1.122194513715726
-4.681114551080327
-7.133126934986137
-2.710163111670397
NaN
0.8944099378914526
-7.106724244295151
-4.288401253921791
NaN
0.8966376089696259
