178.43866171003756
175.7829839704067
172.83527250459377
180.23225806451697
189.06633906634087
183.52941176470668
182.35220908525244
184.90706319702562
187.6336816226199
182.53832004905087
182.24438902742938
185.130111524164
187.9802955665053
170.82872928176883
173.38317757009182
178.55108359132802
175.561035758321
172.61481935088918
180.23255813953574
189.17127071823327
183.52941176470668
182.4657534246563
185.130111524164
188.08615384615305
170.82872928176673
173.15887850467453
178.43866171003756
176.00493218249238
173.05572565829837
174.51151213441034
175.732522796351
193.00298507462531
199.69248965109205
185.17365269460998
142.52100840336084
200.16250725478918
187.7511961722477
183.31288343558282
178.6861313868625
176.1655508216697
177.6965265082263
182.24598930481127
178.4367245657552
182.5571340333511
179.0030769230753
175.59363525091598
176.18453865336699
180.8910891089121
178.00492610837318
174.81935088793756
175.73566084787907
180.66831683168357
177.3399014778329
174.6993865030683
176.0747663551381
181.11386138614264
177.45230769230446
175.23692307691985
177.19626168224298
182.00247218788547
177.78597785977857
177.20670391061861
180.0
183.7777777777794
179.22651933701576
178.76635514018855
182.23325062035144
184.99075785582662
180.11036174126545
179.77556109725603
183.34572490706316
184.65517241378984
179.66932026944355
179.55112219451615
183.45510835913962
182.21674876847288
178.01470588235375
178.3177570093458
182.45049504950174
179.4454713493571
176.25000000000242
177.08592777085687
181.44712430427043
178.00492610837924
174.92647058823292
176.18929016189122
180.88998763905977
177.45230769231253
174.4852941176511
175.97014925373702
180.4449938195319
177.12177121771376
