173.30812854442388
173.76181474480046
174.2155009451802
174.66918714555786
174.8960302457477
175.34971644612642
175.46027742748848
175.80340264650405
176.0302457466919
176.0302457466939
176.0302457466919
176.0302457466919
176.0302457466898
176.25708884688174
176.25708884687964
176.4839319470716
176.48393194706748
176.71077504725938
176.71077504725736
176.71077504725938
176.71077504726148
176.71077504725736
176.93761814744923
176.9376181474472
177.04918032786844
177.39130434782484
177.61814744801677
177.6181474480147
177.84499054820665
178.07183364839238
178.18639798488417
157.08727070594807
170.9887359198979
160.88782243551395
170.8650519031168
145.66727605119118
214.57249070632182
234.4662034112437
249.54545454545345
-88.35331230283828
-83.18181818181921
-78.48771266540689
-64.03519798868871
-63.054545454548645
-67.45945945946102
-72.49686323714025
-73.125
-56.32040050062602
-42.37946149029659
-41.07836990595774
-39.04702194357611
-25.536723163840293
-13.78531073446402
-0.6779661016933005
-1.5829145728659455
-0.22613065327124104
NaN
3.3940917661847427
7.6884422110503055
12.655367231635188
18.994974874366836
23.036386449178185
24.60980036297493
14.046570169919708
16.30188679245448
17.86432160804341
17.89090909091068
5.909090909087683
8.176656151424517
9.760403530901806
11.115311909257757
12.007551919444708
12.234109502835155
12.429378531073503
11.68539325842855
8.753117206977764
5.400000000003274
2.928660826039044
0.6771159874591728
-2.2570532915360673
-3.6135508155551292
-4.5226130653265955
-5.427135678395246
-6.109365179134329
-6.788183532369487
-7.2452830188696
-7.6981132075504775
-7.929515418502319
-8.377358490567701
-8.609188168657795
-8.83574575204051
-8.841309823680717
-9.062303335431238
-9.068010075566804
