168.0858676207519
171.8898623279101
183.26454033771168
194.0132770066382
182.07398423286998
168.41477949940477
171.88986232790904
183.4940513462767
176.73913043478063
176.37279596977245
171.59281437125827
174.43069306930897
183.70093457943844
194.43037974683665
184.03391883706723
169.95249406175807
172.71028037383178
183.60000000000082
181.3533834586454
174.782608695651
168.70928829915397
173.854748603354
182.89962825278852
186.50602409638554
174.22867513611502
173.551225644248
187.8848560700896
190.8149910767404
174.67069486404677
188.13048933500505
196.1290322580626
184.15306696679647
139.54168698196102
204.99189627228768
176.33933759442377
169.56521739130397
168.70928829915397
170.76644538322273
178.981772470145
182.6833631484775
180.32628398791462
184.13043478260988
182.35995232419626
180.54315027157514
186.19939577039355
172.0808561236608
175.07462686566998
185.37982565379946
196.1468994581573
184.68806783767337
170.90909090909292
174.28037383177326
184.82242990654123
195.06321493076024
183.49090909090592
170.24419297200467
174.1573033707857
184.82242990654532
194.43037974683847
182.94724075197172
169.90453460620773
174.0412242348499
179.24233313289156
181.95180722891882
178.9323843416409
181.5691158156928
190.5117399157141
181.08827085852084
167.72969768820784
170.57356608478648
181.7955112219476
192.56317689530917
181.08958837772
167.6859012492563
171.46067415730096
182.58265751715453
193.12839059674334
180.9800362976383
167.6565295169908
172.00750469042896
183.25639426076265
193.12839059674758
181.30750605326955
167.9713603818646
172.00750469043322
183.82022471909866
193.34538878842616
180.8716707021784
167.95698924731505
172.34999999999673
