183.30882352941077
180.65060240963894
177.24770642201835
180.0
181.0989010989011
179.01519756838746
177.5735294117639
181.76687116564256
179.56469165659047
176.91176470588113
182.53832004905087
179.67450271248015
176.47058823529332
183.08823529411683
179.67528562838322
176.2499999999984
183.30882352940978
179.78391356542735
175.9216166564597
183.52941176470668
179.8920215956785
176.0342717258258
183.19657072872175
179.89189189189347
176.25916870415688
182.31475811390322
179.67528562838126
176.15149664019745
178.4577723378197
166.73469387754915
160.2985074626881
176.51987110633868
186.53182629387308
210.15761821366112
205.59341950646365
195.5502958579866
181.04166666666666
171.73300673606855
173.5045871559657
172.99820466786554
169.45054945054912
170.98901098901015
169.99402271368874
166.13691931540305
185.38133007931626
181.29496402877578
177.90825688073235
184.06841783750647
180.32393521295663
177.1393643031781
183.62858888210263
180.00000000000196
176.69926650366548
183.51648351648433
180.00000000000392
176.59132559559933
183.2967032967073
179.8920215956785
176.81124007330723
183.18875992669277
180.0
176.69926650366745
183.41284403670366
180.2160864345746
176.91554467564336
183.74541003672127
180.21608643457856
176.6952264381885
183.9705882352965
180.32393521295663
176.36252296387096
183.9705882352885
180.21582733813028
176.47058823529332
184.0783833435403
180.43217286914924
176.47490820073764
183.74999999999758
181.0843373493976
177.688073394489
181.87385180649193
182.1978021977982
180.10942249239963
179.33823529411524
182.87116564417016
180.7622504537213
178.23529411764466
183.42121397915233
180.7594936708829
177.5735294117639
