176.2953995157379
172.42788461538458
174.56603773584987
177.70770163735656
176.5996343692876
182.41463414634225
172.29828850855947
170.86567164179104
166.18731117824694
169.22495274102084
172.7912621359199
177.36906211936505
180.76876143990117
180.10863005431543
175.88447653429682
172.0218579234981
169.91473812423988
176.70731707317074
168.01466096517865
167.32696897374586
167.954971857408
170.21739130434588
166.87727825030365
165.63071297988995
172.09756097560896
170.51497005988102
171.56777014366227
173.05186972255964
169.3989071038244
167.82449725776928
173.6573511543123
170.63234471180635
90.27825489522489
229.22033898305233
203.03735456215725
194.28571428571618
184.73974280465322
183.105431309905
179.5599022004894
175.06062539885215
180.6467065868248
176.71931956257592
183.6153377967145
185.38133007931626
181.71837708830589
176.18413082979814
173.64963503649514
179.89031078610563
171.42857142857218
173.3494851605084
169.74205158968397
165.60000000000318
163.57664233576656
162.46041412910694
169.34716290420894
167.32696897374797
167.72983114446757
169.99999999999935
166.75987841944652
165.09135200974555
171.65853658536744
170.49219687875242
172.01748906933324
173.7032569360683
169.83606557377132
168.04387568556015
174.73170731706998
176.38025594149588
173.21364452424163
168.6545454545518
166.20437956204552
164.75319926873684
171.5436241610771
170.1739652069563
171.78236397748663
173.7032569360645
169.93924665856136
168.2632541133486
174.95121951219673
165.29268292683565
163.96891811117624
165.44200626959085
168.1306715063465
165.44680851063512
167.6051188299784
172.09756097561296
169.37388193202386
164.2296072507553
161.31147540983378
159.73219720023937
166.28884826325398
