169.57611940298625
172.89765721331733
182.44444444444323
182.932330827066
181.51260504201838
172.22088835534333
163.33126165320112
174.4649446494485
176.58362989323962
169.17293233082668
186.74157303370995
201.8858560794068
196.98924731182916
179.57040572792403
169.47692307692307
182.7033792240317
178.48375451263774
171.3461538461558
183.14214463840523
179.33250927070418
169.60095294818458
160.83692307692388
175.37304075235275
191.88044831880487
188.52007189934054
177.76951672862657
174.25766871165564
186.7669172932351
182.2702702702687
192.47970018738326
203.39578454332639
201.95639363582862
246.41487507263014
268.875
-88.97173782321227
-81.23304562268851
-76.78795483061498
-70.65420560747663
-73.78328173374695
-64.0246153846146
-48.782936010038554
-46.63329161451588
-43.7655860349123
-29.888475836430473
-20.33149171270884
-3.825000000001637
NaN
0.64787042591325
-12.51798561151304
-1.5613382899644535
-7.0718232044214915
NaN
9.081081081082655
NaN
4.669549104386243
-2.790697674417004
-7.980295566507209
NaN
9.426433915213517
11.8215613382885
12.028639618142957
-9.532019704432003
-4.0677966101760035
NaN
11.870503597122354
2.6848974518350404
-6.625766871165638
-1.8045112781938428
NaN
14.02877697841702
16.536312849157284
18.79606879606888
11.27113337507822
12.11538461538136
1.1242973141786485
6.901669758809345
2.1466905187835326
-4.436229205175607
-0.45169385193821654
NaN
5.3531598512963185
0.8591885441558591
-7.089230769232358
-2.0351758793921135
NaN
13.597122302156762
4.248447204972198
0.22099447513490367
-0.6771159874674026
NaN
14.892086330930606
6.033519553074306
