204.78260869565244
206.70687575392174
208.5352622061484
210.92224231464743
201.13184828416414
184.5487364620927
183.68231046931564
182.05652435357945
180.21634615384693
178.4855769230773
176.6486486486463
174.59783913565232
172.65306122449053
170.92436974789956
169.09418116376887
173.8394523957705
187.3446327683636
193.84615384615506
194.83636363636205
198.0547112462006
201.16363636363795
203.75302663438168
205.68319226118547
207.73413897280966
209.34782608695448
210.95956547978096
212.13510253317267
213.1807228915647
214.04819277108197
214.65703971118958
220.16355140186974
218.63985807214385
199.16532905296918
217.62836185818944
186.64077669902787
138.30034924330675
125.16279069767289
116.59831121833743
116.88593844297108
117.39130434782582
117.53771876886096
117.89346246973393
118.4754990925587
118.69328493647835
119.05683192260973
119.34782608695546
119.20386007237609
106.5461121157334
108.51985559566819
109.32050511124521
109.8378378378402
110.0540540540572
96.74865026994794
77.26618705035848
74.46043165467658
70.5332534451777
66.65068903535307
62.98382264828694
59.497005988028654
56.047904191616766
52.84601557819007
50.227544910178075
47.4251497005988
45.08088675853393
42.89820359281751
40.958083832335326
39.25704014379991
37.96285200718646
36.88436189334666
36.021569802278066
23.539292141566868
4.103179364122532
0.2160864345785434
-6.914765906364153
-10.372148859549952
-13.605278944209829
-16.63865546218625
-7.597765363123699
NaN
7.636363636363637
9.185905224781079
11.563636363634776
13.519079345852704
15.690072639226699
17.651331719133008
20.012084592146596
21.75226586102719
23.91304347826108
14.330518697230062
-3.6889692585911575
