-3.977900552486574
-6.834047764848776
-2.4642190416934113
NaN
1.5526802218110551
-5.08287292817522
NaN
11.527093596060624
12.337821297426443
-8.81272949816406
-3.362391033623908
NaN
1.1083743842364557
-5.092250922511653
-6.1878453038657995
NaN
9.938650306748466
10.361298224128907
-6.2068965517225365
-0.8949658172770114
NaN
1.1056511056510983
-6.393141457439526
-1.5691158156927827
NaN
2.2181146025878102
-4.204056545789001
-5.092250922511653
NaN
11.250000000000753
11.022657685241935
-19.089337175790263
-23.901292596946973
-36.12314709236114
-58.930957683740814
NaN
47.5997617629558
34.910438542311375
42.88973384030272
52.82482223658839
68.31948881788887
82.95145631067622
99.93830968538029
113.04133251079878
112.92817679558117
113.01042305334286
112.72058823529441
108.5820895522393
109.8267326732695
110.5476923076915
111.75460122699467
112.25306649451116
121.18153846154007
119.77941176470776
118.8264058679704
118.9545737398842
118.36532507739614
118.30153846153362
117.64127764127173
118.89298892989197
115.60248447205132
115.92088998764444
116.37931034482655
116.98898408812305
120.38734667527437
127.97047970479372
125.72477064219864
123.59853121174875
125.75342465753744
124.97524752475036
124.13793103448165
123.687768899813
125.11111111111758
126.48044692737747
125.33333333332848
124.94769230768748
124.25948592410946
131.31052291801038
137.76412776412678
134.69687691366127
132.71279853031155
134.27148194271115
139.59183673469488
137.3012939001806
135.91160220994354
142.4661071659138
154.82439926062756
154.41176470588167
150.22058823529827
150.22388059701234
154.03095975232685
158.02712700370003
155.92638036809495
