180.11022657685183
179.78048780487725
179.7828709288301
184.02042118698046
187.12111990261616
184.91206791994952
184.12048192771005
182.00247218788547
182.64381884945078
181.8624467437622
181.40878988561226
180.0
180.11022657685282
179.45088468578203
179.56574185765825
183.21839080459895
186.69104204753236
184.79999999999762
184.459214501509
171.0669975186124
174.2787286063582
174.9696233292827
176.5342960288801
178.04222648752315
183.39622641509675
181.63339382940305
185.07352941176515
172.45376078915004
175.48623853211168
176.5133171912825
181.21546961326007
179.2377495462787
179.13772455089898
189.10420475320043
228.76569037656816
189.6245733788374
180.33519553072747
181.3106796116513
185.18700183936113
183.65089121081664
184.73974280465322
184.16058394160703
183.1464737793848
187.1911493546404
174.68634686346743
176.8112400733052
177.27437916414493
179.34782608695613
182.05583756345303
185.79939209726365
184.13043478260593
186.92730604764938
174.45129469790385
177.0311545510091
177.60290556900648
181.20511259890685
178.56177012907273
179.67012828344613
179.34466019417238
179.89176187612512
180.22085889571034
178.90243902439025
177.80755176614286
177.82608695652172
179.22365988909752
177.90569503979842
177.69371568029044
177.60580411124866
181.76904176904418
169.13793103447964
172.2025625381305
174.0108892921961
181.03119032463567
183.6241610738207
182.40875912408842
181.8422636965691
182.99445471349435
182.09430496019357
182.41463414633827
181.84671092335626
185.97785977859945
173.24307692307855
175.60439560439957
176.62839879154237
182.17973231357718
185.1553930530213
183.38797814207888
182.59927797833697
182.00000000000324
181.6533986527903
181.20658135283603
180.75949367088688
