212.6402835203778
197.87234042553212
184.97354497354573
189.3950177935935
181.21100917431033
189.8761061946895
176.2743938497911
165.79505300353196
165.26690391458962
165.1239669421468
165.3255131964794
170.80615384615464
171.56421180766807
182.98578199052247
168.2978723404274
175.418181818185
186.20689655172248
191.6060961313014
181.92170818505454
168.29787234042558
165.00911854103265
176.56615384615142
188.46803377563253
184.87084870848668
178.41456253669995
182.66745702430347
174.705882352942
181.468531468533
185.99260172626546
178.73536299765732
204.8009797917961
184.0
169.32558139534808
161.9123505976104
97.4141876430195
92.0236686390548
89.58236658932942
85.22361359570483
88.93867924528206
86.2913522925119
72.13358070501219
73.30985915493127
58.56056173200945
58.355184743743735
59.54090641553945
58.62433862434004
60.00000000000065
46.31578947368421
32.84210526315483
29.576946658491185
41.770334928232614
50.76354679802886
48.01397786837462
33.45882352941793
31.0454813939793
30.192195690153188
28.842105263159425
11.02265768524169
13.08713214079485
4.652307692304468
18.736842105258564
17.301679212505647
NaN
0.646319569126549
NaN
7.587822014056155
2.7336448598191923
NaN
13.325373134322103
1.9938461538413181
5.894736842103732
1.2653778558844746
NaN
13.695652173911583
6.397058823532594
8.806057076297353
2.7610619469011097
1.7625458996312235
17.737226277376884
12.967032967028228
13.958333333334908
5.99260172626546
20.80674292594525
12.501471453799327
NaN
14.085155350976688
NaN
7.135135135141428
NaN
2.323943661976423
