180.32906764168212
178.45208845208987
178.47272727272767
182.54456054087296
181.43119266055166
180.97649186256743
178.0049261083752
178.02679658952377
181.8738518064899
180.22085889570232
179.8909751665673
183.54679802955744
170.09779951100236
173.4861278648995
176.31713554987337
182.0614828209761
182.87822878228823
181.86699206833316
181.73703256936105
178.55999999999676
178.35866261398175
183.32103321033213
169.5156345800143
172.495468277948
176.08695652173955
181.9588875453438
185.85635359115741
184.06841783750647
182.9294755877042
180.44334975369418
175.51601423487273
178.02426343154093
181.43835616438506
182.20408163265307
197.96008869179786
190.90261282660606
182.402912621358
186.74861708666302
184.84107579462062
183.5847917923951
186.74861708666302
184.73974280465518
183.27272727272728
187.306273062731
185.28763769889562
183.70012091898388
185.97785977859738
184.28833231521037
184.13542926239336
180.88669950738634
180.54711246200608
185.19975414873883
183.41702388242535
182.28123114061597
179.77805178791536
179.5609756097545
183.64640883977415
181.98773006134488
181.089588377724
182.88177339901313
181.64935858276937
181.63141993957703
178.66995073891542
178.5757760194734
183.42962507682697
181.8738518064879
180.97885196373988
178.78003696857428
178.9010989010949
181.98044009780273
180.221130221127
179.67252880533735
183.542435424355
181.9804400977947
181.51990349818823
178.44827586206736
178.46528623629163
182.98342541436548
181.43470263641856
180.65296251511725
180.8866995073924
180.21978021978103
180.3258901629443
177.45230769230446
177.81021897810615
182.5414364640916
181.1015911872705
180.32628398791067
179.0030769230753
178.79194630872243
179.7826086956514
