-11.80693069306966
-2.8906732550961465
NaN
5.872020075283143
6.557788944724822
8.89156626506103
9.717514124292185
11.707317073172396
13.012048192771084
3.6067626800258505
8.747663551401054
11.250000000001599
-5.393258426965474
-8.044692737430978
-9.71223021582739
-12.76913503422685
-14.953502789834317
-5.555555555555543
-10.215916101172922
-7.44360902255886
NaN
8.774999999999181
9.553679131482967
NaN
16.373831775703383
16.688741721855845
6.735063367532445
NaN
4.039900249374935
0.6490384615368888
-15.056179775282487
-13.572710951528336
-18.712344949791827
NaN
39.975728155338395
85.6730769230779
97.62711864406877
114.63813719320024
119.54887218045086
124.64129756706232
135.94708358388357
135.9759036144594
140.85000000000082
148.80866425992872
135.5703077851525
135.89403973509818
140.03752345215796
147.6756756756741
132.14371257484873
136.30188679245035
149.7941359950076
156.2958508719205
142.0422960725099
143.08805790108786
149.15254237288033
149.26829268292724
157.5406871609437
163.98496240601818
163.6159600997524
170.58328322308998
176.28981886321537
173.96273291926116
165.63887222555573
170.25513378966943
180.8921933085453
175.77777777777453
170.66666666666504
181.23057799875946
180.9045226130645
183.719474013775
192.05793602896242
187.56112852664248
190.66749844042016
187.26943942133903
179.1314837153165
176.7313713212256
175.2808988764037
167.33613950691438
172.57500000000164
170.70317361543334
168.86138613860996
177.99999999999676
186.11488573192932
182.24719101124003
183.05084745762795
197.89868667917597
191.07358262967514
187.44360902255482
191.0112359550553
187.69416014449354
185.625
188.5074626865615
