174.05867970660086
170.4014379868179
178.31144465290805
182.8329297820837
181.756097560976
181.32029339853182
178.80506940253233
186.26086956521576
178.47087378640617
168.24893227577908
169.89010989011115
169.78645515558145
166.48648648648648
175.25721455458088
180.3278688524582
179.45088468578203
179.009174311925
176.00958657879087
182.70000000000164
186.8768950879333
174.17226634086828
175.706422018347
172.74804570054036
180.7850467289728
174.65130382049765
165.19195612431648
167.03296703296593
166.7598784194505
163.5379061371852
173.3333333333338
173.8224852070975
173.59855334538918
190.93696763202612
186.1708309122619
214.8217416715374
197.45327102803577
191.66565717746698
191.0516717325212
178.2374541003668
179.99999999999798
178.16436712657392
184.62695924764725
188.74848116646425
175.92161665646174
177.24770642201835
179.02702702702544
174.57967377666125
186.31578947368462
189.9453551912573
188.89566809029728
189.8780487804878
174.4798556824991
176.93803159173635
176.81901279707537
176.69926650366745
175.40145985401782
178.37447320891027
173.89447236181155
185.4135338345898
188.96719319562644
187.91208791208874
188.32116788321002
190.3846153846179
177.25776965264686
168.0146609651784
169.87775061124628
167.66826923077144
170.1000000000049
183.370786516858
186.8768950879352
185.59414990859077
185.06112469437886
187.2172351885068
174.8633879781413
166.06946983546925
167.9268292682927
168.16077953715066
173.95820139328362
183.23353293413174
171.12598904442848
172.6418547895049
173.0726939523527
169.93385447985642
176.62921348315018
187.18204488778213
190.25454545454704
177.470983506415
178.2396088019576
174.49970041941444
182.02247191011566
185.67272727273203
184.82926829268453
