181.86471663619824
181.75182481751864
183.19266055045833
173.927434754934
181.31386861313848
180.76688983566726
180.7640994542135
170.91373801917183
179.12302070645634
179.23123856009883
178.91041162227603
184.1432225063943
177.8048780487805
178.6845310596845
178.577507598785
188.16613418530602
179.780219780221
180.65773447015874
179.78102189780944
181.75824175824016
172.55251432208578
180.2189781021886
180.0
179.78208232445638
169.87212276215124
177.91844187462002
177.918441874618
177.48938750758313
176.77976557680486
177.2341733251383
173.65970149253576
177.64845605700827
177.7751618599172
192.97200714711178
177.5254034668249
147.4179236912147
75.07798960138707
52.33666862860286
39.58687727825101
38.93074119076381
37.89473684210526
44.861196792101616
32.34461538461619
34.63235294117792
36.37248934875324
35.8663366336641
43.08451573102932
30.71823204419816
33.00733496332511
34.61959829579892
35.64356435643556
37.439999999999195
38.62660944206
39.44004869141831
39.13526868437757
45.97162245527655
48.14723926380207
48.85085574572222
48.583586626133446
48.0296479308189
53.95577395577742
58.050275904358806
43.46341463414475
44.20668693009278
45.316293929714135
62.4175824175779
46.09756097560975
46.01339013998803
46.69549104385381
52.40786240786425
38.0452046426372
38.46153846153863
39.14945321993063
40.945686900965164
54.00000000000479
39.26873857404289
40.02430133657227
39.75323874152028
45.74585635358534
31.44777031154377
32.72727272727563
32.46973365617015
34.044728434511484
32.28798047590125
32.487804878047186
32.96543359611539
32.606284658034355
19.65644171778659
21.357798165139215
22.81535648994057
23.577926015765335
20.135218192989928
