-24.72589792060603
-23.591682419661026
-22.684310018903602
-21.323251417768574
-18.374291115312758
-13.837429111531947
-10.441361916772564
-7.712665406426424
-5.671077504725872
-3.8563327032111374
-2.268431001890349
-1.1342155009451744
0.0
NaN
0.9073724007553247
1.8147448015147547
2.495274102080209
3.1758034026456996
3.8563327032152435
4.310018903590887
4.763705103970557
4.990548204160418
5.2173913043462115
5.671077504725872
5.901639344263107
6.351606805291399
6.351606805295452
6.5784499054812615
6.805293005671047
7.032136105860906
7.027707808560965
6.003335186214576
NaN
2.1595680863827376
-34.6712802768144
NaN
55.53903345724839
47.30259001895352
66.13636363636462
79.72239747634153
92.50000000000186
105.02835538752562
122.41357636706529
118.9090909090909
106.37837837837601
108.18067754077734
117.89999999999918
127.05882352941153
124.20788979336281
135.87460815046776
146.48275862068883
161.35593220338976
161.8079096045195
162.93785310734208
165.7537688442187
178.86934673366423
191.98492462311415
190.97423004399815
190.17587939698078
189.37853107344554
188.81909547738607
188.58218318695364
194.48275862068894
187.1365638766552
186.56603773585235
185.87939698492542
178.9090909090909
172.7272727272751
173.98107255521
175.00630517024214
176.03024574668777
176.48835745751794
176.94147262429533
176.94915254237205
175.73033707865252
174.1645885286774
175.05000000000655
176.17021276595588
176.72727272727107
177.40438871473026
177.51568381430278
177.96482412060385
178.19095477386688
178.30295411690759
178.52922690132075
178.6415094339573
178.8679245283019
178.98049087476647
179.09433962264646
179.20704845815308
179.20704845814893
179.31989924433415
179.43360604153142
179.31989924433827
