-16.01924233313207
NaN
0.4398289554058314
1.7518248175186504
-9.530685920576843
-10.103721781570982
-8.392638036808194
-10.775809407451789
-15.063674954517126
-22.230215827340317
-6.003848620911697
-4.170731707316293
-8.961748633876653
-16.412717456509426
-0.23076923077007905
NaN
1.5319148936186135
-10.804321728691434
NaN
5.714285714282542
6.123936816523304
1.5153337342129176
-6.161369193152439
-4.638036809816754
-6.593406593406598
-11.563636363634771
-17.132530120481135
-1.1531069827033775
NaN
1.0915706488781103
-9.963898916968276
NaN
10.613718411551629
14.819897084049556
-29.616453585327122
NaN
65.79462102689392
68.27963525835628
67.66584766584475
82.60122699386423
94.45871559632947
92.57769652650961
91.63240628778817
95.80823601720755
114.2647058823521
111.34474327628418
109.27007299270018
107.34146341463335
109.23832923832771
107.73561811505452
106.24390243902359
103.88384754990733
102.8887523048551
102.22766217870199
100.81757169005434
98.85783718104236
98.32210655235485
100.14705882353218
98.08185705558586
96.21818181817865
93.3818181818166
95.09852216748412
94.19117647058943
93.39829476248914
91.52912621359582
92.09815950920407
90.88235294117767
90.32967032966754
89.23636363636682
87.49090909091386
86.72828096118822
87.13235294117608
87.31261425959505
87.75137111517445
101.46461538461378
102.98342541436051
101.82040317654267
100.4498480243193
100.08573178199775
105.23076923076923
104.77941176470775
104.77120195241068
104.16464891040958
105.51724137930854
107.49233599019024
107.86845310596945
107.4954296160887
110.76923076923077
128.17679558010934
133.26817348808714
130.8491142333531
131.35135135135516
134.75107559926505
