173.13974591651618
180.11356466877012
184.29594272076372
174.43533123028433
188.1669691470055
177.5403726708107
186.99248120301039
185.25547445255594
170.94610778443348
175.9090909090926
186.311970979441
183.25301204819277
169.56680902989424
180.56782334384857
184.22636965683282
188.3313032886728
173.18099819603015
177.839545167402
188.1021897810215
173.37356668678495
178.8621997471555
186.86025408348382
172.47728649303494
185.3442830069497
175.80895522388295
167.71175726928027
187.80641106222458
176.89470553241958
180.56568196103285
190.8065494238929
176.1346488682542
193.28134373125502
193.45896656535274
177.02479338843054
174.14167198468365
180.79595704358687
183.9848197343454
184.6620341124451
182.02753441802173
179.429296131896
185.48223350253514
181.33828996282406
177.15729627289954
188.1867798665878
173.4861278648995
178.58095815645726
180.66666666666504
189.28301886792536
186.67477203647258
171.9951923076927
177.61212886923522
186.96493349455827
184.2365721182857
170.5494505494502
180.7929515418531
184.44846292947398
187.99756542909236
172.85198555956444
177.49683944374536
187.66423357664226
172.82608695652326
178.86219974715965
185.29729729729888
175.36140791954506
193.65517241379146
184.5762711864376
171.6050878255596
185.10396975424916
175.16994633273694
178.86649874055416
189.49666464524046
174.4732089102927
174.64480874316772
183.40909090909088
187.26943942133494
174.0803897685732
179.6660482374776
188.14070351758872
186.4559270516733
171.68566286742578
177.1572962728954
187.07803992740872
184.01446654610893
170.32967032967107
180.79395085066244
184.448462929478
188.43578819232778
173.06859205776004
177.72439949431515
188.1021897810234
173.1563065781541
178.86219974715547
