176.75090252707582
176.43243243243126
176.43671265746832
176.97841726618685
177.31022115959354
176.45796064400795
176.1428571428548
176.1474435196191
161.96799051571077
147.51219512195283
154.9253731343307
166.51685393258433
172.22088835534333
171.43889223359463
171.44918821406935
171.9951923076927
172.65306122448862
173.84523095380848
174.83870967741817
175.48926014319537
174.53245979749812
174.00713436385212
173.90374331550922
174.23487544484027
162.87804878048541
156.6480446927356
168.65876481596973
174.165666266507
173.17278747742398
170.70623145400904
173.68233194527107
184.43776307877366
178.8781869688363
234.48763250883184
251.82587666263817
268.69565217391323
-89.02291917973503
-87.49697702539379
-86.13897280966847
-86.46952323476063
-88.80866425992741
268.6470234515955
266.00240096038436
262.7784431137717
267.834669956817
-78.82057716436572
-75.42444310656452
-73.2608695652188
-70.78407720144861
-68.23104693140766
-64.13043478260926
-58.87748943874527
-53.19662243667091
-47.653429602887854
-41.92076830731855
-52.84601557819008
-67.99760908547233
-71.95716835217507
-61.430363864494325
-59.60264900662173
-58.9130434782582
-57.20845921449995
-55.802171290713545
-54.36823104692803
-51.335347432021024
-47.55126658624397
-43.59036144577999
-39.182200841849124
-34.81081081080765
-30.413421210302147
-26.682606096827442
-23.21194029850591
-1.5829145728659455
-5.851896447916658
-15.869565217389493
-27.99276672693958
-27.075812274368104
-28.489208633087344
-28.192771084337323
-27.341772151895327
-25.62123039806852
-24.663461538464446
-23.755248950209875
-23.281437125754792
-23.01075268817391
-22.540250447227095
-3.6180904522662445
NaN
1.5217391304363443
8.03377563328684
0.6498194945832587
