-5.788497217067459
-7.801857585139317
-9.150650960941107
-10.712957222567013
-11.620111731845157
-12.07453416148985
-12.521739130435606
-12.753262896210458
-12.97700435052667
-12.97700435052667
-12.761194029852277
-12.313432835820947
-11.865671641793426
-10.970149253730597
-8.955223880597032
-2.686567164180701
NaN
2.0149253731375727
4.9253731343259375
7.388059701494931
9.17339962709434
10.522388059699097
11.634555624613213
12.305779987569808
12.753262896206412
12.968944099377255
12.97700435052668
12.968944099377255
12.737430167599362
12.298136645962733
12.0595533498752
10.362694300518092
-17.486338797814142
-22.157221206578356
-39.81373690337574
-45.10948905109581
NaN
98.42529448232825
112.40223463686962
128.2681564245799
140.95711622125575
141.04477611940362
142.7895392278967
143.91033623910468
144.22429906541893
144.4485981308403
144.134495641343
142.9313543599243
140.0
137.34491315136415
136.68329177057305
136.282527881042
133.4806629834249
135.66903684550934
144.31323803604755
144.89719626168142
146.46728971962455
150.504672897193
154.38118811881165
153.25213154689655
149.3546404425316
147.46452806908962
146.40296662546257
145.38033395176024
144.2229102167199
143.42007434943946
142.61624302541424
141.8114143920589
141.14143920595137
140.33519553073086
139.75155279503105
139.30434782608532
138.7197016780628
138.1863354037332
137.3772529521462
137.01492537313658
136.5671641791051
136.11940298507866
135.67164179104213
135.22388059701066
134.8599875544503
134.63596764156426
134.1879278158034
133.96390790293063
133.82316313823145
133.8231631382263
133.82316313823446
133.82316313823145
133.9065420560764
134.1308411214937
134.355140186911
134.80373831775375
135.0280373831792
135.4766355140138
