181.9877300613509
180.8801955990232
180.76132930513674
185.51470588235395
170.08567931456452
172.59975816203024
185.2873563218395
189.28961748634086
187.13085234093674
191.71990171990205
176.15149664019344
177.72426249247403
188.84492661136008
179.1262135922338
180.10784901138445
176.57037492317312
177.15328467153245
177.5135135135143
182.1880998080631
187.4002418379677
185.82733812949408
185.41436464088358
171.44945188794236
174.165666266507
177.46478873239562
183.69565217391263
183.56756756756678
186.53919694072533
190.83032490974725
192.52747252747417
173.81555153707168
177.1428571428583
190.87248322147613
186.8461088355763
173.92265193369963
186.14003590664154
181.43119266054967
180.97180563887184
185.84200857317936
184.82338611449416
184.24169184290187
183.55901737567524
187.93145654834834
186.69104204753046
185.76435045317538
184.95215311005018
187.8165137614663
186.44808743169156
185.18607442977117
190.03061849357044
188.3313032886728
186.72289156626584
190.5752753977951
188.79120879120882
187.3913043478293
189.07103825136528
187.17351318209276
186.6505148394897
186.162162162159
175.2783109404965
182.81588447653664
186.94427434170163
185.3879047037239
184.7883917775106
187.90243902438704
172.1643163703265
174.4464609800339
177.82345828295044
181.49139579349824
186.70673076923543
190.7050889025187
175.045871559633
176.9601930036157
182.42944785275753
181.32029339852983
180.97885196374781
185.95588235293874
170.52631578947114
173.03506650543983
185.97701149425794
189.94535519125918
187.77911164465854
192.16216216215818
176.48351648351567
177.94099939795146
189.64285714285865
179.78155339805747
180.53924505692424
177.45543945912806
177.8102189781022
178.05288461538538
184.6035805626598
