170.20556227327793
171.9402985074627
170.88057901085588
169.52727272727233
170.22919179734615
171.85714285714442
168.87822435512982
127.61816496756299
55.73923166472684
47.16521739130131
33.93442622950528
21.671537112797957
10.649651972158555
1.3211009174319936
6.365853658535787
8.91842900302194
10.00000000000077
16.073394495411243
24.0
125.94752186588921
125.9687680740315
132.70072992700838
147.37226277372534
162.05438066465257
175.81395348837447
172.20256253813258
172.24043715847156
172.4187725631788
173.92771084337508
169.2065414900065
171.90161967606483
178.7397899649953
184.3742405832301
214.12173913043554
160.87193460490482
98.20022497187792
76.52378156194752
67.60563380281704
53.72502937720614
42.51468860164571
34.81828839390417
22.46064139941844
6.7015706806297395
4.63519313304404
21.639344262298167
26.181818181817412
12.399299474605243
NaN
2.6309378806309986
5.898058252428735
3.951219512193525
5.707317073167538
12.262773722624713
12.795180722894722
9.24770642201995
13.584905660378713
21.368867353117924
19.13255956017256
21.279707495431403
25.573770491804755
27.482517482514663
12.550458715597932
16.004872107192668
22.06310679612137
23.695652173915896
21.55161881490362
25.15188335358467
30.700934579436062
18.131067961163538
18.010982306285758
22.5136612021846
30.162748643764196
27.8780487804894
30.400972053466393
32.822910578613175
28.443908323278027
26.54478976233708
28.869987849332922
32.193353474318656
36.60662405578183
21.30567419158164
24.262295081963924
28.329297820823744
32.35470341521841
27.658536585362658
30.545454545454547
34.52352231604674
36.32826747720843
36.24014554275763
35.97895967270326
