170.00000000000017
172.3943661971827
180.65533980582563
177.01290719114857
180.99325567136685
179.00552486187885
184.21182266009973
182.20318237454302
187.2
185.3879047037279
191.11111111111111
176.37141111789737
181.55363748458853
179.67173252279716
181.88772362738928
180.3278688524602
179.2227020357816
178.25454545454704
175.447254780999
175.0998185117967
177.6952624839949
184.2519685039366
180.77538461538543
183.18486882245233
180.55316533497233
184.87084870848875
183.08823529411683
188.10610734114863
173.7170851194113
180.77634011090453
173.20754716980971
177.3618940248042
164.48853068815703
179.28853754940823
181.16402116402153
180.1074626865656
191.0701107011071
188.32116788321002
193.14917127071786
190.40779062690206
193.82913337430847
191.77981651376226
184.3132670952663
175.55006180469715
175.62575941676593
173.10259579727975
173.32522796352742
171.10012360939234
171.49090909090592
184.88888888888647
182.5075711689877
180.00000000000202
179.45553539019963
176.10870907968084
176.29987908101415
172.88888888888727
173.8006042296025
170.33929673041646
171.63548581774216
168.23674475955374
170.1146650573302
166.58040665434132
168.92641737032486
165.38745387454185
177.8287092882992
174.1219963031431
174.2426071213044
171.13300492610423
171.85274592637694
168.70848708487398
169.7826086956547
166.8346650276527
168.26086956521414
165.62653562653958
167.05740181268723
164.74201474201547
166.28778718258937
164.07862407862643
165.95281306715296
163.61623616236264
165.71774682011048
163.49538461538302
165.71774682010684
163.37438423644895
165.49969715324144
162.93103448276082
165.06359781950275
162.93103448276082
164.96368038741005
168.2458386683731
175.34576067348243
170.58461538461538
