-4.576271186439499
NaN
3.2335329341317367
-7.468879668049794
NaN
10.378378378376805
15.187165775401914
-8.13317479191278
NaN
11.169451073987219
7.881656804735278
NaN
3.043478260868768
9.263913824055964
-12.796208530805586
NaN
6.902336728581573
10.475059382425822
-7.576668671076391
NaN
0.647870425913243
-8.76484560570151
NaN
9.086538461540055
13.928571428571429
-10.023696682465925
NaN
9.677419354838625
8.952042628772116
0.4360993337347483
3.640690065434934
19.743290548427627
19.158913286191883
229.9774266365694
213.21616871704958
209.76882039122845
206.33353401565435
206.1778846153835
207.2531418312399
209.50118764845652
209.5395513577344
190.46135410425683
190.5244122965649
193.51351351351352
197.49552772808715
177.23404255319306
176.0727272727249
182.38841978287172
180.86021505376462
174.24852071006148
180.5671077504726
192.81867145421862
173.38078291814676
172.92196007259128
179.12938331317702
183.8802395209565
164.83985765124075
172.85444234404622
186.57878969443024
181.17787031529085
175.82391433670276
183.84905660377524
195.34883720930148
174.67455621301775
174.43973349485313
180.86956521739052
181.39868499701058
174.88151658767848
181.02079395084817
192.83403235470487
174.2280285035652
172.089102950031
177.2743791641429
183.56328734253069
165.46318289785972
172.981132075475
186.15476904619152
181.3936867182878
175.41197391819878
182.60869565217726
194.50746268656715
174.56483126110285
174.00363416111443
180.43478260869327
183.55475763016474
176.80094786730245
182.83553875236706
193.9125224685455
175.40106951871735
172.23952095808696
