181.5347137637034
166.66666666666703
169.90548204158836
174.96962332928368
180.10968921389338
177.19424460431617
173.86114494518836
180.76782449726056
177.7405857740582
180.34026465028478
192.78688524590237
180.65853658536426
179.1346153846142
176.4920828258214
182.52285191956048
179.4614003590684
175.72732805843012
182.63093788063298
167.52688172042969
170.81285444234572
175.84447144592835
180.54844606946784
177.84172661870502
174.41265976871733
180.9872029250453
178.0622009569386
180.68010075566585
193.00546448087584
180.65853658536426
179.35096153846115
173.42908438061002
175.10815307820152
136.66666666666893
189.3134328358222
175.17569982132227
181.41904184353876
187.99756542909236
189.20828258221837
187.3646209386294
192.78688524590237
191.91335740072196
189.16363636363397
194.6537059538292
190.60083283759624
186.8936170212758
192.24787363304858
188.57142857142858
184.81166464155487
190.60109289617375
186.96014277216136
183.05825242718564
189.28961748633688
185.4545454545458
181.52912621358985
188.1967213114714
184.28061831152996
179.89071038251524
187.2262773722611
183.7522334723049
179.4535519125683
186.68289713937747
171.9306634787767
175.03136762860967
179.3438639125128
184.6041412911092
181.50717703349443
177.91844187461805
184.93601462522855
181.71837708830395
183.96475770925107
196.04608853850488
183.95604395603837
182.48350329933933
179.89031078610762
185.92682926829428
182.7956989247296
179.01399878270897
185.8135283363835
170.43582089552083
173.652392947109
179.01519756839542
183.61974405850006
180.75494307968924
177.58830694275196
184.17073170732027
181.29032258064203
183.62720403022755
195.60946027895204
183.62858888210468
182.37695078031288
179.89031078610762
