184.3321299638989
186.162162162161
188.74625074984945
172.66187050359693
170.42438732815143
166.36851520572378
161.5714285714278
156.88466111771646
152.79193835210444
153.0000000000016
160.52238805970384
173.03370786516774
178.70348139255822
179.02468392534658
180.5411906193626
182.3798076923065
184.75390156062386
168.87822435512982
166.88172043010476
162.8162291169432
158.6658725431808
154.53032104637202
150.80213903743217
147.75800711743508
149.70731707316833
157.76536312848978
170.23081721771808
176.3265306122453
176.8573148705583
176.04747774481024
186.96014277216136
192.01443174985
217.63172804532354
192.93286219081355
192.84159613059373
196.3043478260889
200.844390832329
196.32406287787168
185.98187311178248
173.15630657815205
173.7184115523474
172.53156945279454
171.1404561824742
169.22155688622755
172.33806292412135
184.29109159347678
192.2456351595436
194.9999999999972
199.10735826296593
203.6101083032482
198.695652173914
188.5817742908887
175.87454764776916
176.5342960288801
175.46218487395268
173.85260635111163
172.1458457860139
170.04164187983434
175.93475533249435
184.65984346778964
187.82608695651865
192.50755287009062
197.5874547647777
202.96028880866496
198.16314199395453
186.73100120627345
189.54216867470194
189.6331930246598
188.32432432432904
186.57878969442618
184.19605499103173
181.39701492537625
188.36683417085177
196.36363636363492
199.13043478261082
202.67631103073933
206.20938628158913
209.784172661873
204.07228915663123
193.99638336347343
181.51990349818823
182.37980769230452
181.40371925614798
179.78443113771985
177.84946236558747
175.59928443649142
182.93969849246477
191.81216134858687
195.21739130434366
199.54161640530373
