NaN
1.5208207604099866
NaN
0.6517803258885829
NaN
1.0863005431502788
NaN
2.166064981949473
NaN
2.3812387251962277
NaN
3.23741007194246
NaN
3.231597845601429
NaN
5.1489868891529404
NaN
4.937388193204468
-1.8193303853426528
NaN
0.6521739130458494
NaN
0.21739130434861648
NaN
0.6521739130418951
NaN
1.7328519855579831
NaN
1.949458483753716
NaN
3.1016657093624613
NaN
2.2873900293274296
216.43153526970931
184.87046632124427
181.61773517075898
181.86699206833316
180.65934065934104
185.4611650485437
182.63093788063097
186.24467437614203
180.96716417910605
180.6601466992669
177.41935483871006
176.9193154034218
174.18660287081374
174.0659340659345
171.8181818181814
172.20256253813469
170.10752688171766
170.78048780487646
168.93134328358286
169.69549330085295
168.1720430107528
169.25700365408125
167.9569892473109
169.03775883069832
167.94258373205668
169.03775883069034
167.92814371257015
169.46341463413995
167.92814371257015
169.34716290420894
167.81306171359793
169.23076923077
167.71257485029784
169.11423335369824
166.96588868940898
173.84030418251197
176.78571428571428
177.25776965265484
173.23792486583264
180.11370814907824
184.92401215805472
188.47826086956846
185.91961023142267
190.1025950512967
187.6829268292683
192.27519613759722
177.03477730323283
182.92594822396222
181.20805369127757
186.6104756171004
172.73838630807
171.36690647482402
172.29828850855355
170.83283403235066
177.83407219759178
180.0
179.34146341463574
