162.37454100367194
162.83618581907055
162.7787934186473
162.5242718446612
161.6415208207589
113.28454584588704
7.3170731707316765
-27.59508484493938
-39.195266272188576
-48.867812685239585
-56.58362989323831
-51.61846153845994
-47.32186732187023
-42.404907975461754
-43.81651376147107
-55.253837072018996
-57.0973668095524
-57.69652650822496
-59.0163934426227
-54.907749077489655
NaN
99.82822085889329
121.76470588235135
141.93154034229798
151.04301708898146
143.38423946242983
140.97442143727338
150.50970873786395
145.4391278013338
142.62899262899168
145.44789762340005
148.25915492957822
134.9741230592298
132.45901639344032
215.7352941176485
224.33823529411674
238.0147058823551
250.72215422276517
248.3516483516467
246.55737704918036
248.661971830988
247.7122641509444
255.82417582417332
265.8966565349544
261.8181818181818
259.3571861734374
261.65745856353567
266.4705882352913
-87.51990202082254
-85.48347613218954
-85.43119266054885
-87.25274725274829
-89.61655508216637
267.4348089751341
267.7941176470588
-89.0607734806606
-84.31637032494837
-78.04041641151434
-72.39608801956376
-72.21884498480244
-74.44511825349105
-76.73568818514144
-79.63636363636363
-78.72235872236212
-76.14960147149054
-72.7941176470585
-68.07833537331311
-62.5991458206218
-57.33738601823865
-54.41354292623896
-53.430656934302476
-54.73046638401371
-53.668711656448124
-52.2794117647004
-50.70422535211179
-48.88073394495575
-47.00427089688418
-45.27339003645301
-43.74848851269388
226.78141135972544
169.03076030179534
158.4084259801055
147.87234042553445
137.9857819905205
126.53254437869357
119.55637707947814
122.50614250613823
125.08287292817246
128.52418860991935
132.3885155772765
