-9.46236559139902
NaN
1.3098847786545194
6.334951456309913
-8.245931283904383
-1.0948905109489147
-4.961054523669247
NaN
4.797092671109995
9.180327868850135
9.092002405293156
5.249088699877686
9.297297297295724
-9.135951661632987
-3.2806804374241096
-9.026865671639428
NaN
1.9660194174749421
6.258992805758496
1.5245009074386462
NaN
3.868656716420256
NaN
10.690909090908297
12.480573819484443
-8.053204353084936
-2.843256379099273
-8.181818181816595
NaN
3.276699029126228
6.312217194570837
NaN
8.071748878923783
NaN
12.916453100973836
-60.03573555687922
-75.01822600243236
-88.85106382978802
255.00901984365558
258.95504252733764
241.505376344085
238.32524271844844
222.22490931076064
223.64294330518794
221.28640776698967
222.66268656716497
207.76769509982032
206.52516676773928
202.9718394248065
203.0042398546339
197.6344086021502
199.07730673316917
205.24788391777565
202.17391304348004
198.62815884476606
199.53911461491955
194.37425506555195
190.01209189842896
191.25683060109205
187.00179533213245
184.80582524271608
175.51912568305775
173.94230769230526
170.71038251366522
172.66187050359787
173.92499999999836
183.61809045226212
193.32524271844744
189.13432835820896
184.47543966039862
188.21667681070815
184.85320551228276
167.53341433778687
174.41265976871335
172.54054054053896
169.6048632218845
175.07598784194528
161.15523465704217
159.00364520048902
161.78313253012521
165.4965646470982
175.25721455457878
186.44026682838236
182.58064516129187
178.4708737864022
183.61094224923534
168.48774656305955
164.94545454545138
168.74316939890795
167.2509003601408
163.61650485437283
