176.61654135338242
177.76951672862353
175.15947467166856
180.11299435028187
178.99316345555982
178.0790960451969
177.88497217068485
174.81203007518957
178.75862068965682
177.53117206982463
181.58291457286393
180.2230483271404
177.51568381430283
178.66004962779277
175.94493116395455
180.6783919597994
179.3291925465855
178.190954773871
178.10760667903645
174.58646616541643
178.64491844416685
177.42056074766435
180.9045226130645
179.77695167286367
177.06398996235842
178.65838509317095
176.0600375234522
180.56497175141243
179.3291925465855
177.85310734463522
177.88497217068888
174.24354243542558
176.61176470588157
202.48655110579963
248.46625766871165
-17.667436489607326
-22.78758368837424
-19.08920773549579
-20.635514018693243
-20.100376411542527
-22.09547427154297
-2.9360100376395053
-6.6831683168316545
-3.9012642986136825
NaN
0.2229102167190772
-3.161856963612763
-0.4525455688221882
NaN
14.924623115578644
15.613382899628288
10.39548022598957
13.785310734464005
13.474734872114846
16.2916404776886
16.962182269064744
12.203389830511819
15.32874139011294
14.174999999998363
17.64927718415902
18.100558659214787
14.246231155777185
16.770186335403725
12.857142857144616
16.74418604651469
17.228091982591607
16.517913262097437
18.044554455442466
12.873274780428126
16.744186046506844
17.036114570358038
19.685732243873154
20.507739938082118
15.819209039548095
18.983050847461
19.07730673316691
21.72218730357956
22.31866088034728
21.016949152548566
22.71080574640543
20.924999999998363
23.758642363293742
24.357541899444264
26.214689265533554
26.972136222906972
23.218534752659494
25.34255185418164
25.97014925373635
27.796610169497594
28.086687306498305
29.567398119118973
30.676691729320307
30.523690773063787
31.884422110550055
