-21.67369054786269
-25.930372148859476
-26.60205935796455
-32.181168057210925
-32.74711946634329
-34.27544910179563
-35.43478260869398
-33.1807228915647
-37.815126050420076
-39.15407854984892
-43.122765196663636
-44.59214501510576
-48.17051509768794
-39.599999999996726
-41.62971839425006
-44.811490125672094
-45.244712990935
-47.81417510423063
-47.60869565217354
-50.48520710058938
-42.55159474671956
-31.460674157303572
-36.277415530527435
-37.02359346642487
-41.02077151335078
-31.949999999997544
-30.126429861528322
-34.23444976076854
-34.64891041162173
-39.14438502674005
-42.31503579952067
-47.17241379310195
-47.42268041237105
-16.74924471298857
-34.55172413792877
-57.36379613356894
-69.68446601941702
-77.87842669845236
-89.72776769510182
269.5662650602394
-88.32230907997479
259.04300423985643
244.1552238805978
238.83777239709417
224.06639004149523
230.76923076922867
234.82014388489154
230.93525179856215
235.28415961305797
219.90464839094255
206.42900302114725
207.60213143872082
210.78651685393407
229.07049282594977
216.9395017793582
217.1324863883873
216.51245551601454
220.58713304184758
229.6028880866416
226.4272890484728
232.8130671506394
217.11229946523687
217.391304347828
216.9804618117195
221.1235955056171
229.5620875824888
226.18138424820552
232.0337960169005
216.25668449197954
202.12048192770453
203.6814159291989
194.03618215844887
208.72817955112504
211.6014234875464
208.13518406758953
207.47928994082375
210.6933166770722
220.659077291788
204.6678635547594
191.5217391304333
195.3305539011346
191.95652173913055
190.86390532544843
193.82885696439624
206.80373831775864
210.44510385756678
195.78947368420663
199.83412322275123
190.79999999999836
196.127480457011
196.8143712574913
