177.3780873970876
184.1304347826079
186.04764813683468
172.24984839296502
173.13974591651427
171.52293577981573
173.00970873786247
173.49397590361446
177.60304375396075
184.45383222691655
186.48747709224347
186.44808743169364
186.52962515114868
197.77215189873252
188.4782608695645
190.88576664630577
189.39320388349756
188.04347826086916
190.22602321319403
176.06796116505012
177.17391304347788
174.625228519196
174.3341404358365
173.07692307692156
177.37808739708552
184.67109233554737
188.14180929095312
174.3134872417995
175.86956521739012
180.0
181.04166666666475
162.29834254143356
147.2628398791517
141.5513126491651
247.02474351237225
243.8211879975524
256.6707466340246
268.57142857142856
267.5209580838292
-83.26996197718671
-76.31738340399738
-77.42405832321077
-77.77233782130003
-73.92466585662436
-75.05454545454865
-74.90820073439431
-69.55042527339225
-73.3051359516632
-61.44670050761397
-54.097767048882474
-54.792176039118885
-54.578532443905544
-49.13043478260937
-64.69437652812042
-59.74468085106224
-61.19349005424402
-62.092580849716
-54.0651387213465
-69.35779816513764
-64.55927051671733
-65.94921402660003
-55.43726235741303
-50.18708509353917
-51.89981673793983
-51.459854014599216
-45.326876513315426
-61.024390243900825
-57.783161720168835
-59.566787003611125
-49.04942965779378
-44.972842486415686
-44.229828850859974
-56.024316109427275
-52.050816696918105
-52.74725274725296
-50.77481840193525
-51.08839446782628
-39.46768060836354
-36.282438141220496
-29.94495412843719
-43.38405356055853
-36.97885196374625
-39.92395437262286
-36.5217391304335
-31.246943765275034
-32.3890577507583
-29.636803874088685
-25.918242830992654
-40.968523002427446
-36.34615384615273
-39.46768060836354
