198.39416058394175
203.07134220072635
201.0053859964093
201.02189781021983
207.04888352444237
192.27771010962314
197.0388349514548
198.09753160746416
198.39416058394283
203.28899637243012
201.22082585278545
201.2408759124084
207.35826296742928
192.2777101096213
197.25728155339914
198.09753160746416
198.27355623099984
203.19419237749477
201.22082585278153
201.11854103343384
207.2661436330724
192.27771010962314
197.13765918738514
197.8807947019887
198.17518248175227
202.85368802902258
200.78994614003705
201.02189781022182
207.14113389626235
192.05846528623837
195.63329312424557
220.35211267605527
186.03752131893086
152.8194297782467
147.10153846154168
159.78378378378693
155.61151079136667
166.18896639188281
170.8915662650626
170.71038251366124
173.1231049120667
170.57194461168092
179.2010145846536
185.97465298732456
171.6788321167879
178.68932038835072
161.9024683925319
165.46448087431565
164.42831215970853
162.10778443113537
173.49397590361565
177.5135135135143
177.15674362089877
178.69249394673045
175.46762589927977
176.9380315917423
175.540785498491
175.18833535844718
181.41904184354075
164.16867469879676
167.21311475409763
166.28778718258937
163.5188509874294
174.18619379354192
177.83653846154237
177.48633879781502
179.45487583282463
175.79388855602386
176.83060109289858
175.75830815709813
175.18833535844308
181.0909090909091
164.0506329113957
166.89320388349907
166.6061705989118
163.9497307001821
174.07594936708364
177.94347564642447
177.81287970838395
181.0909090909091
177.94841031793877
179.01519756838746
179.4555353902036
179.1251518833544
184.48087431693432
182.27848101266062
182.95800365185718
189.60000000000318
172.10810810811282
175.73252279635895
174.88821752266176
