186.3580998781965
190.3198551599266
186.77184466019398
190.53711526855744
175.38461538461559
182.28123114061597
180.76876143990316
186.49819494584645
171.9731215638371
171.23271196632746
172.51833740831177
170.71942446043317
171.42857142857028
168.47396768401882
175.09194673430437
178.0691299165662
178.35466179159047
173.88193202146616
180.79595704358894
185.5805471124644
189.1304347826083
186.1239368165253
189.99999999999878
174.83831604637092
181.95652173913163
180.549115314214
186.2815884476526
171.97312156383504
171.11913357400647
172.51833740831177
165.42217116599792
165.43478260869608
134.42815249266775
69.70954356846485
6.632124352333086
5.1767525464342175
-2.635753508234359
-0.43956043956205804
-2.1844660194174708
-1.096224116930557
NaN
2.794029850744705
NaN
3.6559139784922845
NaN
3.229665071770356
NaN
3.0143540669848825
NaN
3.010752688171267
NaN
3.008955223879815
NaN
2.7956989247335056
NaN
3.010752688167388
NaN
3.014354066988766
NaN
2.8023952095792697
NaN
3.2335329341317367
NaN
3.2354703415218413
NaN
3.4491017964040487
NaN
3.44703770197176
NaN
6.000000000006237
NaN
5.581395348834061
-1.3644977890131713
NaN
1.08695652173914
NaN
1.0863005431502668
NaN
2.3898611949274255
NaN
2.3841059602696
NaN
2.600842865745071
NaN
3.453237410068817
NaN
3.4511683642869
NaN
16.071428571428573
NaN
2.145411203814074
