180.11173184357582
180.0
180.0
179.8882681564252
180.0
180.0
180.11173184357582
180.0
180.11173184357582
180.11173184357582
180.0
180.1117318435738
180.11173184357582
180.0
180.11173184357582
180.11173184357582
180.11173184357582
180.0
180.1117318435738
180.11173184357582
180.11173184357582
180.11173184357582
180.0
180.00000000000202
180.11173184357582
180.66502463054226
224.09026798307644
187.51740139211026
183.0252100840348
182.49547920434117
181.40371925614798
175.39613225202905
175.32178217821905
198.13432835820984
190.40963855421924
188.79699248120423
188.2176360225153
188.07980049875385
187.63092269326398
187.07423580785948
186.6250779787893
186.1759201497193
185.8354114713205
185.5021834061131
185.16853932584314
184.94382022472072
184.94382022471873
184.60386774797294
184.60386774797095
184.26433915212093
184.1495327102812
183.92523364485982
183.69632856253807
183.36239103362186
183.2482887367762
182.91044776119648
182.68656716418067
182.34928527035675
181.90180236171207
181.67806090739998
181.23057799875536
181.00683654443915
180.7830950901189
180.33561218148245
180.11187072716217
180.0
179.88812927283783
179.66438781851755
179.5522388059726
179.44064636420137
179.32835820895278
179.2169049098811
179.32835820895687
179.44064636419728
179.66438781851755
179.66438781852162
179.5527950310624
179.6643878185257
179.77639751553122
179.77639751553122
179.77639751553122
179.77639751553122
180.0
180.0
179.8882681564262
180.0
180.0
180.11173184357784
180.22360248446878
180.1117318435738
180.11173184357784
180.22360248446878
180.1117318435738
