205.93596059113267
205.96794081381074
205.55555555555554
201.77507598784354
203.72777437155315
204.13284132841443
204.09623689080686
203.6520666255392
200.02431610942568
199.313304721032
200.4923076923077
200.3207896360283
200.3207896360283
197.08029197080336
193.35377069282686
196.74676524953637
186.3294262800728
188.11612106238542
185.6934306569371
181.54601226994026
179.5566502463038
184.78072884496322
186.6749072929543
184.49178332318965
180.22058823529292
177.7832512315291
182.66666666666828
184.3360098826452
182.85365853658377
185.24050632911226
183.55901737567132
199.8779743746191
202.90104486785566
248.12307692307692
-42.54745866503225
-37.3170731707317
-26.512477175894674
-28.55399633923099
-30.055248618785413
-31.47783251231698
-32.44444444444525
-32.56830601093202
-33.009230769233966
-33.55555555555634
-34.04202719406527
-35.057821059038474
-35.97792765174569
-36.79802955664712
-37.55555555555475
-38.468190240891545
-43.7956204379563
-42.7679118187379
-43.19999999999999
-43.945745992603975
-44.471896232242216
-50.14598540146261
-51.08256880734103
-50.2583025830279
-50.60419235511529
-51.30166563849201
-57.66990291261686
-62.12974296205738
-59.335793357932516
-59.22365988909485
-59.518815545958205
-65.89090909091067
-70.36764705882644
-71.113846153851
-68.5819975339117
-68.40222085132535
-73.8349514563094
-77.74233128834516
-80.02463054187604
-75.95311536089065
-74.49042618900489
-79.12568306011053
-82.82208588957053
-84.9537892791115
-85.7777777777826
-81.43386897403917
-85.41262135922051
-89.00613496932357
269.2231812577037
267.99999999999676
-87.71799628942773
-89.12195121951697
268.34355828220856
266.45320197044856
265.11111111111757
264.3263288009906
268.3353884093711
265.82926829268774
