177.95454545454422
177.8823529411769
175.01259445843766
181.84671092335526
179.43217665615143
177.42377100186766
183.79289584587602
175.57097791798356
191.44115796098
188.5393258426971
181.40371925614798
173.29121920404128
185.123762376238
182.95081967213156
177.83132530120483
187.727272727274
184.36838830117986
187.80641106222674
179.78208232445442
188.85245901639465
185.8354114713205
179.02935889754383
170.77798861480036
183.79182156133788
180.45397225725054
176.53012048192693
186.9361970941276
183.46799254194985
187.25440806045097
179.56469165659047
173.5341830822723
161.18387909320055
173.19148936170447
178.04235832856176
152.43781094527105
138.37638376383734
227.3684210526318
247.57097791798108
263.07692307692025
267.9830405814673
266.06796116504916
-87.08955223880554
-70.86435331230035
-65.98142414860763
-66.20689655172686
-63.46504559270517
-59.96270975761598
-47.04545454545632
-36.26699629171674
-38.414634146341484
-38.25136612021839
-39.351351351352946
-42.27272727272822
-29.72067039105974
-31.225644248898675
-30.541516245484104
-30.7027027027043
-32.954545454545155
-32.282003710575
-32.19143576826377
-30.343166767008086
-30.93235831810307
-20.764890282133308
-5.214105793449278
-9.213483146072292
-4.078036500942403
-4.797092671109965
-8.437499999995396
-1.8193303853426528
-8.257904525729941
-0.2269861286221726
-6.026038437695377
NaN
10.2602230483238
3.844221105521127
7.382388419785901
-9.735576923077076
NaN
9.144981412636284
2.046746683515637
9.391304347827713
3.6226415094389046
8.88086642599747
-0.9085173501527493
-5.806451612899934
NaN
8.923821039900215
-0.9085173501527493
NaN
8.196524865194942
-6.83111954459207
-6.292134831459009
NaN
