10.35647279549598
6.57016991818673
8.802507836991827
8.944099378881987
4.08575031526098
9.473684210527935
7.023285084959934
8.361581920905637
10.99750623441713
6.801007556675094
9.924812030074344
8.725916718457876
4.766708701135745
11.707317073168301
8.156073001888823
9.9310344827578
10.515848353015945
5.897920604915732
10.375939849624856
8.372093023253326
9.03387703889588
14.373050530255018
9.962264150942573
12.180451127818701
11.81424148606649
6.3596214511024485
12.157598499061121
9.062303335431109
10.608150470221078
12.552926525530053
8.140703517588726
21.47971360381857
34.06871609403026
43.24198250728939
75.96330275229357
72.00000000000081
85.17350157728707
100.05018820577023
101.10831234257056
119.62240402769174
117.97373358348914
118.56423173803415
134.97178683385826
127.05882352941384
117.58338577721783
131.93245778611745
136.97772426249375
126.56603773584823
141.07500000000164
150.2891566265084
140.15094339622559
155.66958698372943
164.0506329113896
155.8107255520513
158.16467630421
172.94337274424478
171.0283911671908
172.77289836888568
189.17558212712225
188.03268384663576
186.62507797879553
190.09451795841784
188.58218318694935
187.04785581106205
184.8832807571011
184.7309136420492
187.58967904342447
186.21468926554087
184.472049689441
182.26986128625882
182.3699059561112
184.64443045941096
183.72881355932526
182.58265751715453
183.8539042821134
182.82131661442006
181.899441340787
179.88643533123192
180.11257035647117
184.19131529263353
182.71016311166633
181.45431945307968
179.4328922495233
179.77443609022063
182.49056603773255
181.4689265536715
181.01060511541434
182.378854625549
181.35338345865156
180.33436532508065
177.842271293382
178.87359198998752
182.7169811320689
