187.25195429945862
188.3847549909254
197.99999999999918
188.3343355381838
190.29197080291934
200.22727272727403
189.96389891696825
194.5107692307676
199.1208791208808
184.90611750454468
186.51387213510256
192.07594936709108
183.9036144578337
186.56934306569337
185.50795593635053
184.57627118643953
184.33734939759037
186.96132596684996
173.64963503649514
175.86956521739012
177.0311545510091
164.1758241758247
167.37605804111203
162.9450814725418
166.17142857143023
173.61395069152178
173.0685920577621
157.81729000613086
161.89090909091067
161.8806509945762
134.62099943851814
128.42227378190282
141.0473186119882
136.0353982300908
190.25673137132364
243.26213592232924
269.0285714285731
-70.34482758620754
-62.77499999999918
-64.70446320868388
-50.1526717557241
-46.76737160120848
-53.04347826087263
-40.10184595798893
-38.33030852994608
-37.84894259818651
-40.0
-37.82608695652482
-38.4318455971067
-40.60836501900991
-37.99758745476453
-38.40867992766891
-28.306911857961325
-29.060240963858575
-29.277108433734952
-19.187817258878454
-21.903614457828155
-23.00180831826856
-10.957514267603301
-15.189873417721742
-16.491862567816554
NaN
0.43399638335716223
-16.9462884731426
NaN
0.6506024096369764
-6.101694915260566
NaN
11.250000000001476
3.4824667472762014
0.8823529411796767
5.873111782478924
5.421686746987952
-3.0977258758483117
-5.033434650454353
-9.776704888352413
-9.776704888352413
NaN
6.923076923078437
-1.308298001208243
NaN
14.936861094410913
10.523751522531853
9.902200488997643
13.921450151060567
14.94584837545435
NaN
2.1871202916160097
4.999999999998463
-11.739130434777962
NaN
4.108108108111255
