12.731376975169272
27.272727272727263
22.456591639871224
22.036363636363685
22.38552854720181
20.319270239452855
23.14720812182714
14.885745375407877
-19.85915492957764
-25.820983995257677
-29.40966010733507
-31.669658886894695
-33.237410071941724
-34.96402877697801
243.8499774062358
195.83668775158162
181.78217821782206
158.13449023861165
132.46478873239425
124.54976303317541
119.21381774865965
115.76808129109345
113.45715997603396
111.86562687462363
110.8523409363753
109.90384615384619
110.12019230769177
228.81539386650567
245.2675886951294
259.71119133573956
-63.682310469313336
-55.66787003610074
-50.46931407942253
-46.815171583382494
-44.21432871764108
-42.28915662650604
-40.963275135459924
-39.90361445783054
-39.03614457831327
-38.16867469879401
-37.32368896925806
-36.86746987951807
-36.216867469879105
-35.587703435803974
-35.13253012048153
-34.915662650601234
-34.28571428571655
-33.831325301205595
-33.614457831325296
-33.397590361445
-33.18072289156862
-32.74698795180802
-32.530120481927725
-32.530120481927725
-32.51053582179401
-32.31325301205135
-32.510535821794406
-32.313253012047426
-32.51053582179401
-32.72727272727343
-32.74698795180802
-32.94400963275285
-33.160746538232274
-33.59422034918754
-33.614457831325296
-33.81095725466656
-34.244431065621484
-34.461167971100906
-34.67790487658027
-34.89464178205617
-35.11137868753519
-35.54485249849404
-35.76158940397346
-35.978326309452825
-35.9783263094493
-36.195063214928325
-36.41180012040775
-36.62853702588717
-36.84527393136659
-36.84527393136699
-37.06201083684596
-37.06201083684596
-37.47292418772781
-37.49548464780128
-37.49548464780088
-37.49548464780088
-37.7122215532803
-37.71222155328422
-37.90613718411578
-37.92895845875972
-37.92895845875972
-38.122743682307544
-39.11164465786385
240.86799276672616
192.09649626651233
176.36468551644546
153.18729463308043
127.27902946273821
116.69856459330249
114.46706586826033
112.66187050359133
111.28451380552318
110.3365384615375
109.68750000000301
109.10402886350094
108.6710763680038
108.30324909747245
108.08664259927514
107.87003610108887
107.65342960288919
107.43682310468952
107.50150511739695
107.4368231046974
107.28476821192147
107.22021660649773
107.28476821191911
107.71824202287242
228.44069837447836
245.84837545126246
261.1679711017425
-63.50391330523678
-48.332329921732764
-45.94822396146998
-43.99759181216018
-42.69717037929058
-41.61348585189842
-40.55421686747144
-39.87959060806304
-39.25301204818959
-39.0126429861524
-38.385542168676295
-37.95180722891564
-37.51807228915504
-37.08433734940235
-36.86746987951807
-36.43373493975747
-36.02169981916546
-35.56626506023622
-35.34939759035984
-35.13253012047562
-34.50271247739886
-34.26506024096227
-34.048192771085894
-33.83132530120167
-33.614457831325296
-33.39759036144892
-32.96385542168832
