-23.468899521530318
-22.364294330519044
-17.225923682617747
-20.180831826401914
-25.101311084622296
-23.66706875753823
-25.65217391304577
-29.007817197834584
-34.673008323425904
-17.29456384323737
-19.927797833936495
-24.51612903225731
-24.47653429603116
-19.382940108892228
-24.057796508128376
-29.624329159211527
-30.30667468430528
-18.792452830191166
-22.405745062839685
-26.22089552238964
-7.049905243209935
-10.378378378376794
-16.26634958382948
NaN
1.3012048192778973
6.244019138759087
1.9565217391296397
2.1804966686856404
142.1338155515374
157.59380583680797
153.05389221556896
138.3050847457627
157.12707182320443
144.1825095057016
232.74590163934474
192.64074289030614
181.47196261682012
187.39130434782535
188.75912408759118
188.42553191489043
189.24471299093656
193.6204889406287
180.10483401281152
172.19303604153896
172.99270072992738
173.131435493643
176.82288496652507
175.7273280584281
175.73770491803123
175.88447653429483
173.52043929225175
173.98176291793314
174.22867513611502
177.25776965265283
176.27737226277605
176.39781685870705
176.6486486486502
174.06593406593643
174.75091130012237
175.10574018126889
174.62522851919397
174.74452554744212
175.41818181817706
177.17732207478653
175.27760829774326
176.39344262295162
176.74306393245266
175.82926829268771
176.71931956257995
177.2743791641429
180.8748481166456
180.3286670724277
180.98241358398792
181.19061936259612
181.20658135283205
182.07650273223805
182.82950423216687
197.08029197080117
197.05953827460365
196.12590799031392
194.3783783783815
196.88185140072835
196.26440266828524
195.6521739130452
197.03883495145877
200.53398058252355
192.85714285713956
187.9588128406979
192.27771010962314
193.99756986634594
195.25423728813948
