183.07789740342074
193.04347826086953
178.35064141722563
186.00363856882961
185.98911070780198
174.8256880733937
185.4611650485437
168.5060240963871
179.65757767913843
187.92999396499823
174.6120952962721
184.48087431694032
168.46432889963893
179.0886075949334
188.4782608695645
174.6120952962761
183.05825242718367
181.52173913043438
182.96884544899285
190.92233009708744
173.91304347826048
177.6965265082263
182.39709443099156
178.48557692307537
187.8657378087393
197.0549185274582
181.7603911980444
190.71688942891976
173.91304347826048
184.10646387832534
215.41666666666455
204.66298342541364
201.86102719033073
209.21241050119434
202.4864212432113
191.3533374157984
181.9828641370861
179.19999999999916
183.8802395209565
189.80988593155732
198.20714718352392
185.6865127582005
174.05140758873966
183.28068043742206
183.49090909090592
172.50917992655937
183.49939246658445
167.05740181268723
178.17258883248894
186.8436934218459
173.398533007333
183.16555488174612
180.21739130434665
182.6405867970656
192.14589665653335
174.2495479204347
184.9080532656935
193.46200241255082
179.009174311933
188.64437689969765
172.16444981862475
182.73764258554885
192.05793602897035
177.470983506415
185.91240875912177
170.62953995157943
174.5121951219512
180.76317383404077
176.31768953068428
185.47528517110587
194.44779722390203
179.5599022004914
188.42553191489043
172.26860254083243
176.26373626373865
181.74334140436073
177.07757065544118
186.15969581749633
194.88231744115944
180.11009174311766
189.75045648205065
172.71299093655907
183.19391634981315
192.60869565217243
177.79951100244497
186.67477203648053
171.0653753026627
175.05796217205616
181.08958837772
175.8894230769238
184.56273764258972
