-2.452012383899728
-1.7866004962783109
-0.6703910614529036
NaN
0.6699751861046216
2.007434944237111
3.3457249070632047
5.123762376240044
6.679035250463792
8.449660284124406
10.190769230770037
11.319358816277086
-6.226065472516268
-8.6559802712693
-11.305418719208603
-14.382298709280803
-17.679558011049778
-20.085836909872
-23.339449541285205
-16.83944374210182
-4.624277456647405
NaN
8.460111317256565
8.029739776952502
8.475836431229219
9.139318885449727
10.024752475247503
10.686456400744497
11.785052501542571
12.444444444445253
13.760789149200074
14.530120481925344
18.406658739592725
8.499156829681086
NaN
47.836835599505775
33.243619489561596
-82.91296625222265
263.63207547169804
251.38114997036283
241.07334525938916
240.2226345083496
242.9666254635352
245.63658838071723
248.68274582560346
251.79962894248453
254.91651205936805
258.31891223733203
261.2723903644231
264.22222222222547
266.94632942628107
269.27911275415636
-88.5027726432528
-86.84307692307851
-85.46125461254366
-84.01477832512563
-80.29739776951601
-73.57009345795046
-86.91972619788419
-85.0746268656701
-84.35052827843657
-83.67930391547793
-83.35195530726168
-83.24860508369375
-82.08178438661474
-81.7068645640087
-82.94008647313109
-85.00616522811146
-87.45387453874423
269.55773955773594
266.41324340895557
263.00061236987096
251.6152019002369
247.0283600493191
246.28078817733999
245.08287292817784
243.82822085889893
242.42647058823744
241.02815177478422
240.36719706242616
221.6401468788198
217.45410036719355
212.38678090575408
207.53977968176693
202.78899082569288
198.0219780219793
194.1844838118528
192.10363972856004
190.91584158416177
189.90723562151885
189.00555898702734
188.11612106238348
