-4.785498489427539
NaN
12.967032967032154
15.556908094947053
-5.883777239707115
-8.509090909090105
NaN
9.866017052375108
12.88834951456237
8.038624019313556
3.092024539876497
4.849969381504046
7.4816625916862245
11.612903225804908
-9.800362976406461
-10.298234936094161
NaN
8.764455264759528
11.14077669902997
-11.080265540133496
-7.080516287643604
-2.20183486238534
-3.7362637362653004
-6.565349544072944
-10.658610271902546
NaN
7.028676021962231
9.872029250457016
11.774682010901794
-23.73853211009157
-30.17462165308433
-42.68774703557301
-73.37579617834342
267.509025270757
268.1226993865023
264.7699757869267
249.94475138121683
241.76470588235267
225.46788990825607
224.78048780487725
223.7424058323187
222.0906344410884
222.05811138014596
204.16922133660285
205.1162790697687
205.71428571428515
207.0273556231011
208.3867069486389
190.47152480097984
191.79424372320753
193.88004895960876
197.32034104750434
193.8461538461566
189.8660170523772
189.71779141104616
192.48618784530697
196.58328248932102
197.0388349514508
178.03874092009767
185.28735632183745
194.92682926829107
197.83586626140135
192.84159613058765
191.26380368097838
192.4556031843226
195.46012269938652
199.63436928702188
180.98122350090614
180.33108522378427
182.75904353157574
187.0674846625783
191.85365853658857
187.7407631738363
186.38922888616818
188.06629834254457
191.57379056950805
195.8048780487821
177.4893875075772
184.94568690095343
193.8461538461563
196.58328248932102
199.44174757281482
179.78260869565534
179.55773955774197
183.42962507683092
188.91743119265894
187.44525547445568
183.48246674728017
189.65517241379047
198.0000000000016
200.60901339829388
