184.67977171845314
181.70777988614697
181.12923462986095
180.22332506203554
176.20447284345133
178.07183364839238
178.20224719100878
184.4798978940647
181.930599369086
180.90112640801124
182.25
178.04971319311372
179.32075471697866
179.21690490988314
177.35800893427015
178.18411097099786
177.98004987531255
192.3037974683536
188.7666034155607
186.21468926553874
183.34987593052315
179.65495207667814
180.00000000000207
179.5505617977512
185.5172413793074
182.8391167192429
181.57697121401506
183.6226415094348
180.22871664548796
180.56568196103285
177.6086956521751
186.0105448154646
178.51938895417388
153.15700619020834
164.79144385026459
207.4719101123585
173.67681498829236
177.09850746268577
172.693726937269
174.8256880733937
175.4807103490484
176.25916870415688
176.487804878048
176.29539951573886
176.82674772036714
178.04583835946806
179.56782713085275
179.7730138713737
185.28763769889756
174.61866992068374
180.7840696950828
184.54326923076997
179.65583173996052
179.2060491493396
178.9868667917432
191.2923462986241
187.766497461928
185.53672316383935
178.47457627118882
178.15856777493352
176.57360406091792
177.5094339622592
181.70562223625615
178.85496183205692
179.5471698113191
179.44064636420543
175.284345047925
177.1608832807571
177.86383510306308
183.90804597701322
181.59090909091074
180.9011264080092
183.85876418663472
180.57070386810815
180.67839195980147
176.3088057901109
185.84341183959503
183.77622377622296
182.94710327456167
183.72881355932122
179.7701149425279
180.34026465028685
179.88799004356514
176.0869565217375
177.72727272727684
178.08869456589554
183.9130434782584
181.81818181818014
180.9011264080092
184.32364096080826
181.3688212927765
181.01694915254814
180.22332506203554
