173.0685920577631
176.43122676579947
176.01518026565566
182.25281602002605
172.09861695730785
162.92622442653516
177.26582278481263
183.4940513462767
172.4460431654676
164.8492462311583
182.38787113076685
186.50872817955025
174.08248655110577
167.90874524714988
186.55778894472277
184.13921690490866
172.1552238805978
166.10126582278397
185.65326633165827
181.5671641791061
180.34026465028273
195.80928481806575
192.36144578313412
174.91891891891814
164.4692737430172
179.5443037974667
185.39999999999918
173.3093525179848
164.7839699436444
181.81818181818224
186.63335415365356
171.0623556581982
150.13921113689273
113.59307359307127
55.07834101382307
5.161290322579874
8.775267538645211
1.0909090909090908
2.8380836870814985
6.0906344410860305
9.455909943712387
25.08108108108187
15.812274368229401
-4.10317936412639
NaN
9.18032786885401
11.7604355716871
14.113389626055396
17.899316345556286
16.744186046510176
-7.491082045184271
-0.6826801517091781
NaN
16.148325358851604
-4.969987995196561
-2.0428751576325226
NaN
14.764776839564227
0.22318660880833946
-0.6818181818165385
NaN
16.038531005421365
-6.679035250463812
NaN
10.434782608694162
1.1264080100125207
-8.009888751541894
NaN
9.887640449441427
11.906193625977203
-21.354104254047286
-2.2828154724159617
NaN
2.912258867453308
0.0
NaN
16.274864376130058
3.3457249070632424
NaN
0.6529625151132981
4.28840125392178
0.8899876390637903
NaN
12.172824045087758
14.94584837545435
-7.797029702970349
NaN
10.362953692111914
13.40540540540698
-7.602484472044807
NaN
10.34353529044824
