19.519408502771117
21.476014760149166
23.204419889502816
24.926470588235585
27.28606356968129
30.23737066341911
33.02551640340291
29.11111111111192
30.534726490471858
31.946144430844267
35.53930530164326
33.95807644883088
35.539305301646856
41.767955801104264
40.99878197320482
155.93345656192145
179.88923076923237
194.10036719706366
210.57020232985772
219.01639344262358
224.11330049260812
223.47879532882757
225.3836784409271
225.579399141632
224.86153846153846
233.23943661971774
232.7586206896557
234.24354243542624
238.4558823529409
236.26373626373731
250.23866348448632
241.08781869688534
229.2219679633862
232.6628571428579
213.68983957219424
210.07317073170492
210.50847457627336
212.16232586311517
208.5137614678915
213.43960760269886
210.75268817204346
206.56460502143318
212.5567136725938
210.6474820143879
207.7348066298347
216.13138686131595
213.33333333333317
215.99999999999838
213.50089766606854
209.37423312883274
212.92418772563158
208.5714285714264
213.75000000000063
212.00723327305414
209.9447513812136
212.70758122743746
209.1743119266055
215.4696132596714
202.21553281155508
201.22850122850213
208.604229607246
193.0530164533838
192.7071823204419
196.9729729729698
193.57449417535588
195.7703927492447
189.7236180904547
188.22335025381216
194.28571428571402
196.02665051483646
193.72693726937442
197.0708283313315
188.53889943074012
194.1349693251566
198.51674641148395
188.6802030456837
194.57668711656925
198.24835032993943
194.7141979102634
196.8613138686146
196.86131386861098
195.59926244622238
199.80861244018894
190.05076142132322
196.22317596566583
199.6638655462155
196.2231759656702
199.3946731234858
192.9780564263323
191.19289340101423
