180.22113022113
178.13300793166485
184.99075785582153
181.30592503023055
178.1122763726097
181.3219094247254
178.78602084610827
185.88525601480688
182.4000000000008
179.444101297099
181.3170731707325
178.22878228782247
185.4410857495369
182.07650273223805
179.33250927070213
181.53846153846314
178.45018450184543
185.4410857495369
182.2950819672115
179.77750309023403
182.53832004905087
180.0
186.77359654534277
183.49514563106877
181.11248454882772
184.4280442804408
182.09687308399918
188.3179297597062
185.23636363636285
183.1149567367112
171.3608130999454
159.97555012225064
181.1963746223549
164.65863453815234
172.09861695730683
174.92361927144614
178.78303626306044
183.43807763401148
180.9872029250473
187.1023427866847
183.1617201695938
179.2495533055402
171.99268738573923
184.39547349612906
175.7169005491157
186.64285714285793
177.6908979841189
177.77503090234856
176.52173913043598
173.432282003709
180.55521283158544
178.02439024390324
177.3300370828187
176.63246831623374
173.10259579727975
180.44389642417335
177.91336180597767
177.33333333333172
176.30434782608535
172.9956763434187
179.99999999999596
177.69371568029044
178.00000000000486
176.4152082076049
173.21803582458475
179.7783251231519
177.58241758241678
181.55363748459257
178.58610271903797
175.66933991363604
180.77443146895808
178.67970660146622
185.42769230769392
181.52357920193234
178.6683107274961
180.10915706488623
177.01290719114857
184.09342347879218
180.87378640777015
179.7783251231519
178.37642814191614
174.787430683922
181.1056511056471
178.6845310596825
185.19975414873687
181.41219070609455
178.55822550831874
179.34861278649134
175.45846153845508
182.990769230766
180.0
