-24.880733944954557
-17.955112219451394
-22.73451870018431
-19.182156133827846
-1.5603715170254304
-11.563636363634771
-8.299065420558293
-11.734317343171767
-13.93120393120239
-8.263027295286975
-15.164835164834415
-12.721636701799412
-14.000000000002444
-22.540638169780323
NaN
89.66604823747787
24.516880093129366
19.14669783752264
8.817204301076071
6.506024096385542
8.811940298508244
10.80000000000077
-5.628517823639811
NaN
6.115992970122295
NaN
0.8839779005516842
-21.94607268464165
-5.396627108060727
-9.293177627532998
-33.901345291478435
-39.97722095671975
-5.593536357986352
-16.297994269340222
NaN
67.58122743682439
61.86157517899591
72.39730226854594
83.45556246115768
96.97416974169667
103.58792184724678
102.39520958083833
105.08348794062908
111.49493746277571
108.76325088339384
111.25233644859895
124.43622920517697
128.57142857142884
130.70492825951416
145.7301293900167
147.3982300884948
149.79413599500998
162.78840222085117
178.32402234636874
175.34482758620604
170.05347593582962
169.5386458957492
176.31284916201602
176.34910878918336
175.18357187305622
189.46196660481965
190.3910614525173
188.9219330855018
187.0761670761647
191.08898568761418
189.01669758812045
189.70861748295187
188.59268443893453
181.07142857142858
179.4392523364486
178.3240223463687
177.90312691600488
175.62071116656512
176.8811881188167
181.90416925949054
180.55796652201275
179.55882352941418
177.53117206982873
178.55287569573366
183.13432835820817
181.78438661710283
181.3235294117655
179.66355140187406
180.66666666666504
184.472049689441
183.45083487940872
182.9797670141066
182.01492537313754
182.44143033291914
185.35315985130433
184.5640074211527
184.1963190184001
