9.635036496351528
9.253365973071835
13.130699088145896
13.643031784840645
16.41337386018237
18.241758241756724
19.939135727328722
23.85276073619471
26.54478976233708
34.788990825690476
35.736906211938894
42.275229357799766
42.91970802919797
46.784624771204456
46.64233576642533
49.700671960901225
50.54945054945021
41.445192896508075
42.80487804878049
46.870415647920055
47.19512195121951
50.17114914425257
50.86479902557651
52.90243902439104
53.64963503649647
54.94505494505458
57.46788990825768
46.26682986536118
47.88285539963243
50.30376670716878
89.23636363636284
70.51546391752434
61.786681104494946
115.12253436939679
109.25045703839338
108.85245901639136
106.88524590163925
108.2424984690754
108.30694275274048
110.76923076922922
109.79343863912374
114.72527472527555
113.31719128329372
123.35664335664583
132.04379562043667
136.61989017693907
136.28727936701225
139.9999999999982
140.06079027355622
142.50458155161658
143.38797814207427
145.01222493887417
146.747425802542
147.12278558338443
149.0777576853529
153.95793499043856
167.54854368931902
152.08791208790637
155.16109422491922
155.47953573610354
158.59223300970626
157.99511002444967
164.40944881889862
147.65281173593942
149.85542168674382
153.957934990435
165.80097087378238
164.61538461538055
171.907654921019
155.47953573610354
159.02912621359135
157.99511002445416
163.97334948516354
147.21271393643156
148.77108433734625
146.42201834862385
146.9695158398078
148.7356321839111
162.19541616405536
144.70372632865573
145.07784431137569
147.49202297383633
158.13897280966927
155.82417582417972
159.0090634441135
156.2347188264038
160.93357271094666
147.62755102040717
159.34782608695284
156.8273337400827
161.78313253012521
