16.402366863904938
10.372148859544188
14.927884615383862
14.476641040804614
8.216216216214644
12.756756756755971
12.34772324068441
6.266506602640325
10.588235294120768
10.437869822484432
4.535092981404485
9.075630252098462
9.165186500886568
3.2393521295741063
7.12230215827569
6.611374407583742
1.7266187050383155
6.258992805754638
5.975103734438256
1.2941881366056118
6.258992805754638
5.761707172497082
1.2941881366095354
6.25149700598724
5.341246290801187
1.2934131736534789
5.81687612208414
4.916864608074465
1.2926391382413556
5.379557680812934
7.346938775510204
NaN
14.441260744985673
NaN
26.549999999998363
56.334164588529624
72.13483146067465
86.90431519699504
96.40167364016622
102.37918215613325
114.39252336448598
122.95318127251188
123.55660936573669
125.09045539613037
134.6499102333929
133.32545776727915
129.496402877697
130.73229291716657
130.71555292726234
131.94772868699707
141.24401913875616
142.6618705035946
140.52443384982183
138.2123575284937
139.9400119975983
138.42857142856832
135.9712230215833
138.04673457159856
136.41879833431975
134.43174984966672
137.97833935018147
137.65336509827316
136.1344537815138
139.92779783393127
138.13206424747293
134.5410917816415
137.67889356584232
136.3376932223553
132.51798561151452
135.7022809123616
133.9037433155055
130.00599880024095
133.54141656662625
131.550802139038
128.27834433113637
132.16556688662368
129.9167657550545
126.39904134211955
130.3783783783768
128.55614973262556
124.96402877697938
129.15865384614924
127.7005347593604
124.10071942445826
128.2783443311313
126.7063020214041
122.51647693229215
125.97839135654215
124.27807486631536
120.64748201438952
