178.90243902439025
178.56880733944834
178.1238503985287
177.78869778869782
176.80342927127825
176.72727272727272
176.7032967032967
176.14206981016736
175.8036809815959
175.57739557739555
172.38210399032843
179.43431803897127
189.72361809045057
192.83363802559293
191.3533374157984
190.93922651933664
191.39520590042937
194.04718693285102
181.0989010988991
170.85119412125
172.6057633353783
173.25966850828686
173.36609336609334
170.6408706166885
178.3008181246046
188.9490245437378
192.96703296703222
192.47087676272344
192.60442260442213
194.93546404425132
201.15207373271846
192.65454545454386
190.49817739975737
190.67796610169617
157.99896854048427
172.33806292411924
182.9761175750141
182.2085889570552
181.98773006134888
184.46460980036142
182.53832004905087
182.54456054087194
182.438423645319
182.10720887246003
181.53846153846112
182.74893097128697
182.09944751381175
182.21402214022342
182.21674876847493
182.107208872458
181.99261992619643
184.92401215805472
183.6419374616792
183.42962507683092
183.5467980295534
183.43807763400545
183.43807763401352
185.89805825242482
184.85294117646816
184.30939226519493
184.31999999999354
184.3253234750438
184.4389642416729
185.61467889908096
186.25991458206312
185.41436464088554
185.1997541487408
185.09852216749016
184.99075785582662
185.76354679803435
188.1967213114714
186.51134273452035
186.30608481868546
186.31384615384292
186.32162661737607
186.76524953789524
189.4966646452442
187.8260869565242
187.51842751842673
187.30627306273294
187.3152709359631
187.76818742293864
191.73674588665511
190.6658521685981
189.71779141104616
189.52029520295432
189.63692307691986
189.87060998151333
195.2392638036842
194.3343465045577
192.80981595091865
