180.00000000000102
179.8886827458262
180.11117974057998
179.77750309023403
180.22249690976392
180.0
180.0
179.88868274582723
180.0
179.88868274582723
179.88868274582316
180.111179740581
179.99999999999798
180.0
180.22249690976597
180.00000000000202
179.55555555555395
230.43243243243302
191.63657542224857
188.04050029779623
186.48259303721494
186.06498194946082
179.43785134290863
179.55112219451414
179.66355140186997
179.6639701306791
179.88799004355903
179.99999999999795
180.33561218147634
180.44720496894166
174.69633193024495
177.57055214723846
176.10870907968084
173.146696528558
211.95198989260916
212.3019801980201
211.1345319280837
209.3126934984512
207.27272727272947
204.82374768088962
202.69468479604623
201.03896103896255
200.14842300556415
201.73374613003097
212.4334365325061
222.01857585138995
218.22910216718185
215.10835913312692
211.85643564356303
208.9603960396059
206.0643564356431
203.61386138613736
201.3861386138601
199.25788497217204
197.13226205191543
194.16974169742033
145.7585720995775
74.02271368798128
59.788732394364146
41.118381915520594
27.77777777777778
26.44444444444768
25.33333333333657
24.489795918367236
24.282178217817137
24.282178217824697
24.712430426713347
24.71243042672089
24.935064935066443
25.38033395176565
25.571340333539567
25.587144622990888
25.809641532753368
26.03213844252337
26.238418777021
26.016059295855523
26.016059295863027
25.555555555555557
25.12662137121552
24.68190240889901
24.014823965408915
23.34774552192743
22.69468479604622
22.235948116120863
21.582200247220506
21.15027829313534
21.1372064276886
20.940594059408898
21.372912801481377
21.60891089109044
22.277227722772476
22.931354359924065
