6.537257357544585
9.3738375697454
5.864661654136145
8.278433809819376
6.086412022543879
7.840696950840128
7.884856070087555
8.753117206981747
13.474734872114846
12.367270455964993
16.41404805914899
11.045710707579936
14.65761875385642
9.69317470256574
12.48297213622372
8.796992481206269
11.396648044693524
9.016906700062576
10.746268656714838
12.398246712586042
13.225404732253352
17.539038101189174
17.06799750467943
20.469715698390743
16.43527204502654
19.297597042515346
14.20162805259708
16.69758812615948
13.066332916143601
14.9627791563291
13.906542056072318
18.624467437614204
34.639905548998854
40.87420042644125
NaN
71.91011235955105
83.30024813895987
96.75
113.66065879428079
110.6832298136646
111.0805746408484
128.07906114885841
140.84012539184872
154.50931677018716
168.96120150187812
179.78391356542735
177.74328358209112
169.6240601503772
169.2403486924031
168.94736842105144
171.58878504672896
170.2063789868639
174.94697442295694
173.15034310667463
176.51467832604783
172.79112754159365
173.2330827067711
170.66666666666504
170.85893416928064
168.74303405572917
168.84157795866682
167.3743016759743
167.48904195366072
166.56716417910033
166.48310387985384
166.9987546699853
166.17114303559936
170.90455396132003
167.33333333333172
169.41176470588476
166.35859519408206
167.03819661865975
164.74953617810687
165.13141426783392
163.47394540943017
163.90243902438712
162.43629583592187
162.45000000000164
161.74237710018758
161.27102803738643
163.1670822942645
159.63099630996132
161.87617260788173
159.01295496606852
160.52532833020328
158.61386138614165
159.52500000000327
157.89081885856172
158.52592129918943
157.38805970149622
157.26197884256013
156.33644859813248
