216.26454378444637
214.5205479452058
214.81028151774714
212.68656716417885
216.57992565055892
215.15189088654697
220.5223880597
218.57936998146891
223.37888198757682
220.78817733990277
220.4720496894418
218.342541436467
216.26865671641727
215.03059975520324
212.9104477611958
212.5672371638145
209.64574269732964
212.0123076923093
209.4789081885871
214.525139664804
212.61595547309977
215.95533498759372
213.95807644882683
212.60545905707096
211.3091579594336
208.67947923124706
207.92152053954743
206.16149068323145
206.3119266055062
203.60472343070276
204.83516483516507
202.55528255528023
216.26373626373643
196.5100671140935
246.21204579392713
-6.8449197860939535
-4.65882352940946
NaN
1.3251533742339323
NaN
2.8536585365877616
NaN
1.0733452593917663
NaN
1.1145510835913313
NaN
1.3349814585916533
NaN
1.7744916820686343
NaN
2.430939226520119
NaN
3.304773561811513
NaN
3.754601226995472
-0.2241594022383424
NaN
0.4460966542686074
NaN
0.8894379246480703
NaN
1.771217712175487
NaN
2.647058823523039
NaN
3.3067973055725806
-0.44887780547975353
-0.44748290864055207
-1.5632754342448152
NaN
0.44471896231595576
NaN
1.3292307692275454
NaN
2.207234825260596
NaN
3.0863441518629298
-0.8977556109676925
-0.8949658172810473
-2.0099255583158993
0.0
-2.2249690976514103
NaN
1.1076923076923078
NaN
2.2072348252605467
NaN
2.647058823531005
-1.1221945137157263
-1.118707271597259
-2.2332506203474054
-0.2240199128860354
