172.86445012787848
176.74306393244973
183.80525304292036
188.05320435308306
186.75692307692245
190.98901098901104
190.30153846153766
192.80981595091865
191.22955784373224
190.19704433497418
194.38682123245925
193.50553505534933
195.7817290006143
198.6432465172626
182.43542435424436
188.01708358755252
172.0393120393112
176.91176470588317
173.24455205811253
172.3663183773801
171.21951219512195
169.6323529411768
173.2761788120021
169.1172914147501
166.62606577344627
125.50304164716957
49.78500871586505
35.15294117647136
19.293286219082127
6.553141514974303
-5.290875688915321
NaN
5.784919653894466
17.225923682615953
107.82352941176535
37.34870317002882
16.490184414040783
5.538461538461538
10.260764099455825
3.9852398524009316
5.953927938572867
8.70796460176682
-7.416127133608029
NaN
7.96558082360249
11.810449574725789
5.777777777778586
9.236408063528511
5.336627547872243
7.509202453986926
6.867692307689084
6.424615384614579
10.29197080291734
4.8919085855442175
7.931456548344337
4.666666666663433
6.19164619164461
10.26699029126377
4.2248301420662
8.131868131861772
4.002470660900228
6.184049079761029
5.937690897985691
2.8853267570883845
7.45432399513105
2.445954292770114
5.514705882352916
2.8835489833625396
3.763837638377944
8.306010928960122
2.444444444441211
5.941320293392182
2.444444444441211
4.41717791411043
7.208737864076112
1.55459592844083
5.714285714282542
1.5545959284408648
3.9754601226977795
2.6261398176307718
NaN
3.731707317074768
NaN
2.205882352941167
0.0
NaN
4.814589665655088
NaN
3.3067973055725806
0.6658446362499234
2.4324324324292252
