183.88170055452966
187.37888198757804
185.18700183936113
188.72049689440914
175.045871559633
178.87780548628226
178.8984088127315
177.09316770186499
177.80219780219582
179.76923076922992
189.2165330043176
184.87084870848668
188.27329192546748
185.84200857317936
189.39130434782365
175.37897310513364
176.85785536159685
177.79681762545698
175.08074534161327
176.81513117754767
179.07692307692392
188.67737948083976
184.86486486486444
188.0496894409946
185.1743119266063
188.603351955306
174.60550458715437
175.06234413965126
176.58715596330035
173.6233685518968
167.53926701570717
174.55790074158477
154.02646502835563
179.69508752117338
192.8878281622892
221.50347441566666
247.9439847231074
259.7439180537777
-83.0591259640102
-74.81108312342519
-61.34014039565841
-60.55452865064899
-56.86539643515471
-61.581851624769115
-57.14638665842881
-60.81081081081038
-56.22222222222467
-57.06501547987699
-51.55555555555719
-49.34579439252337
-45.2483139178417
-55.98513011152511
-52.042740414833304
-38.11224489796018
-38.73840445269326
-37.65137614679378
-38.411910669976635
-35.62614538789893
-34.76635514018693
-31.26605504586513
-32.218769422004186
-31.447770311543763
-31.712158808934475
-30.95121951219994
-19.84615384615887
-13.143564356439015
-15.901840490799145
-8.278433809821308
-11.89718482251675
-3.3644859813084054
-6.838235294114384
NaN
0.4395604395620406
-3.0019243104537168
-1.5536374845885348
-4.873846153847751
NaN
0.22045315370163068
NaN
2.205882352941167
NaN
1.761467889906655
NaN
2.414634146338269
-1.8473380372016663
NaN
0.22113022112700426
NaN
1.543172075935475
NaN
1.543172075927455
NaN
2.417582417587172
