184.0198511166247
189.15254237288073
185.5693069306941
189.84286612193668
186.2222222222206
186.23033354311096
183.773119605427
180.45340050378
179.7783251231539
176.25708884688174
176.56615384615546
173.1989924433249
174.57230769231012
170.93198992443538
173.78545006165183
170.37130270610456
176.06495940037473
173.80087664370697
180.22641509434044
178.31565814098565
184.30188679245612
181.7910447761198
187.58013827781144
184.3521388716653
189.6165933375215
185.8998144712443
189.61659333752561
186.00000000000162
184.64443045940885
182.77264325323674
178.19774718398162
179.36320754716942
180.20134228187993
162.92740046838534
175.07462686566998
182.53819036427885
177.27107337780274
186.04477611940464
188.98376428142024
176.5591397849474
170.4905660377342
182.33477455219312
187.86355475763133
174.89438744719297
179.44478716841456
187.2086072922881
184.23146473779346
173.11827956989285
181.3516896120138
178.55999999999676
188.80966767371444
180.78309509011686
185.74827802129036
182.7932960893875
187.77708202880774
184.01486988847418
188.91536050156904
185.12376237623604
189.93726474278864
185.78491965389452
190.73446327684033
186.44444444444767
190.40201005025204
186.32942628007476
185.9962287869216
183.21626617374991
180.11327879169124
179.3349753694557
176.14609571788256
176.5661538461474
173.30812854442166
174.6863468634695
171.1586901763232
173.5714285714254
170.3713027061002
174.31578947368584
171.51477058453403
177.96737766624923
176.17499999999836
182.4905660377408
179.99999999999594
185.9962287869216
182.90683229813501
188.59296482412304
185.01547987616098
189.72361809044645
186.00741656365645
188.7115021998711
185.21900061690388
183.17380352644756
181.66358595193682
178.29867674857812
178.11692307691825
