177.34969325153415
182.6405867970656
179.45619335347433
177.79411764705984
182.6438188494498
180.43530834340953
185.9770114942516
196.06557377049072
175.8943577431
175.3562653562666
182.52901649358705
177.94099939795345
184.2501595405241
195.72815533980352
174.93109646495023
175.46404425322842
182.84671532846755
177.0810810810803
183.10940499040393
195.01813784764116
173.74100719424536
174.80662983425535
181.9732034104742
176.542617046816
183.4571062740056
195.43478260869443
174.05405405405406
182.4091778202681
193.64620938627996
188.57142857142782
188.1374321880671
204.44444444444477
226.67480170836086
264.36512580456184
-40.441988950278756
-32.96229802513693
-35.229357798165154
-35.84883023395423
-37.03612982241492
-37.71010962240956
-38.28398791540866
-38.60994607549361
-40.97919216646312
-41.68190127970786
-41.76435045316981
-46.507177033493406
-48.44036697247708
-47.868852459019365
-47.1068427370937
-49.161053276180894
-48.233861144945536
-46.19277108433579
-48.02937576499585
-46.81318681318544
-44.565217391304714
-48.74316939890531
-46.7933782955252
-44.046032707452014
-50.378378378376794
-35.93090211132119
-35.090252707582636
-28.879363135330664
-29.468540012220558
-29.818621523580532
-23.268292682931644
-22.95524218271339
-24.174228675133065
-21.765417170495596
-8.260038240914582
-12.548076923075257
-6.621704475781769
-3.743119266048666
-8.902291917978062
-4.196319018408133
NaN
2.3927492447098255
-10.588235294115975
-9.033047735615014
-13.059250302297357
NaN
5.683060109294363
9.291716686672975
1.1056511056511107
5.054945054943478
11.703792895849132
NaN
9.17475728154708
9.922109047330723
1.5488629379241599
6.35036496350678
11.033653846150843
NaN
