-8.444444444442809
-8.888888888888914
-13.357664233577395
-6.468401486988057
-10.165745856354363
-13.130699088145889
-6.918784872908475
-11.86813186813498
-6.468401486988057
-9.083076923077726
-13.972104305638993
-5.806451612904027
-10.36129822412903
-6.460396039603154
-7.768187422934716
-12.904009720533793
-6.2376237623745965
-10.159509202454785
-11.43555284056356
-9.139318885449711
-13.829268292685299
-8.01980198019487
-10.848708487084025
-15.907990314772292
-8.693498452011568
-12.360515021460003
-7.797029702970349
-9.537892791129877
-14.417475728156205
-7.360594795537452
-17.79630732579136
-38.564217610769276
-58.55310415597552
255.6521739130433
237.38181818182056
233.07125307125472
222.68691588785111
217.0260223048332
217.4126302881687
217.56805807622678
215.28535980148948
208.8256227758026
198.84092253104552
181.79894179894063
175.09293680297438
184.70308788598538
174.0659340659345
173.31683168316826
179.77859778597906
174.76363636363715
187.1375464684011
192.01469687691318
188.86699507388963
190.87546239210766
194.3343465045577
191.36138613861073
194.89883507050467
189.3591293833157
188.25278810409077
193.74465485644066
190.99321406539346
193.28413284132853
196.70103092783808
193.69202226344996
196.86466625841936
191.73913043478586
190.24752475247593
195.16483516483444
192.17712177121783
193.94833948339706
197.912621359221
194.44444444444446
196.64421310471772
192.60869565217612
189.7898640296655
193.8630806845951
188.09234507897685
187.78739184177596
192.716199756389
189.57920792079054
192.26519337016404
186.86856450635509
185.1301115241619
190.2510716472742
186.9870609981508
189.11111111110787
188.64437689969765
186.3608183508998
190.7182320441956
184.91206791995552
184.35213887166924
