-7.640449438203461
NaN
2.6134301270413434
7.873633049816573
NaN
3.706844336767175
4.3036461446503
NaN
8.314606741570637
3.915407854987268
9.185905224788934
10.723404255318354
NaN
1.717352415029169
-5.66585956416543
NaN
0.2272727272735546
5.0181818181802305
-9.439809296781164
-1.3432835820903506
-4.94382022471666
-5.2268602540826805
NaN
0.43715846994694363
2.0454545454537234
3.859440142940676
-4.576271186441431
NaN
0.681388012616644
5.021224984837719
-21.380090497737626
-26.911764705883854
-28.32432432432512
NaN
25.56753329105666
95.5409444112359
90.68527918781561
109.20835972134493
125.46489563567147
139.8234552332918
145.3722453841599
150.59850374064783
156.37023593466336
155.91240875912604
162.46823956442802
157.29024238657425
167.1667699938003
170.00000000000122
168.55239248939841
181.36020151133584
178.90643985419396
166.96588868940717
170.1123595505605
179.2149532710313
175.38461538461706
180.10889292196245
171.18090452261393
184.2571255306223
174.41265976871745
172.0253164556962
178.06682577565317
167.40000000000327
178.54023705552171
182.1791767554519
193.02706104468206
188.30097087378087
178.46528623629163
166.4516129032233
168.4052532832989
178.08869456589957
174.4909431605272
180.8737864077662
170.69908814589667
181.8204804045454
184.30188679244787
190.8695652173914
175.3513513513482
162.03266787659192
167.51576292559503
180.90452261306862
190.92233009708718
180.9872029250473
168.28656716417754
169.88764044943417
179.32584269662675
175.71964956195325
168.3484573502714
174.90886235072276
185.02427184465853
181.592920353984
178.6893203883527
177.5194727381673
