181.3170731707325
187.31527093595997
183.80664652567975
180.33312769895147
184.65517241379288
182.42053789730932
188.07621389059744
184.80000000000157
182.66666666666828
186.08481868469573
184.0783833435403
190.3269586674904
174.9757281553414
173.22640345465723
178.12154696132717
175.59363525091803
181.33004926108254
178.58095815645726
176.226880394573
178.35666463785756
180.34242232086157
191.73431734317194
175.97096188747852
179.19694072657867
190.4972375690628
186.6505148394916
185.4410857495369
185.4678007290381
182.65682656826732
188.43403205918858
166.54205607476717
194.06593406593333
175.4635463546337
197.84102060844035
170.27027027026955
172.48157248157327
187.97047970479582
184.2726719415719
189.42698706099608
181.16539140671023
180.8888888888881
179.01639344262335
188.94674556213172
186.84085510688985
175.68168519602068
166.99197035207035
184.43349753694784
181.5403422982881
187.43068391866998
183.91777509068763
180.66666666666504
184.99075785582258
182.74893097128893
188.64532019704365
185.0060459492124
181.88772362739536
185.53505535055746
183.41284403669565
189.19384615384132
185.5535390199661
183.2202344231972
184.94807574832407
182.53832004904882
188.30769230769232
185.01818181818024
184.99075785581854
183.03614457830852
179.44615384615383
184.87084870848875
182.3006695070018
188.07621389059534
184.66546112116043
181.55172413792863
184.50824679291625
182.09174311926765
187.84530386740164
184.57627118644146
186.96988322065485
184.11057692308003
180.22140221402697
184.75138121547278
182.30347349177174
188.63468634686254
184.7826086956538
181.6635859519449
182.28952150212228
178.45208845209086
184.99075785582662
182.18712029161202
180.7772979642164
179.7828709288291
