167.6652516676772
171.21157323688928
166.99701492537275
172.49999999999957
176.88358208955262
173.58308157099935
174.2426071213044
170.23255813953443
167.59371221281594
169.3862815884464
163.947681331748
167.96973518284955
176.55089820359203
172.52257676098571
172.06042296072587
168.790419161679
165.88661037394658
166.65461121157202
162.26865671641792
159.3975903614458
161.63265306122256
156.85714285714053
161.20754716980886
170.41292639138283
164.7675804529193
170.13232514177616
173.9856801909323
171.08695652174035
172.1833534378782
168.6157517899776
160.3960396039597
172.92576419214052
174.31804645622478
204.2080095636582
201.3301088270863
203.72430471584164
203.73269114990924
189.691470054446
173.65212193663916
159.3727382388419
169.75609756097734
170.86186540731956
173.98865784498926
183.22580645161287
165.40540540540542
166.45394340758568
163.8516746411484
160.9107249850221
168.03011292346255
170.70623145400904
174.77931904161372
183.88023952096043
181.08303249097472
181.52357920193433
184.7482014388466
168.69565217391556
178.08150470218942
180.42654028435786
185.10396975424916
192.80334728033245
175.98068799034323
177.93602896801286
175.4838709677451
173.373566686781
174.3614457831278
170.56019070321886
168.0722891566265
176.06495940037473
178.49462365591242
176.84972842486658
179.1366906474828
176.32211538461385
176.197948098974
177.19424460431816
161.1552346570378
169.9435028248573
181.91369606003838
187.4774232390102
189.0538922155626
173.04347826086791
175.32890766445465
173.11827956989472
171.20096560048836
172.73931366646528
168.95771292436038
174.09836065573697
183.44910179640405
180.43269230768996
180.87061668682298
184.10071942445967
168.15932407966446
