148.41717791411003
147.71498771498796
147.0920245398761
146.5193370165733
145.85635359116054
145.32515337423553
144.75138121546993
144.22085889570792
143.86740331491666
143.33742331288263
142.89570552146998
142.54143646408872
142.23312883435503
142.0122699386487
141.57055214724008
141.34969325153375
141.12883435582742
140.9079754601211
140.68711656441477
140.46625766871247
139.8165137614679
102.67089180624734
10.169491525423728
-29.427207637232982
-40.28571428571661
-38.563467492262475
-35.42079207921108
-51.068301225918106
-55.72212065813437
-70.45296167247204
-70.31755542240882
-15.826494724501913
-23.801652892562515
-6.605504587153746
-11.198156682026877
-14.272189349114
-18.05504587156122
-20.697247706421194
-23.161764705882263
-24.972375690610193
-26.141538461540904
-25.714285714286575
-13.086876155267248
-6.638905413445116
-1.7832817337445022
NaN
2.885326757088417
5.802985074628429
NaN
2.00619195046764
6.456400742118238
10.234857849197395
13.563928350834535
16.888888888885656
19.765576804437032
22.208513263417345
24.84288354897702
26.839186691309276
28.817733990147524
30.57230769230608
31.881918819183646
33.23076923076923
34.51751690227075
35.62384757221543
36.50891210817521
37.371007371009924
38.03439803439177
38.45303867402884
38.697788697788006
39.11602209944161
39.092024539878906
38.674033149170924
38.429447852755914
37.79005524861608
37.32515337423634
36.66257668712139
35.77914110429609
34.89570552147882
34.01226993865352
33.32924586143908
32.24539877300292
31.361963190185655
30.478527607360355
29.8159509202454
29.171270718234044
28.729281767955545
28.50828729282064
28.083538083531774
28.100799016596444
28.322065150582795
28.543331284575924
