166.54103343464925
164.99087035909835
163.89531345100448
162.77879341864642
161.90127970749637
161.1219512195114
160.56131787675528
160.12202562538312
159.99999999999912
160.65934065934218
165.81551618815152
171.09346365302147
175.15892420537733
178.4596577017119
180.8801955990232
182.8606356968219
184.5082467929143
185.49450549450745
186.04026845637387
185.80645161290246
182.7027027027027
176.97115384615466
172.1739130434774
168.55239248940237
165.8009708737845
163.49726775956233
161.60583941606114
160.07299270072932
158.63664029214843
157.54108338405345
155.43478260869531
152.0577617328529
150.861331704339
124.03361344537878
143.18425760286084
159.49640287769995
156.53110047846758
153.60861759425694
150.75812274368243
148.8754534461906
147.96610169491382
147.05454545454467
146.70709520921565
148.01697998787017
153.75680580762398
152.78571428571664
149.9461400359071
147.42032471437145
145.99879299939508
145.39298669891443
145.4391278013338
146.83636363636603
152.14150347441378
157.9903147699751
156.0946027895715
155.06682867557828
154.09836065574044
153.41033434650933
153.19148936170214
153.7226277372265
159.41605839415757
164.33353621424297
168.0438756855559
170.57247259439472
172.23100303951526
170.5035971223029
177.0114942528711
185.01818181818024
181.61579892280074
176.9711538461507
173.26899879372655
170.74410163338982
168.65454545454386
167.11165048543762
165.68306010928728
164.6901579586876
163.69604863222523
162.8206686930123
162.26277372263107
163.23797930614802
169.37309799147815
174.08038976857733
177.8048780487805
180.98840756559036
183.62416107382475
186.15384615384446
188.2367297132359
189.98171846435326
189.9212598425182
186.89820359281595
182.4924744130074
