194.99088145896735
195.2542372881366
193.97849462365684
198.734023128423
184.9001814882033
190.40779062689995
190.47272727272568
189.80251346498954
194.6894031668712
180.98003629764224
187.01583434835723
187.0952092177097
186.68263473053972
187.12979890310984
187.06095353047672
191.2842361533772
191.12727272727352
189.89247311827842
194.35179549604413
180.32628398791462
186.24467437614203
186.10909090908933
185.48714883443154
184.8233861144961
184.77683956574347
188.86322188450086
188.50909090909408
187.75119617224956
192.16068167985637
178.36858006042297
170.00560852495838
164.3576826196481
205.2537313432836
190.73684210526392
195.50397067806796
197.3770491803276
182.7223230490038
188.43578819233193
173.89090909091067
175.688622754491
179.77215189873334
185.7435279951848
175.75830815709813
168.28806064434696
176.5673420738987
179.7727272727285
185.0628366247744
188.62340812613667
187.61789600967552
186.98507462686567
184.70516717325148
184.3321299638989
188.75912408758927
174.22168382798188
176.02388059701605
179.65887555274463
185.0507462686536
188.52976913729785
174.23564954682462
179.34703748488673
178.25242718446364
178.38226482924296
177.70212765957606
177.39130434782848
179.0293588975458
183.0662460567873
188.04050029779623
190.3951367781155
175.87454764776916
181.9684082624536
181.63537250151424
181.39868499701058
179.78102189781342
179.4575045207996
183.49514563106473
182.5106124924189
182.0466786355452
189.98738965951594
193.7964071856319
196.7416413373892
182.39709443099352
183.33134328358054
181.0948905109529
181.19061936259612
185.79939209725967
185.3357531760412
184.73118279569664
183.94160583941442
183.46987951806912
187.55015197568548
187.0866141732284
