187.81637717121487
184.6327683615813
188.91089108910995
185.99622878692767
187.77777777777777
184.87098804279546
182.21948212083845
181.13350125944584
177.561576354681
177.61814744801677
174.12923076923158
175.01259445844073
171.91384615384695
173.42569269521292
170.67817509247877
173.31655129011799
172.2423485321657
177.40763932373284
176.15094339622476
182.1334996880865
180.0
185.8208955223868
183.2809553739782
188.36949783013023
185.31741043368825
189.46196660482585
186.2225015713408
186.44444444444363
184.19131529263979
180.77634011090453
178.8735919899875
201.86320754717016
171.14093959731613
190.53864168618452
-51.7164179104488
-42.72620446533625
-41.47968465736818
-27.53731343283431
-30.30667468430528
-40.86021505376351
-28.981132075470043
-21.124150710315064
-20.682226211849922
-33.4580567290314
-24.207279457124628
-20.227136879855607
-24.52079566003465
-27.09677419354921
-9.912390488113374
-17.723076923076917
-19.794561933535533
-21.47917961466834
-4.283030682528931
NaN
4.508453350031339
6.2453531598577365
2.4827586206863708
5.7920792079176024
1.1292346298619722
5.117428924596673
NaN
4.888888888890506
NaN
4.66378778532249
NaN
5.10166358595035
NaN
5.541871921182341
NaN
5.981538461532014
NaN
5.977859778599317
NaN
5.76354679802628
NaN
5.572755417956657
NaN
6.549560853194658
5.625
5.660377358490566
6.948941469494213
3.620364550593849
6.260869565215764
1.8090452261289998
5.349845201233524
NaN
4.672435105064769
NaN
4.66378778532249
NaN
5.10166358595035
NaN
5.538461538461538
