182.34319526627297
179.3517406962781
184.54326923076806
182.23536369012456
179.24324324324246
184.43243243243086
181.80958013009936
178.48739495798162
183.2412965186094
180.42603550296013
177.08458308338254
181.51260504201642
178.82770870337438
175.572885422915
179.5683453237414
176.5876777251177
173.09352517985656
177.19424460431418
174.13159454653234
170.61713600958382
174.38848920863228
171.35743924125825
167.59736369083083
171.1616766467058
168.35608308605185
164.4790419161661
167.82764811490011
164.82185273159257
161.14901256732304
163.7537358039465
164.57142857142782
157.97014925373134
182.9914040114628
172.72178636089242
186.97500000000082
189.8753117206995
193.48314606741567
195.6472795497182
188.2845188284527
179.10780669145265
194.01869158878506
189.29171668667504
174.55838767042243
180.33686837180204
191.74147217235148
189.24985233313726
187.12230215827373
191.45258103241332
189.68657599053668
194.67330429371736
204.3301435406682
204.8201438848922
204.45768772347967
207.53449310138353
208.83023395321
209.35714285714442
211.5107913669074
212.4625524266009
216.94229625223113
205.2194828622964
193.86281588447568
194.90172721858391
200.528211284514
189.09747292418533
189.74419988102173
195.0089982003575
183.78833433554215
184.28061831153775
183.6690647481991
186.6986794717894
185.45454545454004
185.07498500300017
187.99519807923335
186.95187165775792
187.23455308938287
189.61007798440073
188.56123662306385
191.32414619532275
193.51351351351352
192.94117647059062
198.12949640288053
186.05769230769474
186.09625668449277
186.04316546762422
188.3143371325705
187.2770511296068
188.0886758538046
189.9399759903931
188.87700534759284
192.94964028776957
