18.93577981651256
9.693174702565685
12.459826946846732
14.523227383861848
5.1847213525344005
9.33333333333495
4.243176178659218
3.362391033623903
8.176795580108104
0.6754221388351364
4.232673267325913
8.37209302325423
NaN
4.452690166975861
2.419059254735086
NaN
2.6666666666682834
-5.518087063151427
NaN
2.6600985221691067
NaN
0.6695598264128467
5.955882352938809
NaN
3.116883116882328
3.7408312958451133
NaN
2.4474660074173564
-6.161369193156418
NaN
1.923990498811578
-19.952830188678433
-18.413793103447517
NaN
45.41809290953737
15.814521049421836
27.283702213278186
52.66624445851839
65.98445595854768
79.50488599348449
97.30351437699512
109.7100555212821
108.25664290343452
117.49231714812566
119.84838913455272
119.70223325062062
119.99999999999865
120.31148604802048
127.73480662983293
133.63460296965815
136.07339449541124
135.1984877126656
133.44827586206685
129.2988929889288
131.1540860885796
127.01970443349478
126.76691729322768
127.03241895261404
125.32347504621129
127.33624454148693
124.23791821561389
122.65682656826195
129.53488372093253
133.31698344574025
133.47553324968487
131.77777777777615
129.69771745836053
137.9961215255342
141.96560196560102
142.0577164366344
147.1227855833868
139.12615384615222
140.38871473354396
140.04932182490367
139.97487437185373
147.41573033707806
144.84288354898723
146.12296110413595
153.36222910216557
148.88888888888889
150.5823418910434
157.4025974025983
155.3517587939708
160.07462686567237
158.20528580208904
157.74011299434935
163.39318885448753
162.05642633228675
165.77473553204655
169.60687960687392
166.44918444166012
169.63467492260548
