175.63106796116605
191.78181818181938
193.76593279258475
185.92941176470725
173.31786542923288
177.486338797813
183.27669902912422
180.3204747774473
189.46223564954366
185.9016393442608
172.87543655413344
185.02427184466055
186.10909090908933
189.81438515081172
192.0564042303149
178.74418604651086
170.61818181817944
186.9818181818158
194.35714285714053
200.7976539589412
185.8265895953742
176.94545454545138
184.47001817080402
181.17368109069585
189.01629450814642
196.0375146541627
182.40837696335
169.3497363796129
175.28009535160948
180.74074074074153
182.36842105263298
196.70533642691228
187.62214983713466
202.89381563593835
212.78648974668369
239.12727272727352
248.96174863387787
262.4238805970118
259.9152029073288
-88.36363636363637
-80.80760095012039
-73.26086956521567
-69.93563487419635
-74.22248107163631
-62.978208232444445
-56.88729874776425
-42.671480144405734
-53.74707259953186
-67.43455497382297
-62.57193188491004
-67.66917293233098
-53.70527592479988
-53.85826771653632
-59.85748218527391
-43.80145278450027
-42.86217008797502
-40.25626092021105
-41.06796116504711
-41.161524500902885
-38.048780487806255
-37.905882352944275
-26.89778840406467
-27.021791767557545
-37.35052754981831
-34.7643979057558
-24.45118253487101
-7.854545454550191
-13.102625298326359
-13.510895883778744
-11.707317073175261
-2.389861194927505
NaN
12.406662837449845
-6.755447941885393
NaN
8.947976878618773
3.056397816861852
9.158086008481376
9.389448725551375
13.69565217391128
27.1896955503468
14.458672875432041
NaN
6.9775893397957125
7.091541135576526
4.22535211267611
5.850261172379748
-6.771844660198951
