11.018113678949875
8.089887640450264
4.748743718593766
4.078036500942351
8.387909319900933
9.29471032745668
9.373837569743422
3.8418079096061377
2.4905660377325542
7.707808564230948
9.300567107751256
10.087173100871823
6.07879924953254
3.3962264150943398
3.171806167400064
7.485822306236586
8.6200378071858
8.933002481389538
3.615819209036276
2.265575833857777
7.70780856423086
9.300567107747236
10.093457943925234
6.30393996247902
3.6203645505979236
3.173803526447516
7.712665406426449
8.846880907371535
9.156327543425192
3.8418079096061377
2.4890006285363295
25.298507462685052
24.92474413004209
26.310160427806043
30.79162875341383
266.877662811929
252.02146690518597
244.03738317756847
241.4934660858743
230.33072760071929
212.82479141835375
209.1493383742918
231.42857142857025
220.10810810811046
204.97297297297533
203.86322735453135
208.2571075401748
203.20789636027098
199.57972805933278
197.1747211895907
194.87880671224488
193.12149532710362
191.5802623360412
190.60150375939807
190.28248587570872
190.17587939698078
190.18867924528303
190.18867924528303
190.76148521082868
196.0774515927535
194.878806712243
193.53383458647008
192.99435028248183
192.78441231929946
192.90566037736014
197.08359522313233
196.93069306930383
194.66165413533403
194.3502824858766
194.02010050251002
194.03773584905002
199.5994993742154
198.13432835820984
196.36363636363637
196.0552763819103
195.603015075376
198.56603773584246
198.24474660073932
195.33834586466014
194.45420326223652
193.793969849247
193.46323067253476
195.35228677379408
192.27016885553624
191.18644067796367
190.40201005025204
189.84286612193267
193.10516490354775
191.46067415730414
189.93726474278475
189.28301886792946
188.60377358491226
188.59296482412304
