168.9130434782601
167.6682692307696
175.1351351351339
180.4358353510882
176.6726296958861
177.17049576783515
176.07272727272886
172.48210023866545
179.66144200627042
184.9001814882033
183.9272727272751
186.91476590636213
173.1147540983615
174.1019417475712
173.4212103055718
173.56753482737776
173.22815533980707
170.62836624775497
177.8531073446332
182.72232304900183
178.92473118279764
179.89136994568656
166.8932038834951
164.45503275759393
171.0
176.84592145014946
175.74287446937578
176.22980251346303
175.63636363636363
175.73770491803316
167.9861910241654
171.8625678119329
157.36288088642587
181.7266187050344
174.43973349485123
140.88461538461476
168.60239589275673
174.5454545454557
171.77559282822477
167.95620437956214
168.07294832826588
166.97225572979488
168.29179331306912
165.95438175269913
165.1815980629535
166.439854191981
163.51885098743153
160.19347037485
162.40437158470112
159.85637342908169
155.65217391304168
158.9326864766535
156.3157894736821
152.51659625830072
156.34161114476026
153.27370304113956
149.38480096501718
153.4140435835297
150.5181655747426
146.99638118214938
151.14337568058127
148.58844550327612
145.4764776839572
149.61887477313869
147.47763864042565
145.04221954162017
148.47826086956493
146.5391512253412
145.69360675513204
147.67567567568196
145.50898203592814
149.81905910735563
147.75800711743278
149.96264009963102
160.38531005418213
158.67708959711277
155.51827441581335
158.59987929994244
155.6004756242577
151.99999999999844
155.03015681544412
151.9952494061791
148.6815171583365
152.08207604103734
149.74970202622077
148.42676311030928
150.7785153892602
148.9061566049036
152.51659625829905
151.63571000599202
