1.786600496278324
NaN
2.004950495048701
NaN
2.888888888889293
NaN
3.551171393342345
NaN
3.768472906405562
NaN
3.9876923076906956
NaN
3.7661538461554582
NaN
3.7731196054230036
NaN
1.5740162398476538
-1.3525360050102222
NaN
1.1228945726762372
NaN
1.567164179106096
NaN
2.008679479230443
NaN
2.671614100183117
NaN
3.1111111111103025
NaN
3.5489833641412636
NaN
18.04245283018864
1.6107382550320986
NaN
22.61194029850838
145.09988249118697
133.17161916312946
143.28358208955288
147.42032471437145
144.73118279569766
152.83018867924528
150.0926497838175
155.54757630161703
157.29631864815784
157.6804441702667
162.46264196054884
167.7396021699807
151.82795698924843
160.6257822277861
158.4
164.2296072507553
176.08452454940752
173.3500313087042
180.33519553072747
178.76017532874508
194.7211895910828
191.17241379310508
193.81188118812057
190.16311166875775
193.57231149567454
189.83050847457713
193.5555555555604
189.7236180904547
193.4361505243699
190.06913890634993
193.41959334565868
190.08181246066863
191.30541871921278
188.38790931990073
185.2061538461506
183.9697542533082
180.22140221402293
179.77329974811
176.45320197043856
177.16803020767364
174.76160990712398
177.39786297925917
177.06398996235635
182.02500000000327
180.67924528301722
186.0523038605205
183.50722815838932
188.7204968944132
185.65326633165415
190.36532507739452
187.01005025125707
191.3473423980231
188.03268384663576
190.99321406538917
187.93450881611682
186.5434380776316
184.87712665406343
181.43999999999517
