227.842669845053
223.6331149493755
222.2570911285462
223.44827586206827
225.70737605803924
229.40749697702512
234.20639710319594
239.20481927710685
240.79326923076817
238.27648114901282
234.35378201310198
229.71428571428336
227.02702702702703
227.4258025439107
229.05135951661472
231.36638452236895
234.6409173204602
238.91500904159003
242.45339747444484
240.07189934092168
236.06205250596528
230.72532699167402
225.2142857142826
223.61329305135794
224.61910519951445
226.0060422960717
229.1304347826074
233.05605786618418
236.53429602888005
229.55294117647367
219.8473282442734
207.9736408566696
251.29584352078223
253.20574162679395
204.07425035697315
164.07732864674819
137.76247848537068
130.6555423122763
113.67272727272807
116.8096676737176
118.62650602409796
120.4308797127458
122.07019631171895
102.54807692307637
103.16807738814937
104.41087613293051
105.86956521739265
108.56453558504269
112.26971703793107
116.47058823529308
98.5534967124914
96.2715902322834
92.0332936979782
88.59205776172968
88.58866103739922
90.54282267791929
93.58262967430365
97.64918625678034
102.73329319686553
86.27027027027341
85.79640718562717
83.50626118068254
79.83353151010512
75.28436018957223
74.63137996218752
89.24187725631295
92.22423146473699
96.93975903614616
80.96211665664812
80.81632653061433
79.44976076554693
76.80572109654841
73.11163895486409
68.63232682060487
67.78337531485683
83.2932692307685
86.74698795180723
91.84115523465393
75.33373421527858
75.15296940611852
73.59234907352091
70.79856972586443
67.33966745843318
63.01596688350472
61.850220264316384
77.57503001200693
81.01083032490466
64.50992182802035
64.47115384615311
63.23741007194762
