165.6830601092902
166.35696821515936
166.0694698354654
166.57701711491364
171.5332926084312
169.87295825771213
171.63814180929248
169.66767371601208
169.76146788990906
169.16717325228203
169.11423335369824
172.4222086638198
172.0782396088032
176.48351648351567
174.13751507840814
174.71236230110037
173.99636143117237
174.17226634086828
176.16087751370915
175.71166768478963
180.219780219779
179.34306569343025
181.651376146789
179.8912386706925
179.7796817625471
180.10928961748473
179.56043956043797
183.73170731707478
183.74083129584312
185.56701030927877
179.36694021101954
172.5531914893636
166.1698440207999
178.03636363636443
156.14661654135443
107.97827398913533
110.97087378640941
95.60798548094337
100.79123554473568
99.67213114754134
106.72371638141786
94.65611685940156
99.74311926605745
100.6333739342253
108.55045871559473
95.86837294332463
102.20614828209472
98.76301285976614
102.32727272727193
102.91997556505997
104.01459854014621
111.2087912087925
97.16717325228282
102.73329319687116
99.53714981729296
102.57594167679405
105.55894929749495
94.16058394160709
99.18142944410943
87.48481166464232
92.6518340348814
76.0779537149767
84.32038834951784
82.6373626373598
87.04738760631753
86.59340659341018
87.87401574803668
91.90102595051098
75.74311926605024
85.29769137302627
70.89908256880894
79.95118974984996
79.5348837209281
84.12446613788661
86.09174311926284
87.8048780487805
94.66827503015408
77.75472849298603
86.17253948966793
85.32681734880681
89.8352654057316
92.81077770973984
94.88712629651714
103.17073170731707
88.95668090298884
96.52173913043089
80.24360535932233
86.7681071211171
86.03911980440463
89.45188794153471
92.52747252747568
