185.4343807763407
184.0248447204973
187.3942366646217
185.36645962732837
188.91743119265894
175.73566084787907
176.0342717258258
176.8695652173921
173.8461538461535
181.38461538461203
184.55274521899904
186.42066420664327
184.69565217391386
188.04654011022774
186.0372670807429
189.68215158924133
176.184538653365
176.2545899632807
177.31677018633377
173.95973154362215
181.3846153846162
184.89493201483478
186.8550368550356
185.14285714285552
188.25688073394497
186.36871508379764
190.6788990825656
177.08229426433874
177.24770642201835
178.09819763828585
166.70157068062937
157.92355961209182
172.8544423440441
205.91756070017118
174.84486873508237
180.56854074542008
180.80203691915852
180.69142125479985
180.46272493573434
176.59949622166457
187.92597319719172
190.536044362294
190.95267363245205
186.51134273451828
187.00432365657937
183.75921375921334
185.1111111111095
183.90092879256966
178.0000000000008
168.22429906542055
168.41201716738
171.30111524163445
174.00377121307233
185.05102040816078
187.90352504638054
189.57798165137294
187.14640198510918
190.00610873549033
176.52336448598294
177.90825688074034
178.09819763828793
175.27183872938383
176.42679900744338
172.7560975609692
180.46153846153175
184.00990099009744
186.40490797546335
184.5866998135471
188.1517747857994
174.72897196262008
174.92647058823292
176.19875776397353
172.96703296703532
180.57729313662603
183.77311960542295
185.64923076922915
183.80124223601834
187.16472749540324
174.1645885286774
176.47058823529332
176.75574891236633
174.1651376146757
175.7568238213408
172.09756097560498
179.65362411802522
183.22820037105507
185.7493857493866
183.9154754505904
187.60563380281454
174.3890274314215
174.59889773422583
175.86078309508926
