191.2923462986208
188.3903045369795
191.29234629861875
188.3903045369795
191.2923462986219
188.50746268656752
191.39811912225542
188.50746268656556
191.2923462986219
188.50746268656752
191.172413793101
188.40074673304096
191.17241379310508
188.4007467330429
191.172413793101
188.40074673304503
191.17241379310508
188.4007467330429
191.17241379310508
188.4007467330429
191.172413793101
188.40074673304096
191.17241379310508
188.4007467330429
190.94670846395067
188.17672682016308
190.94670846395067
188.17672682016095
191.06649937264868
188.4007467330429
190.94670846395067
186.09431680773923
179.07163323782086
151.0543130990407
168.21041774110307
167.16596764529694
174.68354430379785
174.20047732696938
185.18147684605594
176.330935251799
177.3230220107079
188.44277673545957
179.1346153846142
169.58855098390092
178.07909604519898
176.98324022346085
182.1201413427562
184.06524466750355
177.41935483871006
171.40703517588108
183.78244746600905
178.50710900473973
168.82758620689492
182.30910201588313
178.30721003134795
178.23095823096386
175.8192090395514
176.67077681874224
175.1412429378499
175.995055624225
175.5932203389855
175.8761609907153
177.17514124294195
176.43122676580253
182.37586423632771
179.7769516728657
186.10552763818845
183.0130192188477
188.24858757062069
184.9131513647618
189.60451977400723
186.3687150838038
190.38895859473507
187.03910614525472
190.61480552070418
187.60248447205294
191.0664993726424
187.94282162834313
191.17241379310508
188.16656308266323
191.2923462986241
188.39030453697941
191.39811912225542
188.50746268656965
191.39811912225542
188.50746268656965
191.3981191222636
188.5074626865654
191.29234629861588
188.7313432835813
191.3981191222636
188.62476664592486
191.39811912225542
