190.2010968921381
172.99270072992738
173.06422018348704
181.9478039465317
190.29197080292028
172.65976871576302
171.15827774408692
178.73482428115184
187.8928136419009
171.543624161075
169.97578692493872
177.2378516624045
186.3658536585358
185.261875761268
169.38601823708524
178.04472843450813
186.81318681318558
188.98903775882957
171.67883211678998
172.08791208791126
180.80203691915852
189.19708029197042
171.8879415347122
170.19370460048222
177.69820971867216
187.1211199026191
183.83444917833233
180.1091570648882
180.11104256631748
182.7658266748617
181.61194029850745
197.31591448931005
197.69276044732084
186.7540202501501
215.39748953974834
246.60159716060318
197.36568457538877
179.89405532666237
172.5637910085043
170.81409477521305
172.0866873064991
177.00185070943778
181.66153846153847
178.23529411764866
174.85088253195292
174.43069306930897
178.3343615052457
182.5414364640896
178.4596577017119
175.06999391357272
175.7673267326761
180.11076923077164
177.90312691600286
174.41265976871733
173.88511426806676
177.4460209747037
181.54601226994026
177.57946210268872
174.20060790273237
174.5521927115527
178.45208845209086
177.24095646842832
173.85365853658698
170.9179331306959
178.50479233226503
187.4725274725267
183.29268292682926
179.89044430918813
180.111179740579
183.3169533169493
186.4874770922395
170.5494505494481
169.72053462940295
177.58466453674288
186.58536585365854
182.52285191956042
179.34386391251678
179.44478716841053
182.54143646408764
185.82773365913172
170.00610128127076
168.45036319612728
175.74440894569025
185.38133007931822
181.53658536585525
177.92601576713002
177.44916820702483
180.44171779141266
183.85321100917432
180.9872029250473
177.7077016373576
