17.121951219512596
10.085261875762075
-11.663551401868745
NaN
8.176656151420385
14.480198019801948
2.384105960261768
NaN
2.6454378444596687
0.22598870056579234
-16.3141993957704
-0.6900958466478642
NaN
12.307692307693026
-8.736776602363875
-10.428485214244915
-1.6174582798434471
-3.6203645505979125
-5.91600730371033
-13.151702786376916
-2.7586206896526733
NaN
2.720403022671656
NaN
0.6905370844014908
7.3743016759800755
16.293577981650575
1.5291262135938124
NaN
2.0545339251735655
8.133174791916689
20.835322195701668
22.79623824451082
27.272727272727412
NaN
9.534883720931123
27.95963141728948
233.02646720368094
222.73381294963892
223.04347826086988
209.52264381885072
210.73710073710174
214.54322501532752
206.2499999999991
208.7560975609764
210.10989010989184
213.77049180328012
200.0
202.78481012658227
208.10777709736695
199.33701657458548
201.95121951219312
196.04179471420002
194.19626730884832
191.11926605504428
188.02259887005079
197.7926015767126
179.45421467556096
166.47272727272568
174.92957746479127
189.73584905660212
188.99999999999682
171.8978102189804
166.3827082008886
183.9848197343454
184.72239170225265
173.80087664370683
183.98481973434943
179.999999999996
183.52495262159877
176.65427509294082
178.80506940254023
174.83088704531372
184.954128440367
178.6449184441607
167.89824348879614
176.09195402298678
180.34026465028273
179.8901769371584
169.46450809464335
171.09770808202572
177.57225433526602
184.86486486486396
174.0803897685732
175.7620817843915
186.20689655172586
184.84107579461855
178.07183364839238
183.9950678175077
181.26517571885654
186.3687150837996
193.10091743119426
