-6.23376623376663
-10.438001233805949
-10.976975731175287
-5.89420654911919
-1.1278195488721963
NaN
3.820224719098697
7.168637212198237
2.9050279329592614
-4.900990099011494
-9.327575570633087
-11.375464684015583
-6.7967275015733435
-2.481203007519639
NaN
2.6983135540303618
6.953271028038199
3.5776397515536087
0.2227722772285327
-8.449660284124377
-12.222222222222229
-8.592964824123044
-4.288401253921791
NaN
0.4502814258928211
5.610972568578567
3.1323803604755707
-4.017358958460875
-8.666666666665833
-12.65104808878084
-24.417391304349337
-22.648292390653125
-43.893249607537314
-38.15157116451195
NaN
58.77551020408122
86.34603372891841
99.94974874371978
114.90318550905461
127.5326289620871
138.4786641929484
132.88299155609238
133.5343787696025
137.4953271028021
147.5665634674939
151.64755582377566
149.51175406871565
152.7476635514027
163.06930693069026
156.36144578312937
160.8224299065396
158.71207430340314
157.84786641929526
167.54017305315332
164.12091301665302
163.11111111111435
175.70351758794055
178.87076537013803
182.3639774859312
186.0674157303346
189.638854296387
189.06152889993615
184.4609665427509
179.99999999999596
175.44725478100096
172.93457943925722
175.12901195720255
179.43644333124197
183.60450563204088
187.97255146600372
189.96888612320845
185.1364764267933
181.11386138613864
176.3355953115409
172.86245353159694
173.76181474479742
177.96992481202676
182.02753441802173
186.63335415365142
190.0871731008718
185.81366459627816
181.7821782178242
177.2205064854808
173.11111111111435
172.97229219143492
176.95297805642963
181.23982467126106
185.73391630231342
189.87531172069757
186.4844720496927
182.45353159850976
178.10994441012886
