172.98701298701278
172.67376330620013
170.96094234346
170.97744360902257
170.4909881914212
170.19411396368113
173.3914125700066
172.34042553191372
177.08229426433874
175.62071116656105
178.76327295440308
175.4528650646966
175.82968065122023
173.22640345465723
172.89918597369942
171.19504643963091
171.2030075187999
170.05586592178813
170.19411396368113
170.8208955223872
170.6449592986859
175.9651307596529
174.71580262336164
178.76481597005574
175.995055624225
177.18574108818214
174.56561922366032
174.25172197870964
172.54174397031463
172.34042553191568
171.290322580646
176.97196261682163
198.7340231284221
228.45336481700167
186.5245202558646
158.63664029214667
231.23595505618053
255.26054590570848
-87.30000000000246
-74.72964574269668
-63.27950310558845
-48.569643972517895
-34.68807906114972
-34.53291536049994
-20.347826086957355
-3.153942428034213
NaN
0.6447761194053307
-12.631578947369235
-15.242839352430792
-11.503759398497039
-13.682242990655027
-11.257035647279565
-13.025577043042745
-11.90268247037045
-13.041848844470678
-16.635859519408598
-16.91729323308249
-20.22222222222706
-19.636363636365274
-22.513931888549735
-3.3813400125234807
-6.927374301672785
-3.606762680029931
-6.268656716416331
-3.829787234044204
-6.052303860524603
-4.722048719547047
-6.06363069245333
-9.333333333334963
-8.785982478092762
-13.308687615526537
-8.340638697551526
-12.690166975882846
-7.434292866081023
-10.71960297766583
-6.979362101318145
-9.620882535735007
-6.974999999996726
-8.960796515245761
-8.074766355136944
-9.201995012473617
-13.50553505534748
-12.833020637900233
-16.656384947563367
-11.482176360229971
-15.14851485148364
-10.125
-12.952853598013178
-9.668956901934735
-11.641791044777563
-10.304915992529573
-11.663551401862605
