181.7888198757768
178.57577601947636
179.53905249680045
194.14696485623128
189.57920792079247
178.10760667903446
176.90036900369083
174.96581727781236
182.01492537313354
179.23123856009883
180.6905370843994
187.1199011124841
189.85074626865594
186.91885295912263
182.22496909765343
187.1464019851113
174.47852760736197
177.484116899618
185.7251908396926
195.35228677379592
194.37770897832573
190.5882352941181
193.86335403726872
184.7014925373122
171.86813186813023
174.26020408163262
177.88497217068888
183.80124223602647
180.54911531421797
176.21287128712913
179.66480446927253
174.3266475644699
160.5644171779117
169.16620651573754
178.78153846153603
163.7118155619589
-86.15754660252435
-76.82382133995327
-62.42647058823411
-45.80605311920624
-44.46927374301583
-24.459542927733196
-25.98396051819617
-25.714285714285722
-17.664596273291124
-20.77348066298265
-20.782122905026256
-14.319453076444233
-19.120879120880602
-20.07434944237923
-20.347826086957355
-16.05947955390093
-19.250153657038993
-19.875930521091107
-13.639751552791779
-18.889566809034534
-20.074349442379457
-20.78212290502603
-18.421701602965697
-21.280788177336944
-22.109181141442377
-15.652173913043498
-20.866381940207248
-21.858736059478247
-22.346368715083486
-24.336175395855946
-26.032138442522808
-27.00557966522507
-21.608910891090943
-25.16247700797345
-26.09665427509492
-25.682382133994906
-28.08043875685422
-29.183168316836145
-29.907005579668578
-30.237370663419085
-31.168831168831048
-31.469311841286412
-26.52631578946881
-28.490797546007457
-28.362282878413396
-27.743940335615207
-28.738574040216463
-28.79107253564314
-27.98507462686581
-23.09685379395728
-24.399260628465925
-23.925465838510945
-16.129433727443995
-20.414634146339893
-20.12422360248445
-19.241765071469956
