206.79900744416977
208.93854748603306
195.51146931183985
194.63687150837822
196.28252788104135
194.41340782122862
196.05947955390297
193.84615384615353
194.80519480519393
192.4022346368719
193.23038912909166
190.49627791563026
190.52307692307693
195.36869340232957
204.05220633934098
201.95665634674597
204.2394014962598
202.49999999999872
204.59139114160715
203.0426716141009
205.26512788521535
203.71057513914565
205.7142857142834
204.15584415584485
206.29213483146046
204.60111317254
206.96629213483368
205.36464771322724
207.64044943820284
206.03213844252105
185.1942286348491
207.3938602220783
213.97058823529315
156.891369686561
83.12163616792212
48.9236319903793
34.94117647058823
14.887218045113569
17.1219512195106
9.0
12.09529627367143
5.320197044334181
6.3492063492063355
NaN
1.980440097798728
-1.8033813400109011
-8.382352941178851
-4.5084533500313455
-10.393120393121933
-6.537257357544604
-11.741538461536834
-8.1101376720909
-13.078817733989354
-9.687108886114117
-14.630541871918126
-10.594865372575157
-15.738916256162327
-11.721978710075064
-16.625615763546648
-12.406015037594102
-17.723076923076917
-13.082706766915464
-18.387692307690713
-13.976205385098638
-19.49538461539106
-14.877896055100337
-20.38153846153199
-15.56390977443914
-21.254612546122416
-16.455854727612575
-21.93230769231093
-17.132122730123797
-22.81846153845993
-17.80839073262689
-23.48307692308174
-18.473091364206994
-24.147692307695536
-19.587242026260128
-25.255384615379796
-20.487804878045324
-26.34686346863009
-21.82499999999345
-27.470769230764404
-22.94999999999345
-28.57846153845668
-24.49438202246688
-29.926108374383944
-25.617977528093036
-31.034482758621095
-27.17404865876165
-32.38447319778612
