171.27950310559086
168.05842970176647
176.31241997439201
187.47603833865816
191.13861386138814
191.02040816326283
181.54981549815662
170.49098819142333
172.16417910447757
169.34716290421105
178.15856777493565
182.6699629171813
181.7910447761178
179.450884685786
179.33250927070418
178.43672456575723
175.36196319018725
183.888182973318
192.82442748091486
195.57478368355783
198.1671826625379
186.8382352941165
174.40993788819875
175.74626865671522
172.74725274725031
180.91836734693794
185.00927643784783
184.02484472049528
182.74557657108193
182.45049504950373
181.8994413407809
172.05730659025713
174.47852760736197
157.23909442297114
149.31692307692228
199.81556195965265
189.84966927239773
184.46650124069478
181.98529411764827
183.44657195799917
182.7932960893875
181.4453366275491
184.33066008636604
183.35403726708074
182.68322981366623
186.2983425414393
184.13407821229333
183.91547545059248
185.27472527472645
183.34572490706117
182.90683229813501
182.00743494423915
185.1997541487408
183.57320099255463
183.13043478261196
184.28309945088625
182.67657992564816
182.34636871508621
180.66584463624588
183.32512315270537
182.23325062035144
182.0124223602517
185.38133007931822
183.34572490705918
183.46368715084037
180.21924482338292
180.6674907292938
180.11159330439605
179.33168316831845
183.20049049662538
181.78438661710283
181.78660049628036
184.71663619744382
183.11881188118727
183.0130192188477
180.10955569081187
180.7792207792216
180.55796652201275
179.88854489164248
183.75460122699548
182.67990074441443
182.5730267246688
185.37477148080603
183.6825790452565
183.80597014925945
182.33189389266124
184.76894639556298
183.80124223602647
183.69632856253807
187.02439024390404
174.40993788819875
175.86078309508926
174.45129469790788
