-19.656441717790585
-13.292978208231261
NaN
99.46210268948793
119.92771084337191
135.11002444987665
147.0237370663435
156.5967645296596
168.63274064991086
169.63007883565993
166.2206148282091
169.7489283527258
167.60869565217433
166.32218844984803
172.53658536585445
168.10096153845956
168.11735941320177
171.47023086269627
166.65071770334959
167.22154222766176
168.11629315566367
164.2634730538938
166.57701711491566
165.09969788519558
163.2810615199058
168.36585365853819
165.37025888019465
164.30992736077332
170.04255319148697
165.95438175269913
161.55902004454182
151.95348837209377
147.58944281525234
152.91469194312853
201.60864345738094
146.41063515509447
93.11778290993259
82.0465116279085
64.44314868804817
53.52212389380686
42.61484098940025
30.88131609870804
24.04217926186205
8.915094339620401
10.011834319528177
3.7339841366702653
2.855399633921532
3.960880195597412
11.359223300968539
7.495407225963714
11.188299817185417
14.773687386846
9.932556713672572
15.319148936170214
15.633027522932576
16.902439024391843
21.996370235931593
18.727050183598365
21.240875912402668
27.39130434783047
23.147581139008064
26.852637962400223
32.527472527478345
32.228989037753024
34.76161738080854
36.70329670329846
37.15846994535503
39.37500000000123
38.218425869428295
37.46031746031852
29.963811821470205
28.368967623704968
30.14563106795971
34.048192771085915
31.17073170731867
32.8856624319389
37.42249240122058
36.39225181598206
35.240328253225755
28.614845119817204
14.29444105070244
17.496962332928465
24.028863499696293
18.912645082472647
22.268041237114794
28.046256847229206
26.73158855751845
28.948004836757534
31.390243902437426
31.038251366114405
33.18072289157258
