1.3059250302285612
0.8617594254948902
NaN
6.300543150272768
-4.384896467722285
-1.7475728155324077
-3.034316676699973
NaN
3.4824667472801223
3.662477558349854
0.6569343065717345
8.902291917974193
-1.973203410474241
NaN
1.3004214328725496
NaN
5.880217785841569
6.678635547577071
3.720364741638949
11.080265540133633
NaN
0.2183141297764163
3.6845273931382336
2.6277372262789713
8.488512696492576
9.479353680433993
6.569343065693445
13.462002412546726
13.154689403166957
2.822677925213449
31.901408450705063
5.935190449118085
-59.49313621963972
-64.91076923076764
NaN
35.395683453240316
41.54724159796863
57.03614457831562
53.98907103825272
53.70527592480382
56.35159542444298
53.8744451490177
66.264333132167
62.84671532846889
62.25728155339765
63.287176399756675
58.579234972676396
58.3666061706009
55.40119760478807
52.27647431832547
66.16216216216294
61.45808019441135
61.452784503633275
63.021582733814796
57.52126366950074
58.513595166166304
55.99027946537463
56.10673135233708
58.55421686746988
54.64480874316916
55.28415961306193
52.567324955112454
50.15832805573101
65.12019230769002
61.4207650273269
62.14415505754006
65.1408028759682
60.10928961748607
61.34138972809826
59.48967193195838
60.0
62.495479204345735
59.85436893204228
60.54446460979904
63.55475763016075
60.607594936705546
73.8184004810555
70.86269744836346
71.56363636364271
73.64127174565526
70.24924012158533
71.43375680580635
75.67436208991872
74.754098360657
76.16636528028718
74.05964698721723
75.27272727272727
77.4054054054117
74.40729483282675
75.69788519638095
79.44072948328905
