133.44241661422356
137.8337531486136
136.72862453531593
133.7853107344627
135.25487728130685
139.42065491183942
138.28996282527757
135.59322033898368
138.11320754716982
141.46095717884114
140.52044609665302
137.54077791718896
143.41095028319566
145.67652611705344
144.44582043343897
141.46892655367216
147.84905660377194
149.62216624685206
148.23529411764707
144.90282131661607
150.3396226415086
151.56702328508447
149.79566563467654
146.66666666666484
151.82903834066434
152.569269521412
150.6873065015488
147.15987460814802
151.6027655562536
152.24669603524018
150.33457249070585
145.54601226993785
155.7240522063405
141.37566137566338
200.89887640449265
236.66876971608585
249.3174702567298
262.53768844221065
268.13324952859773
268.1909547738679
265.73566084788007
265.9786028949033
-77.96610169491561
-67.72277227722674
-51.97740112994376
-38.66834170854338
-22.935665209245826
-26.051154086089525
-27.135678391959686
-27.814070351757323
-27.967681789931703
-30.375
-30.97989949748893
-32.09039548022366
-32.52475247524825
-34.89681050656668
-35.502512562815525
-36.384180790957316
-37.33333333333172
-39.22354414527547
-39.57286432160788
-40.45197740113343
-40.71693448701956
-42.20689655172578
-42.71186440677491
-43.19095477386588
-42.9950495049564
-44.26599749058704
-44.32160804019753
-44.77386934673183
-44.16356877323318
-44.97175141243184
-44.99999999999591
-45.226130653266125
-44.21836228287657
-44.971751412424624
-44.57573852922792
-44.57573852922894
-43.57541899441378
-43.86934673366318
-43.44437460716637
-43.2181018227501
-42.45810055865962
-42.73869346733153
-41.88679245283021
-41.20754716981298
-40.86848635235549
-40.95537397862688
-40.27655562539064
-39.194461925738324
-39.081885856079225
-38.91891891892004
-38.24010056568562
