3.2667876588021745
-7.527675276753939
-9.896151496640186
-12.21818181817872
NaN
2.17129071170083
NaN
0.8785845027447795
-1.9852941176462195
NaN
2.4029126213600285
NaN
2.417582417583228
-2.843256379099273
NaN
13.244873341375854
6.2030769230753116
9.213893967090923
7.504598405889155
7.279411764708257
10.472727272725685
4.660912453761628
7.916921197312921
9.848024316109422
NaN
1.094224924012158
NaN
0.44036697247866624
-4.797092671110022
0.0
-11.489361702126814
-20.40911747516219
-28.39954597048751
-4.849262347655383
-31.890971039182944
-37.769784172661616
NaN
72.13275968039385
93.13761467889748
111.07078039927454
124.51294697903847
123.2273838630804
121.45366444578912
120.66420664206615
118.75609756097641
117.74682010902457
112.77641277641328
112.2674772036498
113.81215469613159
111.63302752293338
111.42337976983427
106.42901044867888
106.46341463414635
107.4954296160887
104.08839779005915
105.13661202185428
101.08374384236267
101.88264058680211
102.63922518159444
97.6383763837615
99.53714981729873
96.02950215119327
96.77893447641938
98.08252427184033
93.65313653136454
95.92682926829428
92.31334149327044
92.09815950920407
94.1033434650456
90.3876923076907
92.96703296703178
89.0157958687732
90.0
101.30434782609036
98.97142857142691
108.10876132930672
103.14232902033318
104.23946243127946
105.44572468162504
101.11862323294523
102.70072992700958
99.31034482758592
100.18348623853211
102.10909090909726
100.99236641221827
110.35066505441415
105.45230769230447
106.2186927306027
107.78181818181342
103.33128457282885
104.45255474452621
