168.4916201117327
166.83466502765765
168.29721362229103
166.11995104039124
172.60590500641896
174.5188794153451
179.76923076922992
183.33333333333334
184.34137291280308
183.35403726708074
185.8925262507733
185.03418272218974
187.54623921084996
175.40186915887605
181.88539741220043
170.0186915887875
170.9001233045615
171.60969546301845
170.24630541871798
171.055900621118
169.2685925015358
176.18986529826685
177.47714808043756
182.53521126760438
185.6701667696092
186.45241038318835
185.25139664804345
187.33333333333172
186.6003729024235
188.76155268022347
176.52336448598294
193.01852958756754
168.70381231671476
171.4497223935814
195.02702702702467
150.3966155473306
160.75046904315377
173.22640345465916
172.271313005603
170.3630769230761
171.25778331257663
169.35960591132962
170.36114570361107
168.56261566933873
170.0186915887834
168.1330868761544
169.4645080946455
167.5862068965529
169.2403486924031
167.15867158671549
168.91101431238366
166.7321867321848
168.46297448661974
166.30674846626007
168.13432835820862
165.76333537706756
167.80609073958829
165.5426118945447
167.70186335403727
165.2205882352966
167.1508379888267
164.77941176470677
166.92737430167534
164.7794117647024
166.60049627791975
164.6597179644416
166.49721016738746
164.53987730061348
166.49721016738746
164.53987730061348
166.60049627791162
164.86187845303766
166.82382133995125
165.40540540540454
167.37430167597864
165.94960049170177
167.8212290502776
166.39213275968126
168.37267080745178
166.8346650276527
168.7150837988842
166.9533169533177
168.40148698884607
166.20478234212126
173.41040462427665
175.28910529519248
180.46153846154013
183.89129092032115
185.23191094619744
184.02484472049528
186.78196417541943
185.8208955223889
188.53974121995964
