1.337461300308381
NaN
1.5594059405936596
NaN
1.1124845488257096
-0.678391959801445
-6.670784434836321
-5.639097744360868
-11.548426896974831
-13.958724202628161
-18.210980876000235
-20.751879699245592
-23.777777777775327
-25.326633165830685
-26.922126081583144
-28.47457627118706
-30.36945812808051
244.43612540945438
200.11954572623898
180.96371207614476
170.71038251365914
157.1739130434803
149.5451788963011
140.8010012515635
145.53672316384166
143.82022471910048
148.4349465744795
147.14018691588868
151.50753768844152
150.09334163036647
182.23048327137343
197.11754282338896
198.58468677494318
179.6768402154426
200.96038415366104
195.6144578313269
223.68271954674358
188.56148491879418
185.62168532704894
189.3932038834955
188.1472540736251
187.23455308938287
189.5999999999992
187.19128329297865
185.86956521739089
187.98784194528795
181.12923462986404
186.8010075566771
186.51685393258555
190.6415094339639
189.41469489414652
193.35849056603692
191.74642635177335
195.49968573224447
193.3995037220846
197.20754716981625
194.9442379182171
198.79245283018705
196.14100185528343
199.69811320754883
197.2541743970274
200.8301886792387
198.24474660073932
201.86280679672697
199.0117356392817
202.41509433962594
199.11111111110787
202.31592196349555
198.54410857495066
201.73584905660047
197.55555555555878
200.60377358490237
196.10117211597793
198.79245283019526
194.44444444444446
197.3316551290151
193.23038912909354
196.32241813601775
192.3409512044498
193.60201511334986
190.47029702970468
188.16120906801095
187.8358208955265
184.98113207547334
187.80641106222245
185.97370068879064
189.6408317580342
187.52339363692735
191.45557655954488
189.07280647168878
193.04347826087363
190.28571428571104
