181.11248454882673
184.61538461538441
170.73775573465574
168.7157638466228
170.7606679035259
167.21311475409948
175.96412556054023
181.00185528757117
184.72239170225868
170.7377557346567
168.5992691839245
170.8776266996283
166.99453551912814
176.0769230769214
181.1124845488257
184.8351648351644
170.7377557346567
168.49665246500112
177.23076923076755
182.1124150710311
185.39449541284162
183.6780185758506
187.78793418647206
173.19280843149164
171.02189781022014
172.9956763434247
168.85922330097213
177.23431498079427
182.33766233766477
185.92682926829428
171.63050216986977
165.36585365853665
169.79038224414228
154.74747474747275
168.4301606922131
177.66810610734274
173.76291793313388
181.60305343511615
186.44444444444363
169.25700365408125
172.5509573810966
169.16717325227805
171.32262051916024
168.3941605839412
170.42079207920753
167.62020693852597
170.2101359703345
166.77595628415068
175.72803078896433
181.22448979591877
185.05494505494542
183.6825790452565
187.12111990261513
173.19280843149164
170.91793313069988
179.654067905194
184.78664192949824
188.22669104204343
173.8547486033519
172.00243457090764
180.11531069827285
185.11742892459262
188.36185819070752
186.46840148699204
190.18867924528226
175.53349875930118
173.43065693431046
181.3828425096039
186.34508348794142
189.55460646735486
187.46749226005866
191.16788321167977
176.31284916201204
174.20060790273237
182.074263764408
186.89740420271605
189.8780487804878
175.4189944134094
173.53621424224218
174.87623762376
171.25151883353575
179.654067905194
184.67243510506466
188.1219512195058
173.8547486033519
172.00243457090764
173.88511426806676
169.7330097087402
178.15384615384784
183.45083487940872
187.1384990848119
173.0769230769223
170.9068776628127
