2.4116930572480597
-5.562422744128526
NaN
1.1173184357541937
2.6293365794294528
-5.343228200370277
NaN
1.1166253101736923
2.4116930572480464
-5.117428924596652
NaN
1.3399503722092432
2.63254113345281
-4.449938195302877
NaN
1.563275434244794
2.8519195612415733
-4.224830142066196
NaN
1.786600496276303
3.0712979890302736
-3.559950556239073
NaN
2.0086794792304206
3.292682926829268
-3.113032736256173
NaN
2.2291021671826625
3.075045759608726
-2.668313773936177
NaN
25.869445968185133
31.122825513968614
-36.17021276595767
-44.3835616438368
NaN
46.956521739129755
60.441176470587166
77.92207792207844
90.27863777089783
108.39416058394065
115.69040247677937
130.3409795412273
142.41273729332661
151.77777777778022
161.40895522388138
157.4603174603202
165.38127712337229
165.15809051456986
156.93387946167383
159.75278121137342
160.96474953617758
160.37174721189547
157.13069908814828
152.63288009889305
156.2600619195095
156.13382899628112
153.28467153284535
169.7651421508026
169.7524752475279
170.63197026022152
167.94153471375978
170.4326328800964
170.42079207920946
170.7492260061968
168.36585365853819
170.6551297898664
170.7492260061968
171.41795665635
189.4505494505477
187.12871287128883
186.91449814126062
186.2453531598538
189.34636530238637
186.7987616099055
186.4764267990066
186.0297766749355
189.23076923076687
186.69144981413055
186.4764267990066
186.26086956521576
189.77425259304604
187.13754646839914
187.1464019851173
187.04785581106597
190.6398537477117
187.92312461252573
187.9231246125215
187.71908017401879
191.5173674588624
188.69888475836362
188.81587104774286
