-6.1016949152546545
-10.817307692307736
-0.22641509433839246
-3.056397816859885
NaN
4.609756097561775
7.701711491442525
9.671641791044776
2.827794561931952
NaN
12.88834951456237
17.10109622411526
5.930445393530258
8.255884127940538
5.19855595668183
0.43715846994694363
NaN
5.70731707317153
NaN
0.4295942720740271
NaN
3.043478260868768
NaN
5.484460694698343
NaN
0.21556886227623334
NaN
3.9083232810599573
NaN
1.7550274223018734
6.780072904010501
15.51203133743494
201.5802129852282
122.03389830508475
110.00612369871371
114.28571428571352
120.80832823025001
134.338658146964
147.4327628361855
156.68155711550827
163.8323353293413
167.53341433778687
168.93487522824068
170.22574740695583
167.54176610978485
170.9509388249534
172.55474452554623
173.52833638025635
174.28571428571345
173.56753482737776
175.14097180564082
162.3272727272759
165.1094890510966
165.96833130328554
166.052471018913
162.60143198090637
161.8761726078772
172.17391304347757
159.97568389057432
161.36419001217993
161.5609756097609
159.03961584634118
158.97564022486253
168.70928829915792
169.1803278688549
169.1407678244998
169.02439024390245
168.26325411334062
164.16517055655595
166.69090909091227
167.2992700729944
167.16636197440891
167.37034777303245
164.12717456508628
164.12757973733315
174.13751507840624
173.21992709598544
173.0895795246848
172.09756097561296
171.00000000000318
166.55110579796795
174.47021943573503
169.00181488203023
169.16717325227805
169.3601462522883
168.14634146341942
163.57781753130675
159.87915407854985
162.40437158469715
162.36153377966886
162.34003656307274
