174.28235294117687
169.86826347305427
169.52609478104398
168.69054609512645
168.77084620135952
171.8279569892469
177.51649670066067
173.64705882352942
174.5251396648028
178.48920863309394
182.92242934455882
167.88665879575007
170.51456912585454
174.39520958083753
179.35096153846115
175.85840707964448
171.58273381295038
178.0552220888383
164.5411764705898
166.20519159456168
170.20920502091812
176.1151079136706
172.26603884638106
173.42414860680952
176.76646706586826
180.75675675675362
177.1327433628311
172.98140371925413
179.67567567567647
165.4855797527969
165.15133531157502
162.64285714286027
148.68260144524834
195.8127301420313
179.68586387434632
190.3573591762569
188.54092526690584
185.27827648114862
192.54807692307733
182.49547920434117
182.03692674210993
187.25195429945964
178.15773630343284
177.54010695187242
175.35135135135215
180.97297297297456
177.87485242030888
174.82014388489094
181.9424460431647
178.51938895417004
174.72803347280177
176.1151079136687
178.4910179640703
175.83876704208112
172.98140371925604
179.45945945945945
175.86815773984546
171.59281437125435
175.89435774310192
173.64705882352942
174.22222222222547
177.09156193895797
182.26754649069636
167.1806945261894
169.30693069306702
172.8947368421067
178.16436712657392
174.37831467295305
170.5149700598771
176.76258992806146
173.43529411765013
174.31578947368584
177.6287425149732
182.5961538461554
167.58986446670522
169.9628252788062
173.64452423698629
179.02702702702544
175.22687094873297
171.15107913669394
176.54261704681397
163.59788359788345
165.2130945027845
174.53869969040085
185.92459605026934
175.13513513513513
173.81516587677424
170.83283403235066
177.7324535092958
174.06360424028034
