-32.62569832402306
-32.869565217390914
-33.09316770186376
-33.5195530726258
-33.76397515528032
-34.21118012422198
-34.636871508379784
-34.88198757764059
-35.307262569834734
-35.754189944134
-36.000000000000796
-36.20111731843366
-36.64804469273656
-36.670807453415364
-36.87150837988821
-37.09497206703986
-37.31843575419151
-37.34161490683391
-37.31843575418782
-37.54189944133907
-37.76536312849072
-37.76536312849072
-37.56521739130676
-37.96526054590595
-37.98882681564237
-40.788177339900756
241.52327221438688
190.2320185614861
172.22088835534333
161.01265822785004
149.87402519495956
154.5102932002486
182.8960396039608
206.64179104477543
209.49397590361525
204.36090225563945
205.5534709193275
207.15710723192078
208.72817955112268
210.2058640049924
211.1041796631302
211.55333749220063
211.421446384042
211.32875857766626
211.2359550561812
211.23595505617882
211.2359550561812
211.1041796631302
211.10417966313258
211.19700748129804
211.0654205607485
211.28971962616987
211.02675793403927
211.15815691158272
211.25077784691953
211.11940298507395
211.343283582089
211.21193287756168
210.98819142324072
210.9881914232455
210.98819142324885
211.21193287756506
211.21193287756168
211.43567433188124
211.65941578620223
212.01492537313212
212.33064014915897
212.5543816034785
213.13432835821155
213.44934742075955
214.02985074626636
214.34431323803733
214.92537313432447
215.23927905531028
215.68676196395407
216.13424487259135
216.22360248447367
216.58172778123514
216.8944099378882
216.8944099378882
217.118012422357
217.3416149068339
217.3416149068339
217.56521739130272
217.65363128492143
217.78881987577964
218.01242236024845
217.8770949720641
218.23602484471724
219.2178770949708
-22.12290502793593
-2.012422360251719
NaN
