168.16377171215942
168.0446927374294
168.59627329192466
171.83343691734075
179.32919254658242
183.9154754505884
187.15527950310315
189.16770186335486
190.85146053449228
192.07453416148988
192.74534161490845
193.07262569832278
193.19254658385012
192.8332300061997
189.3577981651376
183.40867440439666
178.11923786109523
174.56561922366032
171.66151945645257
169.97524752475047
168.5201238390101
167.50929368029858
166.82382133995125
166.4804469273758
166.48044692737392
167.5823492852699
174.96581727781236
180.22388059701575
184.2537313432828
187.16417910447714
189.62686567164022
199.01719901719767
163.88194097048554
140.3786982248513
161.063348416291
161.20996441281105
163.39645693341245
170.5494505494481
178.78602084610628
175.00308451572903
173.42414860680952
173.20123839009045
184.73118279569854
179.77667493796648
183.17273795534663
180.2150537634397
172.63940520446053
192.5633106856075
187.7419354838698
184.24844720496813
186.47642679900872
187.9231246125236
188.70967741935613
189.2507739938113
187.28834355828462
182.08155812538598
177.24095646842832
174.2435424354275
172.1256931608189
170.88888888889213
169.8826436071666
169.52970297029532
169.75247524752407
173.2012383900945
179.88854489164248
183.56435643564035
186.014851485146
187.6904024767737
188.6881188118764
189.2507739938113
188.89987639060976
185.03037667071922
179.01038485033436
175.0276243093923
172.45376078915004
170.77208153181044
169.64749536178192
169.07063197025707
168.95226286423053
168.83374689825902
169.71428571428083
176.3128491620079
182.1229050279305
186.03726708073884
188.60335195530408
190.28571428571104
191.50837988827152
192.29813664596273
192.84916201117707
192.8491620111733
192.72952853597766
191.22915379863943
186.13138686131634
