183.6285888821006
179.24776119402907
185.21410579345132
189.40461725394934
184.84160191273165
189.73584905660624
193.10679611650676
194.95517035266153
180.10955569080988
180.54844606946983
179.78391356542735
178.79047037263447
179.1198044009768
184.66546112115458
171.41809290953427
173.18681318681234
179.0199637023617
167.11926605504908
166.834532374102
176.60377358490567
181.20364741641177
179.999999999998
183.92727272727114
182.08918753817719
177.84946236558943
183.85390428211753
187.87363304981653
183.01435406698485
188.03268384663576
191.56363636363875
204.95755517826814
171.54749199572998
174.39093484419234
92.46835443037838
57.093425605535856
37.962852007186875
40.65934065934084
42.68948655256634
43.67567567567725
44.44987775061275
43.44086021505151
45.8223062381867
43.46341463414475
43.49282296650511
42.85714285714257
42.80487804878049
41.6385542168651
41.978021978018965
41.36170212765878
40.0725952813061
40.41488712629936
38.87828162290891
37.3770491803285
24.963503649638003
23.956834532371065
18.64716636197457
21.034692635427884
19.963833634721116
22.39024390244062
10.727056019070368
3.7135922330113145
8.107121119904068
-7.342531493696697
NaN
0.6593406593390632
1.5199034981921775
NaN
4.782608695653693
0.21871202915842314
NaN
3.2277346084877605
NaN
5.9088145896592845
7.966507177027365
NaN
11.542649727766161
10.537634408605188
2.638973732438974
9.230769230762876
-5.837837837839402
NaN
1.9804400977947254
2.8226779252095304
NaN
5.71428571429041
-7.627118644067934
-0.4398289554078474
-1.746513038203375
-3.2806804374241096
NaN
1.9389587073639716
