180.22249690976597
177.6965265082263
177.77503090234757
177.14285714285575
176.99443413729247
180.1098230628416
178.77551020408123
183.5250917992684
170.51456912585454
175.37331701346508
181.1553273427471
189.7267759562857
175.09293680297438
174.72527472527355
175.21335807049968
176.0391198044006
175.9900990099006
180.330275229357
179.33168316831643
183.52078239608886
182.11764705882516
185.8348623853243
183.89129092032115
187.40331491712587
173.75464684014827
179.88950276243054
178.77702285361295
182.7624309392265
180.77634011090655
183.65089121081664
169.66704936853995
173.00431832202224
174.23076923076925
161.8673218673202
206.62833246210081
182.00586510264083
171.95345988977226
176.0147601476011
173.72477064220104
177.1182266009848
174.75091130012032
176.366972477061
184.26540284360192
175.27760829774132
175.8812615955465
180.55045871559633
179.11001236094023
183.41702388242535
181.66769610870705
184.8529411764702
182.77606415792923
185.407725321888
182.65682656826527
184.75722188076338
180.65773447016073
181.44355336212539
177.59416767922158
178.44252163164643
175.28910529519248
176.2128712871312
173.95973154362008
175.0990099009926
173.29260843005645
174.31578947368584
173.50458715596972
174.31578947368584
175.37331701346713
175.43034055727716
179.7796817625411
178.77399380804306
183.30477356180754
181.7821782178242
185.40110226576616
183.67346938775427
186.61764705882365
184.67243510506466
187.17351318209694
184.8828606658422
186.8550368550377
183.52509179926236
184.65517241379396
180.32826747720682
180.66666666666504
177.15328467153446
177.77503090234453
174.95121951219673
175.8812615955465
173.84615384615142
174.87623762376396
173.61858190709134
174.43069306930687
