184.55421686747067
184.08602150537752
188.72727272727272
175.21160822249036
177.08807669262856
181.3075060532676
181.08827085852678
181.9471153846146
185.32287266143598
184.68239564428427
185.30366806975113
184.92857142856988
185.56026650514877
185.63855421686827
185.70233114166092
190.02421307506128
176.9528415961294
178.59796285200602
182.82608695652212
182.50151057401735
183.02884615384735
182.99643281807292
181.19782214155921
180.97414311485227
180.42959427207794
184.35308343409912
170.76644538322066
172.4550898203593
174.8387096774221
178.42105263157936
185.0116009280754
181.03092783505343
155.66523605150314
197.6766467065884
195.62026790914533
195.37250151423416
195.27995183624358
194.4556811421774
198.0871670702202
185.1117824773422
186.69867947178753
186.7459845330133
190.4600484261506
176.41952983725412
177.63157894736764
181.6294508147254
180.6521739130419
180.8643457382965
180.7495538370006
184.4123192960398
189.47368421052755
188.60215053763434
173.6650485436901
175.34576067348243
175.71428571428572
179.32075471698278
184.6375074895178
182.99643281807292
181.63537250151424
181.30120481927395
180.75313807531458
184.79418886198306
170.53776435045634
172.1270221689604
174.9189189189142
172.93051359516616
172.98140371925604
173.04812834224612
175.58212712397975
181.6177351707609
180.42806183115104
164.96368038740576
171.82327317983905
177.33570159857905
179.43360604153966
184.847396768406
183.42449464922788
167.56363636363477
168.96634615384522
169.7020262216979
172.76381909547987
178.2733812949695
177.0000000000047
174.22867513611308
173.5018050541515
173.1017964071919
183.05084745762377
174.1516245487348
175.16417910447763
174.22867513611308
