172.98701298701278
171.54664996869232
172.07687538747737
172.11514392991137
172.50466128029652
177.74718397997495
176.86567164179183
181.2382739211991
180.11214953270866
182.69326683291732
181.34831460674036
180.9969230769247
177.74436090225768
177.6709796672824
174.92163009404388
175.32178217821698
173.34169278997112
173.74689826302895
172.66457680250784
172.952144188936
173.79310344827587
173.61543248288658
178.7586206896527
177.75840597758202
182.3699059561112
181.12219451371368
184.73684210526193
183.70555208983077
186.19136960600582
184.83447845096936
185.69832402234675
182.2194821208405
178.62433862434133
169.9181875393333
180.66339066339106
183.58047016274983
181.8022528160225
180.22332506203554
184.84052532833144
183.01675977653508
186.408494690817
185.16209476309268
183.99014778325164
181.80677540777958
181.45251396648166
185.8720200752852
184.03486924034908
187.5611285266466
185.83541147132456
188.91536050156904
187.18204488778213
189.5924764890282
187.97255146599966
190.03130870381716
188.31460674157267
189.7936210131361
188.1000000000049
188.5180572851829
186.5331664580718
185.21900061689996
182.146892655373
181.55555555555716
178.53107344632443
178.32817337461302
176.15577889447064
176.20347394541187
174.68926553672233
174.74207582349615
173.89447236181155
174.0634723086505
174.915254237284
174.3960149439601
178.98305084746008
177.64485981308573
182.5988700565004
181.12219451371163
185.19447929736342
183.70555208983077
186.88401253918332
185.39325842696545
187.77708202880152
186.18363522798256
187.99249530956678
186.41651031895026
186.94029850746352
184.8465873512828
183.886489821094
180.79096045197824
180.222222222219
177.51256281406955
177.3267326732657
175.0251256281432
175.31017369726968
