41.71003717472267
42.431761786600546
43.128491620112044
42.98836497244355
43.913312693500075
44.414135151889774
44.91620111731559
44.66992665036905
45.22277227723005
45.53006819590764
43.444639718805504
24.888888888890506
28.53250773993646
29.219330855019464
28.756097560976407
23.09685379395349
26.493506493505564
26.54275092936728
26.10603290676331
20.209747069707007
23.613861386139373
23.836633663367905
22.843197071384242
17.100555212833164
20.705009276436133
20.507739938078064
19.768151311775515
13.777777777775352
17.58812615955404
17.60990712074628
16.325088339224052
NaN
25.025641025638787
55.76555023923403
31.33531157270083
-57.2438162544172
-74.16127133608023
-88.1194029850746
255.7783018867919
244.43914081145766
228.1272084805671
212.52236135956974
200.39929536112675
184.29082240763006
169.31116389548498
180.22194821208464
179.55334987593093
179.66480446927253
185.9224441833122
178.32610043397395
178.21339950371964
178.10055865921706
175.27183872938383
175.7725587144631
175.6478611283347
175.31017369726968
172.30769230769627
173.44039530574273
172.97832817337138
172.85359801489082
169.89010989010904
171.54511742892214
171.52416356877492
171.5136476426775
168.89431887599406
170.66666666667314
170.85501858736393
170.9609423434569
168.13186813186888
182.88888888889537
182.11764705882516
182.00743494424114
179.67053081146722
179.77777777777294
179.33168316831845
179.33085501858898
176.70731707317074
176.88888888888565
176.65841584158412
176.54489164086849
173.74008541793302
174.33682911783006
173.9851485148498
173.86996904024767
171.10433190970272
171.89389265885734
171.5346534653442
171.31188118811548
168.5714285714309
169.777777777781
169.42486085343637
