187.89376158122235
187.11990111248417
189.9453551912572
187.33333333333172
186.89740420272025
186.23762376237664
186.7800729040085
185.1111111111095
184.67821782178095
184.4609665427489
181.75395858708933
182.33189389265925
182.0049504950507
181.78438661710078
180.8888888888881
184.41717791411043
183.34158415841787
183.23219814241648
183.0130192188477
187.03296703296658
185.67717996289468
185.67717996289664
185.46807191568672
189.09312233718921
175.55006180469715
176.54916512059532
176.763794172348
173.43065693430856
175.33333333333655
175.32178217821905
174.89519112207316
166.1378112333514
175.39613225202706
175.95266272189426
257.97752808988776
267.4922600619195
-76.10663360198419
-74.54432734035908
-73.91465677180094
-77.28440366972558
-77.06354102406067
-72.8888888888913
-60.25941939468902
-66.70716889428905
-61.777777777780216
-62.85009253547088
-63.817171093268485
-69.9453551912573
-65.73719925971687
-66.84762492288775
-68.22222222222382
-74.49029126213702
-75.73103022825478
-74.22222222222143
-75.37986411365296
-81.31147540983113
-84.2222222222174
-79.87639060568785
-80.37105751391289
-86.1202185792298
-88.94379246448347
-83.26530612245182
-83.14551083591982
-88.57837181045034
268.3878937615804
269.3877551020457
-88.27244582043022
267.04019488429265
264.05922270203547
262.5463535228689
267.26934984519636
265.7881773399002
262.7027027027044
261.1502782931385
266.88118811881475
266.88118811881264
263.0177153329297
260.70500927643343
261.4338689740432
263.70278637770735
258.9896530736485
256.47495361781125
254.41774491682347
259.021671826627
254.29787234042712
251.42150803461175
249.6236890808142
255.1391465677136
250.42527339003865
247.4861025324236
245.6966707768167
245.85908529047765
