3.1091918568776724
6.123936816525293
0.22886204704469756
9.981515711645091
13.13543599257813
13.601462522853486
8.465346534655877
13.374613003095975
1.7550274223018734
NaN
2.673267326730236
-9.878048780487802
-10.660086366438975
-6.233766233764584
-10.968921389396712
NaN
0.6658446362499234
4.632352941173291
2.208588957055215
NaN
4.867854947758196
3.7499999999976175
0.4447189623240351
5.316923076922271
-10.588235294116089
-6.444444444443661
-5.541871921182292
-9.253365973073755
NaN
8.44444444444687
-16.855491329476763
NaN
8.273542600897528
-53.59158826784687
-59.48212083847318
-62.00852099817274
-64.71165644171617
NaN
62.864048338371745
84.0665434380803
103.33128457283172
101.62890385793031
98.56613102595679
101.0794420861154
95.21578298397321
93.34158415841482
96.17486338797877
90.77873918417981
89.6099071207406
93.28467153284772
91.60714285714245
98.32305795314625
102.79357231149775
101.53846153846246
97.41176470588101
102.98452012384062
102.63736263736241
98.50525015441602
102.98452012384062
102.73170731707157
98.44444444444282
101.07606679035528
101.13345521023537
100.19193857965264
108.88888888888889
110.56511056511106
107.55828220859057
104.83271375464825
109.31354359926225
107.95593635250822
104.28659666460433
108.9356435643582
107.7580940745261
107.63124199743447
121.33333333333819
119.48936170213244
114.31384615385099
118.66419294991319
117.81021897809956
117.17197452228966
129.61775585696128
130.56416615003158
129.89010989010728
132.74861025324316
134.1919504643898
133.02439024389923
140.31948881789137
148.79703886489955
147.4831598285403
150.0552486187864
150.46439628482972
150.77490774907562
