182.39419588875532
181.96601941747593
181.53098420413082
180.76688983566726
180.3290676416831
179.89031078610563
179.23311016433274
176.9747899159652
177.0669885334935
176.72727272727272
176.5006075334135
176.1655508216697
175.61510353227968
174.957369062121
174.08038976857333
170.8108108108108
166.755126658624
168.23244552058196
168.52459016393237
168.51063829787233
168.16077953715066
167.7222898903787
167.0645554202201
163.79351740696086
158.62567811935014
155.93466424682543
158.49605821710068
159.53799392097184
159.8540145985405
159.51308581862358
152.44897959183854
140.7748184019372
136.65306122449056
141.93154034229798
157.11864406779844
210.33317238049216
174.6221441124796
174.60207612456858
180.54512416716943
179.4522215459525
179.12087912087793
178.89975550122247
178.4596577017119
176.93803159173635
177.93353474320082
177.923497267758
178.02679658952377
177.91336180597966
178.02197802197685
177.79951100244298
177.79951100244497
177.3594132029344
176.9193154034218
174.98789346246738
172.71299093655114
173.77049180327793
174.19354838709754
174.5121951219512
174.50549450549047
174.3921808185682
174.27872860636012
173.73243738546043
172.96703296703532
169.70499698976138
165.93579648697587
167.97083839611167
169.03775883069832
169.46341463414794
169.67032967033202
169.67032967032824
169.3341478314019
168.7912087912122
166.6061705989118
162.17391304347652
159.1510006064299
161.82481751824554
163.33739342265457
163.97560975609915
164.39560439560353
164.29530201342774
163.9560439560415
162.42571255306422
158.53012048192454
154.69090909090434
153.53584447144888
157.198538367845
158.82998171846896
159.58536585366014
159.90237949969992
159.58536585366014
157.6086956521753
