12.467532467533292
6.331658291457669
11.313639220616004
11.347342398023047
5.207547169809674
10.65491183879263
11.828890266586361
7.0100502512571525
12.226415094342917
2.00619195046764
-1.35508155583517
NaN
2.0049504950487127
NaN
6.533166458071727
9.248120300748681
8.29906542056238
4.974874371860919
9.956002514141202
10.509316770183895
6.557788944722841
11.766184789442223
11.828890266586361
6.561910747956497
11.795841209831464
12.506203473946165
7.7042801556403795
23.385384134914805
21.777777777776162
16.036152356358134
29.87092808850632
29.525483304042368
31.791044776120817
67.22766570605111
40.804387568556464
42.0666344760969
-69.99407231772193
-79.90349819058986
-81.85929648241336
-85.53349875930724
-83.21495327102883
264.15865384615125
250.53906723197926
251.54716981131747
248.62988220706788
247.3161533626628
251.90954773869439
249.2307692307689
247.76869893148907
252.7467001885576
249.59107806691424
248.15094339622723
253.42551854179703
249.88235294117322
248.37735849056767
253.81132075471368
250.018552875693
248.1509433962231
253.74449339207396
250.08652657602414
247.9245283018868
253.58490566037736
250.0865265760185
247.99497171590093
253.81132075471368
250.97651421507985
249.19597989949798
254.9433962264118
252.15565163681381
250.3954802259882
255.91451917033217
241.26003705991135
240.52697616060556
243.31658291457668
240.88888888889213
238.2685069008761
239.02010050251312
237.5555555555507
234.65495608531825
234.12429378531672
233.69981470043513
231.26725219573518
230.73446327683394
231.76252319109034
229.23462986198558
228.39195979899392
229.31354359925686
227.11864406779765
226.86792452830355
228.20037105751288
226.35678391959365
226.3310258023896
