-4.858895705523082
-8.191881918818808
-10.23485784919734
-11.605703657780111
-12.082038533253694
-8.736776602363875
-3.140186915887057
NaN
0.44859813084275346
2.433927473879098
-5.313653136530547
-7.792207792207819
-9.597024178551635
-10.522388059699097
-6.2725575606745
-1.1221945137157263
NaN
2.021210230816387
4.022346368713494
3.750000000001588
-5.333333333332519
-7.365158090512978
-8.944099378882015
-7.840696950840027
-1.7943925233628306
NaN
1.7977528089912085
4.261682242989838
5.290875688915327
-4.43622920517555
-7.133126934986137
-12.841596130591768
-27.064676616916188
-40.82858622475328
-70.82959641255695
256.04494382022546
231.42857142857088
219.08323281061692
228.66376631447912
219.3548387096779
217.19190680563943
216.53465346534767
209.38775510203956
193.78091872791526
191.24999999999963
185.31005418422598
182.68656716418076
182.8888888888913
186.31016042780706
176.88118811881068
175.98513011152374
182.23325062034945
185.59006211180125
188.05970149253605
190.07462686566953
187.5777913361783
182.8782287822902
179.77777777777294
178.2178217821798
184.12895226286506
187.37888198757602
189.6149068322965
190.83798882681631
187.78793418647012
182.990769230766
180.0
180.11145510835752
185.24488530688242
187.60248447205294
189.28527035426046
189.35643564356607
185.3879047037239
180.66584463625395
177.88497217068078
176.65012406947884
182.79676817899315
185.8208955223889
187.62141967621326
188.7313432835813
185.50122249388758
180.55452865065098
177.3267326732698
175.31017369726968
174.74207582349197
180.89663760896556
184.3738317756944
186.61682242990003
187.62141967620937
184.73394495413166
179.55610357583473
176.32198142414535
174.3016759776552
