33.52941176470734
34.00365630712991
28.960396039603896
29.315237507710982
30.129230769231576
33.00733496332511
32.53269916765897
4.646588813764482
4.248447204968131
8.91089108910889
16.00988264360882
17.46928746928655
15.204968944097752
17.609907120742225
20.876002467611965
26.56826568265677
9.694002447979637
7.155279503107217
10.241187384045292
15.248618784529617
16.59496004917018
15.22992029429714
13.656716417907251
17.82178217821778
22.65268352868352
30.203578038245034
14.078212290505201
17.63174209547334
21.3333333333301
26.872301048732357
11.523414344994164
0.43848964677382224
-16.99940227136807
NaN
31.54754505904377
42.74582560296989
58.1076066790358
58.480543545396905
58.892988929889974
54.498461538458315
52.22566646001182
52.95426452410245
55.55555555555556
69.64879852125969
66.17647058823573
63.542573026727354
76.58627087198487
75.11111111111353
75.33333333333252
73.6515809051452
73.02729528535785
73.15626930203766
73.28809376927806
75.00921942224839
71.37352392790488
72.22291021672152
72.75648949320343
85.38604076590735
86.66666666666667
84.07453416148743
84.05188387893713
83.2138442521649
83.69003690036814
83.18012422360411
82.52788104089144
82.82003710574641
83.23057953144229
84.48529411764508
80.77066500931858
81.70686456400242
82.27300802964719
94.99383477188452
96.14906832298136
95.91078066914628
95.51020408163546
95.73283858998101
96.11757501530647
97.71428571428734
97.29128014842419
97.45364647713109
97.9802955665032
99.5792079207946
105.25139664804814
105.1111111111095
105.1111111111095
105.98647818069774
108.51460534493376
126.16718266253545
128.74613959234304
127.49072929542541
126.69527896995339
126.48044692737747
