NaN
2.6325411334568005
NaN
2.4175824175812157
-7.569573283858233
-11.8608907870684
-6.233766233764641
-9.914320685434518
-4.240545567265144
-8.151774785803354
NaN
9.18032786885401
2.453531598513828
7.252747252749603
1.7810760667887446
5.281173594131217
1.1138613861386113
4.844036697245303
0.6683168316815459
4.400977995110064
NaN
3.963302752295981
0.22235948116201756
3.0939226519329046
2.007434944237111
4.419889502762441
3.5577516985801867
4.861878453040238
8.207024029572477
-5.531653349723399
-18.80597014925462
NaN
2.115384615385307
NaN
269.67067433350724
263.50733137830144
258.812002449481
256.6051660516591
245.5045871559633
243.39901477832404
243.2077764277006
245.28440366972396
235.02369668246314
231.72666259914632
230.64935064935042
232.5137614678907
231.84177997527672
233.4598897734208
236.14576899320377
236.4705882352933
242.29487970388675
241.4714898835057
245.7564575645751
244.72034419176643
245.77344701583806
243.8494756323263
244.3013365735099
242.52163164400602
242.77541083384003
241.48514851485146
242.05003050640317
241.48514851485146
241.6860109957234
243.19504643963336
243.08256880734265
248.32198142415186
246.97674418604913
252.55727554179404
250.28151774785258
255.00928792569172
252.48470012239918
256.4108910891103
254.1824862216774
257.5881261595552
255.22058823529224
258.31891223733027
256.03923973022916
258.3477188656001
256.2899262899226
256.009791921664
253.15270935960285
251.67173252279636
249.777777777781
248.75912408759382
247.6390605686027
246.73170731707637
249.5732838589938
237.80219780220045
236.58415841584534
236.55256723716064
235.02475247524964
