183.7101811367897
179.0006169031466
179.32075471698073
176.98698078115333
177.0566037735855
181.68014934660857
179.6605908233803
183.59550561797633
179.1100123609382
179.6605908233803
176.8773234200731
177.05660377358242
179.66397013067706
178.18867924528467
182.80723643169262
179.77528089887764
182.1442006269609
178.33024118738405
178.64150943396143
177.65071472964533
177.283018867927
182.35514018691833
180.22613065326715
183.71018113678664
178.99938233477496
179.43431803896715
176.87344913151242
177.05660377358655
181.45612943372663
179.77358490565956
183.82022471910074
173.98945518453354
162.43132670952778
163.85786802030302
144.72468916518605
160.22471910112532
168.9887640449447
173.14178638351189
172.2131661442031
177.75280898876406
173.13653136531488
173.89447236180942
174.64019851116709
173.92499999999836
178.53841349156656
174.89519112207108
175.0251256281432
175.97515527950472
175.59874608150307
180.7850467289728
175.6799999999984
176.15577889447073
174.32282003710532
174.80552070263445
180.67164179104722
177.63897564022244
181.2351840299463
177.009230769234
176.94915254237205
177.21016738996065
176.50594865373148
181.79327521793516
176.68304668304265
177.17514124293373
175.65862708720095
176.0501567398119
182.01492537313354
178.87920298879203
181.80000000000655
178.00492610837924
177.73869346733258
180.5586592178771
178.64491844416892
183.47663551401706
178.7770228536109
179.77386934673285
177.21706864564413
177.50943396226745
182.1255438160364
179.88686360779548
184.03990024937488
179.55445544554294
180.5656819610308
177.77227722772685
177.73584905660377
180.4477611940274
178.8679245283019
183.3665835411471
180.56214865708932
182.70676691729489
178.88751545117432
179.09433962263822
178.54568054692436
