177.75280898876505
185.03271861986988
186.0890207715122
176.97196261682262
189.21951219512354
205.71428571428513
195.52647233789213
181.48061104582806
171.12913287585823
184.73974280465322
192.65792610250224
198.53598014888573
188.68235294117724
200.97196261682325
191.3571428571413
178.4126984126965
183.71482176360348
195.44117647058818
190.31026252983148
181.5632754342448
183.76847290640356
197.0737755734667
200.7815275310816
190.11961722488005
175.79388855602005
176.68842729970092
188.17672682016308
185.33992583436458
189.92957746478837
181.6864459712659
176.96687972109083
180.41958041958003
157.1260053619296
133.28389830508328
99.51565268753579
87.84172661870699
73.31759149940905
58.55421686746988
64.4550898203585
49.323843416367424
48.776978417266655
35.61151079136706
37.7142857142865
37.11561382598541
34.74820143884593
35.16378796902848
33.57184750733061
28.296943231441674
29.338235294116238
41.71962616822511
53.420738974969076
51.549793753681755
49.95000000000164
48.55614973261767
46.91943127962106
46.730769230765674
33.46841477949643
21.188934667451715
15.525000000003274
30.661764705885425
40.21505376344208
25.837320574162568
13.86255924170622
14.543194530764648
14.231006794320587
26.79953106682474
18.852867830427034
31.852731591451768
30.410469958352152
13.821235752852512
3.0996309963051583
14.545454545453053
11.189479976092226
-6.4009809932589405
-5.1643753735756945
-2.5837320574178193
-10.109890109886976
-6.284289276806305
NaN
3.0089552238837247
1.5098861593784285
2.992874109266743
0.2241594022383341
0.890538033398412
-6.971830985914039
NaN
9.19786096256533
6.828689982218476
3.1421446384072276
5.710799267843128
NaN
