-52.88996372430495
-55.50089982003567
-59.079102715464956
-48.894504106127556
-52.734790313052144
-41.818181818181074
-44.59797498510875
-43.78085490668025
-46.46562123040093
-51.42857142857309
-41.16234996841541
-44.49197860962772
-46.33232628399031
-48.51985559566742
-53.0347672362991
-42.29943145925563
-44.78672985781964
-45.7350272232307
-48.89423076923168
-53.30973451327509
-42.75426405559284
-46.19751626256459
-47.91288566243162
-49.72972972972974
-51.03202846975387
-41.311475409833974
-45.87610619468717
-48.813559322032916
-51.39772045591093
-52.13349225268041
-46.94684796044197
-49.00523560209689
-57.19260065288523
NaN
1.6232464929853128
-64.70446320868388
-60.03625377643584
-62.024096385542975
-60.03638568829609
-60.18170805572447
-62.58992805755355
-56.59963436928592
-57.643504531722044
-54.55873402312727
-54.730466384010356
-57.410071942447075
-51.55393053016439
-68.05538832029197
-63.46504559270517
-65.03927492447446
-64.82175226586338
-66.72319806177813
-70.0179533213643
-66.94124772865075
-70.00602046959568
-82.35701906412828
-86.76810712111711
-87.56170981336146
-84.21818181817866
-85.65217391304549
-88.66468842729972
268.69249394672846
266.706658668271
264.7504509921845
261.5033072760068
258.9173111243283
254.51263537906027
252.15098861593862
242.8992339422552
240.36452004860266
241.87162567486396
238.91304347825823
238.844069837451
232.5890736342085
231.17861482381895
234.44377630787952
218.00362976406313
221.4716525934871
216.12864800476132
215.43134872418173
213.26911499097432
212.5984251968476
216.52173913043353
212.18116805721502
213.19537431527954
212.40216736905666
212.41964827167635
217.17391304347544
198.47255369928885
202.14372716199827
200.4570054119118
