186.35036496350486
184.00494437577396
183.43384615384656
186.51134273451828
184.7807288449642
181.52542372881317
180.8899876390618
180.77825818406302
185.82062233069067
183.78712871287087
181.86699206833316
183.76847290640356
182.44444444444525
180.54644808743168
179.6660482374756
180.00000000000202
184.400977995108
170.86633663366248
169.19345057610525
178.1656050955389
182.76923076923077
178.47272727272568
179.11111111110787
178.5546633724509
182.3034734917737
180.77922077921957
180.88779284833458
184.96627835683427
183.22820037105714
179.56416464890881
175.8595641646477
166.85908319185287
150.55147058823505
116.48208469055514
211.9388954171569
221.76000000000082
235.54730983302144
246.13636363636255
256.65181413112606
269.4984520123831
266.02059357965106
-74.71278567016691
-79.95171997585891
-63.92108508015008
-65.01228501228451
-50.26331904470504
-52.569316081332715
-56.65859564164623
-56.25694873378882
-57.04069050554665
-53.84615384615347
-54.92279184682076
-61.73913043478166
-58.8888888888855
-59.59234095120229
-62.665855143028125
-61.40914709517625
-62.06896551724083
-57.60882893929835
-58.480543545396245
-64.10660205935375
-60.964153275651086
-61.18665018541435
-59.963392312384826
-59.4801980198028
-61.68910648714893
-57.15692307692149
-58.7076923076923
-63.825136612023186
-60.40866873064692
-60.66666666666504
-56.33251833741235
-56.701667696109496
-62.10653753026605
-58.630475015418256
-59.1111111111079
-60.80487804877407
-47.96925048045887
-46.35859519408848
-44.20668693009276
-44.304267161413065
-43.3868974042029
-41.860465116278704
-41.80358245830655
-39.51485748939194
-29.158163265307905
-28.356923076921476
-30.253929866991996
-30.259579728064352
-22.013588634955283
-25.024390243897642
