NaN
1.9636363636355698
-5.034965034964614
NaN
1.5254237288111911
-6.448424953678284
-2.0024721878854734
-7.020109689215474
-0.8883405305399492
-17.028502122500925
-6.857142857142833
0.0
-6.981818181815811
NaN
1.992619926198452
5.665859564165479
NaN
4.232673267325961
-8.33130328867071
NaN
0.21844660194254323
NaN
2.8835489833665418
7.418181818181025
0.22153846153523774
4.0049443757709575
-9.191489361703702
-2.8960396039628336
-5.703839122487068
-8.727272727272748
-21.104847801577648
-27.054545454544666
-34.832432432431744
269.0564153769336
246.52631578947444
238.5969230769247
243.33333333333334
240.94660194174836
239.3333333333309
240.363196125908
238.44731977818694
239.6378998189499
237.1921182266015
232.60563380281567
227.69610870907937
229.67821782178248
232.08791208790993
231.4762198888216
235.25835866261397
233.72307692307692
234.28924598269552
235.18248175182455
233.41147439851972
240.29611351018266
238.678899082572
237.33333333333172
237.96240145542544
234.7536945812791
241.186650185413
239.34186471663511
237.18692165330094
237.96610169491578
233.80073800738177
236.4444444444396
235.6204379562043
233.34565619223926
234.6973365617439
219.803439803444
219.2848335388464
222.12765957446808
219.01477832511958
213.82477341389568
213.8329238329264
212.36453201970093
215.4744525547426
202.38916256157293
198.38066465256955
200.90964966195202
200.41923551171593
197.00182815356865
199.53144266337281
194.3825665859535
196.4039408867026
186.55960469425727
184.8233861144962
189.00555898702734
186.87689508792727
182.65682656826732
187.33333333333172
183.94160583941442
184.55836936380732
