184.95215311004728
188.03377563329371
188.61296184130788
188.78842676311072
187.50893921334927
190.85645355850613
174.56521739130238
175.12928442573659
175.50535077288865
181.82048040455163
188.44765342960207
186.88172043010715
189.09747292418533
189.90925589836507
175.34015653220834
176.0286225402516
176.21166566446382
181.81132075471533
187.8635547576274
187.41492537313198
196.26026531901377
202.16216216216216
199.4768133174799
210.6261859582562
219.25301204819357
217.0334928229679
217.3913043478256
-30.745003028468318
-14.972875226039037
NaN
0.783886771910008
-5.288135593221057
-2.585635359118214
NaN
1.8442622950819603
0.8357515960526387
4.626168224300576
4.34782608695656
1.532846715330047
3.720364741638949
9.788519637462235
7.334109429569297
-7.7577169481668875
-2.6389737324349767
-1.9708029197072392
-3.706844336763197
-1.7528910529542827
NaN
5.245901639343444
3.249097472924209
NaN
4.59574468085186
5.880217785845466
3.5100548446077373
5.91240875912576
12.225591267439466
10.378378378376805
6.3736263736296
10.935601458080049
12.833836858001295
10.09140767824187
12.262773722624441
18.10909090908932
16.93606755126508
14.49664429529901
18.36065573770802
22.147165259350288
18.658536585365855
20.777642770352095
25.293761356750533
25.370595382750487
25.416920267799725
28.162522741050793
33.986770895972114
30.493601462518335
32.34972677595455
35.47762998790699
37.88321167883815
38.055893074122594
39.44309927361233
42.59459459459617
40.99878197320482
42.134627046693005
43.69565217391026
48.713592233008335
49.36893203883994
48.47775175643945
39.90308903694607
47.35688185139733
48.99149453219493
50.774818401935235
