157.36396614268514
155.76301615798928
152.6277372262773
154.68919734459845
152.3751522533489
153.1310679611665
155.8338350391319
153.06569343065647
154.75211608222605
152.31597845601559
150.00000000000034
152.8588661037416
150.84043848964617
151.82038834951356
155.4003612281731
152.9726443768989
154.62794918330377
153.17773788150853
151.0030395136778
154.03741701870874
152.15590742996596
153.03820497271187
156.91751956652504
154.81751824817712
156.27569528416234
156.19389587073576
153.7226277372282
157.85283474065193
157.8562728380035
157.20144752714324
167.53521126760447
169.6645821489479
151.48891235480633
125.16923076923077
220.54054054054055
224.46043165467478
234.21686746988198
239.4216867469911
245.46448087431824
242.98362644026577
241.87838651414836
253.16423589093014
254.62884731442296
256.6423357664255
256.01941747572806
253.36544250451402
257.7049180327878
254.8094373865682
251.78443113772298
263.43690551680504
263.3513513513537
265.51640340218574
263.8983050847454
260.2877697841707
265.2976913730263
262.11480362537765
263.32928311057077
264.59672528805845
261.54216867470353
264.2622950819692
262.2732769044717
258.312387791739
-85.49715009499607
-86.53846153846268
-85.6830601092908
-84.82132041187367
-89.29898142600007
-86.77595628415423
-88.96676737160436
-88.79708383960877
-82.69090909090431
-86.58227848101507
-85.63106796116699
-84.936479128857
-89.83842010772031
-76.10126582278815
-76.41611545399758
-76.33049817739567
-70.4727272727257
-75.58488302339498
-74.62613981762598
-73.39382940108294
-74.14337788578592
-70.60109289618089
-73.12839059674758
-72.52586731588269
-66.54545454545456
-71.35135135135135
-70.24924012157737
-69.1722054380649
