182.9761175750151
181.756097560976
176.74306393244774
181.72303765156246
191.28423615337815
187.09520921770573
179.56626506023937
178.8875154511743
184.62668298653688
171.12598904442848
169.27152317880837
168.43016069221093
176.14206981016335
161.87919463087044
161.10977080820098
168.5057471264389
181.86471663619625
176.2909090909075
172.49546827794404
173.9702233250624
181.9804400978007
177.37545565006116
172.63537906137267
178.2725527831094
189.96956786366647
184.02903811252148
181.98529411764827
184.43896424167693
190.45871559633028
185.88377723970703
183.86740331491512
193.82940108893007
201.98802395209736
245.70383912248573
206.17154811715403
NaN
85.36312849162154
108.34951456310807
116.32127529123372
120.36877688998021
108.2424984690726
99.41605839416
82.24231464737733
66.60110633067045
61.10701107011137
47.06169822846622
35.54209569957832
36.739130434781735
17.817258883247028
30.419452887537197
29.565217391305072
30.78802687843637
16.424167694203806
21.33170433719994
22.663438256661667
19.06269020085378
13.93976644130134
16.053756872325756
19.004854368933714
16.235718580878004
8.61349693251855
9.878048780487806
11.619975639462421
13.260869565214344
-0.6654343807827559
NaN
4.3929225137279415
1.7412333736459806
-2.874692874691277
NaN
3.7339841366703483
1.0889292196007068
NaN
10.323367907262032
12.919708029192472
9.536423841062632
0.8872458410302825
3.968156766685493
8.121951219513793
-10.428485214240993
-6.1992619926183465
NaN
1.978021978025185
-7.613293051359506
NaN
8.117001828155233
11.803278688527719
-9.530685920580709
-3.77777777777942
NaN
2.8519195612415102
