3.2238805970149254
NaN
5.6521739130423105
-9.389448725547481
-10.17438364401454
-4.5652173913051115
-2.6118500604571295
-8.764845605697644
NaN
2.3898611949313775
8.929219600722822
9.60284528749255
2.4611559975107333
11.277108433732574
16.077248038623335
3.6255924170631397
-4.332129963898922
NaN
2.8312159709642457
4.059347181008125
-2.60869565217547
NaN
3.0545454545446606
3.857142857141298
NaN
8.46803377563254
13.051359516616314
0.8535862477763392
-6.731001206273447
NaN
8.854229154169913
17.89844851904134
201.61616161616138
191.2829525483311
185.7643504531714
185.7643504531714
188.7440758293847
186.31197097944292
185.75045207956325
187.57557794902237
173.80060422961043
174.36144578313568
170.72824156305435
172.50452625226347
172.39130434782808
173.79310344827505
179.4633273703041
178.26296743064088
178.6972255729807
174.98518079431057
182.67657992565216
186.82721252257602
185.6385542168722
180.8540925266896
181.94711538461462
181.41389728096993
181.85117967332204
180.9602845287547
180.5431502715791
180.21765417170178
180.76409945421548
185.46103509815813
178.31355402873203
184.44846292947398
183.80664652567975
182.34597156398183
181.73703256936307
182.068965517239
182.83636363636205
187.49108204518816
179.55056179775525
185.52679108970347
185.32930513595323
188.5308056872077
175.54616777308945
176.73518742442567
177.16363636363795
177.10886377156763
177.2842486421283
176.95652173913516
176.8459214501574
181.93548387097084
169.7702539298655
171.06537530266644
171.32530120481928
181.8877236273913
186.17700180613778
185.21739130434696
185.12416717140815
