182.33766233766212
182.8746928746933
184.0665873959564
180.75403949730682
179.13565426170643
186.16216216216296
178.37251356238698
173.1645569620241
168.62131246237013
173.82299819385827
175.89928057553843
173.31761932822508
174.02948402948448
181.212492345375
181.60427807486437
177.9557680812895
176.0047990401912
179.45945945945945
185.4151624548717
178.1555153707064
182.8192771084361
185.75045207956515
186.25149700598723
182.65800354400474
183.42541436464128
184.60440214158356
181.18491921005426
179.6760647870414
186.49038461538456
178.80650994575007
192.14328358208877
169.79332273450018
201.2903225806444
193.52601156069363
189.27620150550055
180.53795576807934
178.8122375524891
178.81223755249107
185.39568345323744
187.68490679494923
185.51236749116688
180.7504466944598
177.7378815080786
177.40696278511444
183.57185808779238
175.44578313252933
179.7831325301197
181.84226369656716
179.04537418974508
179.7783251231499
186.4954128440343
186.07460035523863
181.18067978532937
178.275449101798
177.7324535092958
184.10564225689808
176.42814191220762
180.866425992779
183.25301204819277
184.32692307692304
168.8495575221239
170.3749231714843
177.4647887323912
183.08068459657224
183.10160427807256
179.5698924731167
177.5194727381673
184.10564225690192
176.42814191220762
171.33574007219826
176.21166566445785
178.3783783783784
175.23809523809518
175.14110429448496
181.32029339853378
181.1736810906881
176.77804295942718
174.39520958084145
174.82014388489284
181.08043217286522
183.8942307692332
185.96745027124769
175.87454764776916
174.802592810845
175.6799999999984
182.5321100917383
187.5777913361783
187.25978647686745
183.44086021505458
181.83343319353375
