181.45794392523283
167.25465838509356
179.53246753246796
177.01910828025436
187.99249530956578
174.1863354037259
187.24675324674985
179.22651933701377
182.21359223300718
185.85635359116145
175.33678756476894
172.9325153374257
175.80310880828972
182.55397902529424
171.89189189189398
184.28035043804877
171.48194271481904
176.86176836861847
168.5254346426277
187.116007777056
178.77853177051162
183.37427278603494
177.1182266009848
180.11665586519598
185.62844880441486
189.1801162040022
184.4887780548649
170.03111387679155
182.81249999999957
180.34416826003948
191.25
178.38613269575612
178.08284023668716
158.50915982312122
183.02884615384735
137.64705882353041
47.72466539197147
51.17861482381497
46.2116468378207
45.19384615384535
43.8143036386442
44.414135151889774
44.99999999999949
47.07347447073464
35.70621468926406
38.779576587798125
40.45197740112884
45.981308411214954
32.501567398118304
35.752654590880205
38.16813048933795
43.73831775700935
30.205096333126235
31.255465334165258
33.43653250773994
37.77202072539083
35.82089552238741
37.788819875771516
24.074303405571133
21.64188752423918
24.37267080745667
22.095474271546557
22.43059839604879
4.430051813474853
10.26022304832403
-2.011173184360757
-5.988909426988698
NaN
12.619926199255662
-7.886597938147645
-4.047470331041495
-5.8281444582862605
NaN
10.494296577943496
1.3508442776702574
6.695598264104184
NaN
10.206185567005438
7.574257425745714
-8.000000000004832
NaN
6.270967741937174
18.42170160295761
0.45141065830885224
5.607476635514018
4.205061648278678
20.025284450061463
10.093457943925234
2.441430332919077
-8.528678304237872
NaN
0.9308338720137246
6.180257510728063
NaN
