186.29213483146006
183.31945270672256
167.07418397626074
174.0560747663549
187.46341463414953
183.25639426076063
180.10707911957206
162.65569917743858
167.76044915782956
183.19657072871775
171.84743742550808
179.77667493796446
182.32941176470666
186.84112149532547
181.71428571428416
164.23280423280465
169.75609756097518
186.17647058823366
174.6300715990453
170.39702233250787
181.55172413793065
193.27960322380608
199.50266429839874
183.44497607655387
171.9113241461954
171.34718100889975
176.30367143745985
189.7898640296674
191.40845070422267
181.91130543410245
189.09936083672366
165.1048951048963
154.80965147453225
200.9745762711846
168.62374483165894
168.99280575539484
165.12396694214888
162.43373493975824
165.9880239520958
161.63701067615565
159.28057553956967
161.43884892086245
158.14285714285947
155.54231227651866
156.69064748201194
154.37760571768945
150.33431085044143
153.83655645664274
163.45588235293906
172.93457943925316
180.21454112038023
175.014731879789
179.55000000000246
187.3796791443846
183.4123222748823
183.2451923076923
185.57806912991737
182.22483814008476
174.375
190.14705882353016
179.354838709679
168.37320574162763
166.77725118482863
171.16221255438393
184.3360098826452
185.0644783118437
189.6508728179534
197.10213776722077
181.17787031528698
168.87822435512982
179.3357933579352
181.8181818181826
181.39868499701447
189.38074800735754
178.60131500298942
167.72727272727514
170.98901098901015
181.34663341645557
194.69613259668446
183.97611940298975
171.9113241461954
171.44893111638962
176.63760896637606
190.1298701298725
191.61971830986315
182.81425891181985
180.3208556149725
163.46176644932228
170.3491271820466
180.3294691885288
