194.5828295042327
195.87282543491284
191.1561382598337
196.95979899497385
204.526066350711
208.65953429829972
214.1582391433689
211.38014527844942
211.02702702702783
215.08750754375282
213.78394689197407
213.72315035799477
211.25226860254176
210.8108108108108
214.22382671480366
212.22423146473668
211.87835420393625
209.0392749244721
208.30732292917043
208.6120996441276
213.50943396226663
217.66449318316444
222.93266205160447
225.91179976162184
229.9031476997594
228.1659651232689
229.03187011425078
227.608695652175
225.45671641790966
229.32849364791232
225.26439482961126
219.5071633237815
229.60795787009997
186.09230769230635
154.1923774954619
246.34996993385522
254.0925266903909
260.564971751412
260.67495559502566
268.7547169811337
267.47763864042895
268.80290205562335
265.28597230583847
261.0965435041704
261.99637023593533
258.1621621621614
256.6208955223873
263.09433962263904
262.2064056939509
268.92385147891673
267.3246135552923
-89.40036341611125
266.5384615384637
268.0387409201026
265.65217391304157
261.896243291591
260.2909090909075
257.82321106433955
261.8181818181818
259.34782608695724
256.80572109654616
254.11764705882447
252.99638989169406
257.17404487568405
255.00000000000296
253.65098272781592
250.99514563106672
250.2280912364952
249.5330503335317
248.98008449004345
249.6601073345311
247.28155339806094
247.48650269946373
246.04002425712494
246.37296318647577
248.68421052632013
246.54545454545453
247.05458908218563
245.97087378641362
246.59022329511058
251.52173913043305
250.0181488203262
249.67741935483883
248.0048514251087
248.01444043321192
253.00242130750178
251.67371601207827
250.94812164579574
249.46601941747292
249.2307692307662
