-24.42857142857258
-8.571428571426964
-24.31560071727472
-24.701670644391356
-25.94401429422345
-12.623669380088586
-15.071770334928146
-17.183770883054876
-18.868374032164354
-12.849364791287826
-27.075812274368104
-26.54676258992663
-26.451612903224316
-26.983938132064964
-28.005018820576424
-27.11297071129769
-27.080597014926127
-9.259723964869124
-24.187162567487974
-23.913824057447698
-24.04293381037712
-6.323713927225469
-9.275014979027787
-10.980861244019877
-13.079213817749462
NaN
4.093357271098279
6.89820359281594
-11.122994652407897
NaN
6.0803727431559444
18.26239067055546
24.0809443507616
28.52830188679122
-63.7009345794425
-64.01446654611226
-75.36892621475675
265.9285714285722
252.2800718132857
237.02539298669865
224.4043321299637
215.00600240095991
198.32335329341316
196.65671641791045
194.14285714285793
204.1353383458642
193.66407650926564
192.47311827957031
190.4875148632572
180.11285266457517
175.2631578947372
176.1290322580661
186.1209068010051
177.94841031793877
178.59796285200795
178.92729439809298
169.13207547169154
177.73245350929966
177.52244165170637
189.0566037735849
180.86434573829848
181.29496402877777
181.07398568019482
172.19358893777326
180.0
179.67684021544065
179.9999999999961
170.62146892655446
178.8150807899477
178.92215568862275
179.46460440214548
169.94350282486118
178.38613269576004
178.27751196172014
179.142857142854
169.61104140526493
178.06220095693465
177.41935483870813
188.35633626098024
180.10797840431758
180.5385996409375
180.1073345259337
191.06649937264675
182.48052726183656
182.68977884040254
182.14541120381799
193.32496863237455
184.41651705565377
184.30107526881716
183.7522334723089
