4.180929095355714
8.372093023256234
10.153280196199432
11.463563992651148
11.514785757391374
5.9160073037142755
3.075045759608726
3.520782396088812
6.39314145743952
7.720588235294083
8.255884127940538
2.9415461973626136
11.969887076539505
19.429957550033325
21.086028065890687
22.26576852418951
23.602941176472086
24.073619631901035
24.174228675137016
19.270072992703163
19.352474037876473
22.031823745410087
23.382352941177167
24.515337423313685
25.13165952235081
24.377267230956896
19.963436928702766
23.325183374083878
13.227189222290322
4.374240583232068
13.173241852486415
-19.30465527401367
NaN
2.66272189349111
-53.091849935319374
-53.43065693430589
-55.299877600980096
-55.4355828220867
-49.50276243093856
-52.69879518072133
-54.77784540474704
-55.89242053789701
-56.842105263159795
-54.26470588235412
-51.11383108934899
-53.825665859565504
-54.75870494807873
-55.299877600980096
-55.622317596567996
-55.24861878453049
-49.28176795579958
-46.98529411764923
-49.49727437916221
-50.80024434941623
-51.36558481322584
-51.649294911100014
-49.723756906077995
-44.66830466829845
-43.01470588235276
-46.008479709271285
-47.09046454768088
-47.83833435395161
-47.89699570815549
-42.20994475137854
-38.05777504609853
-36.17647058823832
-39.248940036341935
-40.68417837507616
-41.224739742806435
-38.185162477013876
-33.812154696131415
-30.53472649047154
-29.117647058825014
-32.48940036341162
-33.86682956628283
-33.067973055725815
-27.811158798287693
-36.68508287292548
-44.88943488943346
-42.13235294117305
-45.136281041793836
-46.62186927305493
-47.39742804653929
-47.89699570815657
-41.7679558011078
-39.3611793611779
-38.358848744645115
-41.45454545454544
-42.663408674407435
-43.40269277845192
