208.84875846501137
207.02479338842969
203.49839228295815
223.41818181818178
235.65856416054282
236.03192702394514
228.62944162436537
207.2252448313384
192.04225352112684
188.0023710729105
185.68872987477607
183.98563734290775
183.02158273381266
181.72661870503637
135.99638499774036
180.1035077630826
186.6045428072216
198.15618221258126
184.64788732394328
182.98578199052153
181.8225134008341
180.96832038254644
180.53924505691933
180.10797840431854
179.78391356542636
179.5673076923071
179.35096153846115
179.24233313289255
179.02585688514674
178.9169675090243
178.91696750902625
178.91696750902625
178.70036101082954
178.80794701986812
178.80794701986716
178.9156626506024
179.241420830825
179.34939759036303
179.56626506024136
180.0
180.3254972875228
180.86746987951727
181.0843373493976
181.4104882459305
181.95180722891683
182.16867469879517
182.71247739602072
183.03614457831247
183.25301204819277
183.46987951807307
183.68674698794945
183.68674698794945
183.90361445782975
183.90361445782975
184.00963275135342
183.90361445782975
183.79289584587602
183.6867469879534
183.57615894039853
183.14268512943968
183.03614457831247
182.9259482239603
182.70921131848087
182.27573750752404
182.16867469879517
182.05900060204655
181.84226369656716
181.62552679108774
181.40878988560831
181.19205298013088
180.97531607465342
180.758579169174
180.5418422636946
180.32510535821518
180.32510535821714
180.1083684527397
179.8916315472603
179.8916315472603
179.67489464178087
179.67489464178286
179.4581577363054
179.4581577363054
179.133574007221
179.0246839253446
178.80794701986716
178.80794701986716
178.80794701986716
178.80794701986716
178.48375451263576
178.37447320891226
178.37447320890834
178.26714801444004
177.40696278511444
132.80289330922258
192.30327398047058
220.8193883439117
210.36144578313565
190.2946273830132
183.66028708133734
182.3712574850268
181.29496402877777
180.43217286914924
179.783653846157
179.35096153845916
179.02585688514577
178.80938063739993
178.48375451262987
178.48375451263377
178.26714801444595
178.05054151624628
178.05054151624628
177.94099939795146
177.8339350180545
177.72426249247596
177.8339350180545
177.72426249247206
177.72426249247596
177.72426249247596
177.8339350180545
177.72426249247206
177.72426249247596
177.72426249247596
177.72426249247206
177.94099939795146
177.94099939795544
177.94099939795146
178.04819277108118
178.1577363034348
178.48192771084967
178.59121011438972
178.69879518071815
178.9156626506024
179.13253012047878
179.56626506023937
179.78313253011575
180.0
180.5424954792083
180.86746987952122
181.0843373493976
181.5180722891582
181.84448462929947
182.38554216867155
182.6024096385558
182.81927710843215
183.0361445783164
183.25301204819277
183.46987951806912
