199.26605504587155
187.96068796068775
186.0722891566269
183.19657072871874
188.62407862407787
185.63176895306935
181.98529411764827
188.72928176795733
174.2564720048171
176.93375394322098
183.52078239609082
187.9606879606867
185.09331727874857
182.2085889570552
188.62407862407977
186.4981949458504
188.75552747946807
199.92660550458555
188.5082872928165
186.61844484629336
185.18064911206244
189.95085995086
186.93140794223586
183.86266094420606
190.05524861878283
188.01444043321266
190.45454545454837
201.34474327628317
189.61325966851112
187.59036144578315
211.056716417912
192.25446428571496
163.8578680203067
231.07806691449687
242.67469879517992
190.68803016022656
133.6502546689306
112.56637168141593
98.41121495327013
88.67724867725157
76.81735985533392
75.2176436448051
61.09890109889977
60.07361963190345
66.10475617098119
61.871559633028326
61.65745856353524
67.92043399638588
64.17582417582534
63.42541436463861
70.99208764455217
70.03039513677811
68.24539877300936
76.1155500921971
77.3913043478236
73.45588235294727
80.9834050399553
81.54216867469565
76.40366972477224
83.53591160220759
83.22697170378889
77.58241758241633
83.97790055248544
83.2771084337302
77.44058500913985
82.7713059472705
71.60940325497381
67.22627737226377
64.3723208818145
69.2641737032604
64.0826245443475
60.58751529987841
65.67128236002164
49.21020656136131
47.31051344743318
44.972972972979264
43.96111786148657
40.92909535452039
38.39424805272428
37.203647416413375
23.54523227384044
23.079688436190704
14.680462568473965
18.055045871561234
16.63865546218659
8.78048780487805
13.227189222290027
13.629807692306297
6.593406593406622
11.919068056410165
1.0817307692307834
