157.06730769230796
160.33077377436496
162.37454100367304
169.99389126450885
172.2857142857135
170.3783783783768
176.86486486486328
170.7997594708358
171.83264584560916
168.21428571428572
171.4391599752946
180.66502463054226
190.63880597015083
192.8494301139787
194.71153846153888
192.63716814159446
188.24509220701844
187.75119617224956
172.0239520958068
179.02702702702544
170.60587882423627
170.02358490566078
171.36531365313533
179.4475138121527
181.28878281622795
186.81081081081
178.59459459459538
171.23271196632746
160.5892751915153
155.48801870251205
154.58948611931316
150.98155859607343
218.04878048780475
259.0926041019268
-75.28089887640499
-57.26762320648743
-41.392169049098925
-38.07692307692395
-36.62853702588717
-22.27499999999918
-20.05927682276166
-21.90534726490381
-12.14723926380367
-13.747016706443105
-14.66746554823095
-7.567567567567551
-5.6115107913637985
-1.5769712140191245
-7.416127133608029
NaN
0.884520884520084
7.728085867621499
5.173652694609994
-2.809123649458229
NaN
0.21226415094802678
NaN
3.09202453987248
NaN
6.436233611442221
9.70059880239521
2.1621621621621623
-1.2980769230737792
-7.208480565366415
NaN
0.8839779005476742
7.938021454113634
11.425149700605076
2.379807692312394
-11.256764882743653
-15.265017667838436
-16.754176610976742
-17.892215568860706
-6.923076923081794
-0.4311377245524568
NaN
2.1543985637343095
2.1276595744680757
-4.518828451879756
NaN
0.4321728691492351
-13.42152736019375
-16.132075471695146
-7.734806629834168
-0.8812729498116028
-3.6537313432851306
NaN
1.7307692307676414
-12.570740517758907
-24.128113879009447
