180.11049723756847
178.57577601947736
175.49175320708576
178.45208845208884
176.9268292682935
175.4696132596681
180.00000000000202
177.2644376899696
177.23076923076923
182.32329440688426
179.45355191256832
179.33497536945774
183.7454100367193
180.98241358399187
174.6011486917689
187.45432399512706
181.73493975903457
180.99815157116612
186.25991458206505
168.2608695652202
175.74440894568608
184.69945355191174
180.990825688071
182.87469287469128
185.91961023142667
182.75566442131048
184.41717791411043
188.1120584652878
172.82648681790113
178.55822550831874
201.94607268464355
170.08695652173913
163.27628361857913
267.1807228915639
256.323529411764
243.90663390663468
252.40601503759547
266.1469648562317
-84.53350031308668
-67.38461538461706
-50.716981132074636
-36.66880204996704
-25.326633165826877
-22.143727161998243
-21.515711645099316
-13.55932203389824
-9.060773480663784
-9.729729729728945
-12.451456310681124
-7.315270935959006
-9.253365973069833
-12.654545454543893
NaN
5.0364963503633815
0.6506024096369835
NaN
0.22058823529090668
-6.517803258901608
NaN
11.788963007878957
6.4009809932587975
7.283874923358361
11.167883211675546
7.071823204413552
8.382352941174828
12.036474164133738
8.171779141105901
9.926470588235249
13.560145808021153
-0.883435582817242
NaN
4.811664641556813
NaN
0.8812729498116042
5.693430656939036
1.313069908811405
NaN
5.274725274720501
2.430939226516154
4.201474201477344
9.416058394159116
-4.422604422604422
NaN
3.0638297872292655
-8.418461538459951
-8.16676885346584
-11.584699453550286
-7.310769230767619
-6.629834254143589
-10.048543689325186
-6.412776412779635
NaN
