8.382089552239979
-11.985203452528879
-0.4444444444460487
NaN
14.909963985593581
4.321728691476581
-8.054692355497082
-11.734317343171767
-14.306049822065575
NaN
1.7977528089871413
5.806451612904012
9.032258064517713
-9.236276849640433
-1.1076923076923322
NaN
0.8664259927829316
3.461538461539256
-6.059850374062421
-9.567367119903452
-11.792733770101279
-2.436923076923904
NaN
1.793275217931117
6.686638705812663
NaN
1.9877300613488897
NaN
12.108108108108894
1.1242973141786359
6.744730679154637
16.54684737772764
20.08134805345801
41.17499999999836
72.95249549007613
84.78421701603082
97.1141781681307
114.84112149532466
115.69040247677937
110.99076923077004
110.43914680050132
127.05882352941153
141.39650872817828
154.79553903345678
153.3701657458559
155.92499999999836
174.7355320472923
185.07498500299826
171.7985611510788
163.27137546468194
173.92265193369963
185.6320400500626
180.75675675675754
190.6808244846991
193.89746757257367
181.3953488372085
171.57635467980464
184.96863237139033
187.63092269327004
191.59851301115015
180.21479713603895
169.8029556650237
183.27683615819367
185.82814445827825
183.6690647481991
174.0708514605313
170.94478527606879
182.93233082706607
198.527760449162
193.3812949640301
191.06145251396822
185.30712530712452
183.4940513462767
179.3509615384631
189.33166770767787
192.578849721706
180.32200357781676
170.3512014787422
171.41781681304636
188.8708671241437
192.26765799256117
180.85918854415195
170.58461538461538
183.84422110552936
186.27646326276698
184.10071942445967
174.40993788819875
171.04972375690775
183.27272727272072
186.40049906425537
184.53237410072023
174.5251396648028
