175.12315270936
175.3390875462394
175.33333333333454
172.88753799392097
174.592274678112
174.68634686346743
174.78099938309404
175.003084515731
172.4498480243185
174.37155119558514
174.57230769231012
175.00308451573306
175.00308451572903
172.55474452554623
174.37155119558514
174.78743068391785
175.00308451573306
174.99691167387476
172.5547445255502
174.25766871165965
174.67980295566588
174.7745521927087
175.10506798516522
172.4406573341453
174.2647058823541
174.67980295566784
174.66666666666748
174.55219271154877
171.8780487804862
178.86075949367088
179.89215098861555
180.76876143990117
179.6681007990174
192.73846153846154
194.66013472137098
193.60975609756258
191.2842361533772
189.99389871872924
188.95027624309435
188.20197044334938
188.0000000000008
190.38251366120215
188.9723076923061
188.88888888888889
188.45488257107382
191.06512477176142
189.82219497240914
189.08866995074175
188.88888888888889
188.78319950586936
191.38686131386825
190.03061849356857
189.41538461538462
189.0998766954385
188.78319950586743
191.6058394160567
190.45871559633028
189.74169741696943
189.3218249075191
189.21653300432163
191.79611650485361
190.13463892289334
189.29889298893158
188.76155268022328
188.55027760641264
190.69090909091227
188.82352941176066
188.08615384614902
187.54623921084996
187.2177668106108
189.39320388349756
187.73006134969324
186.87192118226272
186.55151141270989
186.11488573193324
188.41530054644883
186.84662576686796
186.09981515711243
185.77777777777453
185.56242274412452
187.42718446601864
186.18404907975298
186.2145499383501
186.2222222222206
186.12244897958777
188.99999999999682
176.68711656441718
178.00492610837517
178.22222222222385
178.22002472188052
177.55856966708086
180.0
