156.147382029736
163.7787445618407
164.08468244084696
165.44776119403087
167.1508379888278
168.8613861386159
171.44972239358543
173.92265193370366
175.92660550458635
165.34883720930202
172.83582089552073
173.27521793275017
173.7313432835837
174.5251396648049
175.32178217821905
175.8914250462649
177.1253071253047
178.1284403669717
168.6046511627915
176.1940298507467
175.8556316117
176.30367143746193
176.65012406947892
176.99443413729247
177.33333333333576
178.11923786109324
178.6780905752766
189.52258064516212
181.11940298507463
181.34495641345242
181.34328358208833
182.84325637909927
163.43680709534527
169.89556135770184
154.00299850075
90.24469820554738
52.60372820204652
39.43161634103028
22.835820895520047
23.0597014925396
23.570105003085143
23.135135135132774
15.505617977527377
32.74766355140269
34.7014925373132
34.3920595533493
33.86138613861541
33.029556650245574
31.58282208589198
30.482076637825887
26.6086956521731
25.63397876327208
26.77499999999918
29.419837804114145
35.395146235219116
37.9888268156428
37.82447466007434
36.73017824216816
34.917127071821284
34.34944237917775
31.975155279509615
31.275000000003274
33.03370786517002
35.25888958203548
39.2034847542002
41.73589584625104
41.111111111111114
39.558011049726616
37.61524277811907
37.40259740259562
35.018587360588775
33.46225826575513
34.36057392389861
35.910224438903235
38.95522388060045
40.619962802232756
39.753238741513094
38.01104972375818
35.669724770635796
35.44041450776574
47.327102803743216
47.38615096694211
48.00000000000326
48.77563704164684
49.48606811145673
47.438423645323
44.36541998773477
41.20615384615062
40.66666666666505
38.539603960394764
35.61916614810515
35.21495327102967
35.641344956416226
