197.54430379746793
194.90589711417698
194.60076045627395
199.79772439949497
198.53442830069415
196.09571788412964
199.11504424778897
200.70796460177064
197.30337078651434
194.9524413443252
201.81818181818477
201.26342387870992
198.41807909604447
200.35375868603862
202.7272727272707
198.8528678304252
196.07346421785985
203.02457466918622
202.855337965886
199.94990607388928
201.36363636363765
203.96214511040844
200.17434620174137
197.41935483870674
204.03022670025283
203.63636363636493
200.62617407639232
202.57088846880882
204.38563327032125
200.49782202862386
198.5578747628077
215.60559951308758
213.92721347093857
196.15112160566594
152.28644501278572
193.86335403726463
177.455439459126
165.98672299336394
170.53831538948575
183.6409608091032
186.0504201680676
175.8935361216705
179.08745247148372
170.59459459459774
174.06091370558502
178.4800965018098
179.3216080402006
192.83280757097708
181.63141993957703
171.9470699432909
171.66772352568037
174.9873417721544
171.396648044694
167.78693722257373
173.72225745085808
172.10526315789073
168.91959798994625
168.13688212927613
172.81823939202098
169.41176470588235
165.17110266160103
166.89043698543395
180.11257035647117
175.82445141065338
173.73814041745726
176.69829222011217
172.64851485148282
168.48638378720446
174.41418619379192
172.68292682926835
169.26553672315967
168.48638378720446
172.5996204933629
169.29368029739518
165.39923954372318
168.70006341153902
169.05329153605345
165.87570621468953
164.81927710843013
170.63451776649677
167.0631970260197
163.4705509816341
164.34285714286048
167.18336483932035
164.12757973733315
162.3081800887804
168.33545108005427
166.39600249844
163.20302648171605
162.6395939086243
167.45247148289383
164.00248601615598
160.83650190114142
161.82857142856977
