169.72375690607814
173.39962709757555
171.2814224402201
171.27950310559086
178.10760667903747
173.41463414634146
173.49937733499257
179.11220715166542
173.96709323583175
181.04314230521527
183.61533779671254
181.22905027933
186.45241038318835
181.0948905109489
180.11200995644097
185.97785977859738
182.8960396039608
185.46807191568672
183.5250917992684
181.6780609073959
186.3372452130933
181.3154689403155
179.55168119551723
185.54187192118428
168.412017167384
172.62111801242398
170.7239263803705
170.726256983239
177.32673267326774
172.86150091519016
171.87384044526988
194.41300421432805
217.66931055521547
234.6206896551707
136.04341391218364
79.34349355216942
68.87700534759544
55.65862708719826
60.33395176252373
58.170731707317074
51.851851851852295
37.482352941178014
22.122905027936163
22.23594811612111
23.664029214853116
17.76733254994059
NaN
4.655172413793868
2.0061919504635854
2.8996282527864876
9.027522935780617
2.9086389061512685
6.0000000000016165
10.95556908094953
3.3602986932171595
7.980295566499166
5.999999999993532
5.1332920024782505
10.361298224129023
6.033519553074306
8.227300802966337
13.804017041994815
6.272557560670402
10.2033271719007
14.689403166871202
7.835820895522423
12.383292383297265
10.253869969045112
10.693069306937032
15.174098961510099
10.496277915626445
12.651048088780843
17.299270072995736
10.739589807332266
14.1871921182297
19.489051094893526
12.521739130431529
16.35359116021639
20.679431747990783
19.146567717992962
21.991447770311936
21.84520123839658
21.528976572134688
23.868613138689106
18.078115313078047
19.495384615383003
22.704669496667623
14.74860335195219
17.469287469290766
20.75242718446611
12.282878411910614
15.009196811770112
