1.320293398533805
4.3875685557586985
5.024271844660586
2.1726010863005336
251.98450279810444
197.351916376305
182.84376828554596
172.7573964497049
166.66271487848437
162.70462633452078
166.15384615384616
154.79115479115376
157.69325153374152
159.1926605504571
154.7107438016517
149.2467850581734
151.80987202925172
154.3169398907105
159.63099630996132
-81.81818181818124
-65.15337423312883
-46.54411764705594
-33.44743276283373
-33.51797289334337
-22.871105681123368
-24.555420219246287
-25.339805825239637
-25.293761356754203
-18.574938574941655
NaN
4.6647887323965795
-34.57159286946643
NaN
52.279411764707255
53.16176470588351
56.02941176470884
70.06119951040247
69.89010989011182
69.94535519125729
68.02816901408619
55.613207547171235
61.75824175824214
76.37689969604783
75.70909090908853
70.07883565797151
66.51933701657553
66.61764705882484
79.36313533374194
78.4332925336607
77.94495412843956
78.24175824175852
79.09920876445243
79.68465736810117
74.7794117647024
74.03314917127005
74.16309012875281
74.29271279853059
87.57946210268867
86.22492401216124
84.48756822316639
83.5322777101079
84.65454545455181
80.93366093366431
81.44696505211118
81.61764705882317
81.95838433292803
82.58694325808825
94.9787234042585
105.56227327690354
102.48175182481728
101.61114476075447
102.0368098159445
106.76470588235003
108.46295162277983
108.11009174311606
108.06589383770097
107.16889428918448
105.34461910519616
73.27022375214987
-48.0557167730704
-60.66705675834385
-58.723404255317064
-68.45971563981391
-76.89940828402831
-75.85951940850475
-75.84766584766459
-74.91712707182575
-74.51316595223386
-74.55100794135899
