168.6956521739124
174.92957746478916
178.6893203883487
180.55316533497233
178.56529736357942
182.76243093922452
181.33004926108254
186.1689106487152
184.54153846154088
189.5662797800863
174.66666666666748
180.7697006719597
179.77805178791536
184.267477203649
170.11721159777957
168.96174863387932
170.11721159777957
167.34545454545614
167.67427513880284
164.86388384755222
172.3943661971848
176.18413082979814
177.67384615384373
175.27760829774132
179.44683466502767
178.45018450184338
183.7500000000016
169.4509561998746
176.1420698101653
175.6746765249542
175.11792452830338
150.77790304396942
165.3812771233701
-45.33032185206309
-18.201058201058913
-6.447761194029852
NaN
8.10218978102342
3.9779005524845887
6.792452830189506
2.876459741858579
4.623853211009975
3.576855639974318
-5.784919653894519
-11.373025516404994
-3.559950556243109
-9.410334346502964
-1.334981458591642
-7.854545454546269
-0.4444444444460487
-7.6317383403998065
NaN
0.4355716878379154
NaN
0.8706166868229903
NaN
1.305135951658466
NaN
1.5208207604119544
NaN
2.3898611949274255
NaN
2.1712907117008537
NaN
1.5199034981921442
NaN
1.738080869038846
NaN
2.3898611949353294
NaN
2.6086956521754603
NaN
3.043478260864847
NaN
3.045317220546972
NaN
3.047158403872548
NaN
3.0490018148852154
NaN
2.834645669289777
NaN
3.0526953361630356
NaN
3.0526953361630356
NaN
3.0526953361630356
NaN
3.0508474576302764
NaN
16.66867107636966
NaN
