167.49846342962485
164.86388384754935
167.83322804801034
180.79595704358792
185.1743119266063
184.20147420147342
183.31288343558282
185.6865127582005
184.52483139178457
184.53595574677362
184.20664206642186
187.08661417323032
174.0368098159493
175.57739557739555
176.0147601476011
173.02663438256502
174.1651376146797
173.81595092024298
173.57933579335673
170.62953995157338
177.95454545454834
182.6405867970656
181.9901719901732
181.7712177121755
182.1818181818182
181.65339865278827
181.65949600491905
181.77121771217753
179.78181818181739
180.2203182374569
185.1117824773422
182.7455765710799
191.4806378132127
197.25417439703145
237.86666666666537
187.10526315789315
185.50795593635053
185.3006134969317
184.64944649446372
184.15048543689244
184.96019595835887
183.51648351648228
174.2957746478877
170.70110701107055
171.35467980295442
171.6820702402957
169.3989071038244
171.4917127071835
172.13538461538622
172.34750462107255
171.72286940527277
170.5494505494502
171.92378610940256
172.2413793103449
172.56931608133002
169.93924665856932
172.15469613259836
172.25092250922503
172.56931608133422
171.3027522935764
170.86238532109772
171.92378610940045
172.2413793103449
172.45376078915004
169.93924665856932
171.8181818181842
172.35692307692952
172.56931608133422
170.3649635036503
170.73529411764952
171.48125384142517
171.9038817005553
172.01970443349276
169.81132075471774
171.59705159704916
171.91384615384294
172.12569316081084
169.51456310680163
171.16564417177915
171.80811808118335
172.01970443349663
171.70251997541894
170.1219512195122
171.5970515970572
172.01970443350083
172.34750462107448
169.83606557377132
171.8282208588941
172.0295202952061
172.56931608133422
171.40758873929076
