167.11111111111273
173.7777777777794
169.70802919707972
170.18587360594876
170.82872928176778
166.9787234042537
170.06819590824384
167.47252747252796
167.7323420074329
174.35076923076682
169.1934505761071
170.3970223325038
168.6466625842016
168.63861386138737
175.11713933415572
170.37667071689222
170.42079207920753
169.39877300613657
166.69517409895917
170.7492260061887
167.48780487804717
167.74752475247513
171.14391143911644
166.2711864406796
167.40557275541877
165.54261189454286
165.96534653465497
172.79112754159172
168.20388349514639
168.62453531598632
162.5253126861236
148.40157038698882
127.63468445356685
89.36886395511998
36.654545454547836
48.42751842752132
44.158878504673176
34.57249070631939
34.874310239115815
35.716878402906744
36.84863523573226
35.871886120998695
24.26966292134749
15.661375661374858
NaN
0.4275534441820789
-12.747252747255061
NaN
3.763837638377986
8.94545454545534
1.1152416356877348
6.613594611145087
3.546798029557465
4.217016029592268
10.06686930090867
3.787128712872942
7.504598405889071
12.406287787176417
4.237918215616591
9.676237018932238
6.21838371375538
7.749077490774977
12.880533656764737
6.233766233764586
9.920391916717742
15.000000000003295
6.683168316831593
11.6483516483501
9.741697416977479
9.520295202958346
14.199029126213654
7.999999999996766
10.802204531540305
15.434782608700194
6.674907292954295
10.34229828851025
9.623329283113627
4.0049443757709575
9.427527405601285
3.5643564356403545
6.408839779008684
11.120533010293714
2.899628252786455
7.2749540722580734
3.5489833641372686
3.555555555552322
9.410334346502967
2.455052696834953
6.18784530386574
5.676167374163059
NaN
5.2811735941272735
