180.75313807531361
185.72285542891441
175.35135135135215
174.35836782968735
176.88118811881068
181.18350268977727
185.40216086434768
174.59783913565232
174.02843601895887
176.43122676580046
180.96947935368004
185.29729729729888
173.84523095380848
178.56705450091934
185.64923076923318
188.29443447037582
177.0740517760397
171.7689530685916
170.8833922261481
172.76437847866617
182.34055727554423
193.46499102334124
183.9036144578337
174.05405405405406
178.56529736357942
185.863552550706
188.61244019138564
174.80769230769505
180.43321299639146
169.41176470588235
160.47421458209925
164.7750449910013
164.98285714285865
170.89579524679957
167.0895080023688
169.47692307692307
177.33333333333172
180.43010752688133
185.07498500299826
170.24734982332276
173.30855018587155
183.79182156133788
193.79640718562797
182.49547920434117
169.86366330764676
173.75464684014827
183.56435643564234
194.22754491018043
183.9083232810639
171.2662721893522
174.00739827373857
182.55713403335514
185.7159976033565
190.8303249097512
180.7613293051328
179.68066232998692
176.76258992805762
175.3513513513482
180.54119061935867
178.08056872037992
179.5566502463038
182.1556886227545
187.35576923076854
178.37251356238698
178.71581450653906
176.34408602150768
174.27027027027498
180.32432432432748
181.8422636965691
179.68066232997916
176.76258992806146
177.51649670066067
181.08043217286917
178.09411764706346
179.55555555556202
183.01075268817516
188.41726618704962
178.15995189416637
177.13274336283496
179.6660482374776
184.0909090909083
188.8595438175318
178.05054151624628
176.91306918983088
179.88840669559582
184.0958083832288
175.99518941671596
175.38461538461706
182.46575342465678
180.1069518716601
