174.54545454545394
171.65853658536545
173.68615384615305
165.3514180024663
158.0000000000008
161.21062384187806
162.66666666666828
164.06191950464478
166.18811881188162
167.28624535316024
168.20766378244713
165.71428571428564
163.93846153846152
166.80221811460495
167.55555555555878
168.54848672019855
169.21556516367843
169.4509561998746
170.3153988868286
171.18412895226334
169.45054945054702
166.4088397790043
169.2553846153838
169.6857670979656
170.32736256948448
170.99444101297055
171.22763726095044
172.09647495361736
172.63940520446266
173.1111111111103
170.10989010989007
182.35995232419626
158.75141884222558
157.5816203143889
161.2348178137649
118.83945841392791
127.37793851717693
125.22699386503228
112.76307692307611
102.76202219481914
94.78368355994775
96.84601113172498
85.14705882352678
71.86932849364744
68.10810810810544
75.12256442489148
68.07833537331636
65.53505535055416
52.823674475957795
52.95426452410245
52.888888888891316
54.19828641370961
53.793103448277094
38.97371714643158
36.36135508155674
43.51648351648211
41.35135135135222
39.48243992606141
37.77777777777778
37.15698393078053
37.12707182320248
34.48444173275795
30.10909090908932
27.759562841531523
22.857142857146158
19.45945945945794
17.733990147783093
17.174311926603902
12.833836858009208
4.277673545969466
8.571428571427008
13.31661442006598
23.26223337515498
30.109890109883846
26.74033149170985
25.049261083750068
24.222222222225454
24.369230769230768
21.964612568639218
16.749244712984606
8.356336260972212
12.873274780428126
22.63736263736114
10.607734806628132
1.5517241379246038
3.9975323874135062
4.876847290634008
5.051860890785422
2.3927492447098255
NaN
0.6775407779237563
5.4945054945055185
2.2099447513811956
