173.11598746081464
169.46450809464443
164.57142857142938
160.44943820224768
158.12030075188017
157.06214689265607
156.90566037735684
157.00440528634232
157.4291115311894
158.08201892744563
161.03470031545658
165.4545454545442
168.1668773704156
170.10739102968958
171.47188881869863
172.39116719243233
171.96731615336228
170.0751879699236
166.13664596273128
161.3407821229063
157.65439800374125
156.2179085785866
155.51097178683304
155.44940289126052
155.87161736941343
156.52173913043586
157.52837326608113
162.85173501577452
166.3636363636384
168.63636363636374
170.2272727272723
158.54710556186325
145.7142857142862
163.71327849588573
193.3753148614602
154.0197461212971
176.41344956413164
175.47846889952268
171.90161967606483
173.35834896810545
176.51753325272185
177.7049180327885
176.40653357531838
179.99999999999795
185.74233128834035
185.44794188861792
187.45432399512706
176.15149664019745
172.590246991767
186.6918714555762
185.09113764927923
182.71016311166835
179.66228893058448
174.64019851116709
169.64999999999918
167.14285714285538
178.5329153605065
176.15577889447485
175.80868470736647
179.31989924433
180.79395085066244
182.15500945179335
182.835538752363
183.52050473186782
183.97476340694007
184.19659735349796
183.6226415094389
181.91849529781058
179.1000000000049
174.0928792569708
168.8833437305077
166.03254067584342
164.76489028213166
177.74153074027188
180.4522613065302
182.03773584905989
182.94339622641345
183.62720403022755
184.08060453400753
184.42344045369197
184.41787287602426
183.3877038895901
181.12640801001248
177.53424657533756
172.6302729528512
167.97001873829174
165.66771159874938
164.62311557788706
164.1509433962264
164.13098236776224
164.56494325346557
166.48580441640215
171.36363636363376
