19.814471243041883
20.234712785670908
20.469715698392765
20.692212608158485
20.914709517922645
21.1372064276886
21.15027829313534
21.35970333745455
21.372912801484944
21.372912801484944
21.346510191473033
21.163366336633615
21.359703337450505
21.1372064276886
21.137206427688362
21.55555555555313
100.37837837837779
14.467093768199678
7.504466944609822
3.8895558223273934
6.498194945848347
-0.44971892567309624
NaN
2.0186915887842307
4.032358431858961
5.376477909146701
6.716417910447715
6.712243629583607
3.8012422360224045
0.649428743233545
NaN
4.447189623224222
3.8297872340454786
NaN
29.40594059405724
32.80843149411176
30.092879256965944
26.71614100185547
23.153988868277718
19.80222496909693
16.920222634509084
15.807050092765117
26.74922600619195
36.1114551083567
32.09907120742953
29.424148606808714
26.526315789472875
23.613861386135586
20.49504950495207
17.82178217821778
15.148514851483494
12.698019801977738
10.241187384041357
8.009888751545873
5.535055350553555
1.014560826682876
235.62462641960653
218.02816901408417
201.09458655561872
193.11111111111435
191.3333333333301
189.777777777781
188.57142857142935
188.01980198019484
187.79702970296614
187.4582560296815
187.23562152133982
187.23562152133982
187.23562152133172
187.0043236565774
186.89740420271605
186.89740420272025
187.11990111248215
187.0043236565732
187.0043236565774
186.78196417541525
186.66666666666666
186.11488573193742
185.89252625077526
185.44780728845123
184.7807288449653
184.4499381953069
183.89129092032115
183.5599505562431
183.22820037105507
182.89245982694928
182.6732673267302
182.78293135436
182.6732673267302
183.1188118811914
183.45083487940872
