183.64640883977822
183.19657072872076
182.9652226967671
182.28952150212032
182.49547920434117
181.65542611894745
181.21249234537902
180.98840756559036
180.65533980582364
180.32432432432353
178.89975550122048
178.12614819350807
178.02197802197685
177.9209726443753
178.0505415162443
177.80755176613886
176.5829761175766
176.59132559560334
176.7153284671513
176.7430639324487
179.56363636363875
178.4577723378197
178.6797066014662
179.0127970749547
179.2377495462807
138.85478699037887
171.48861646234826
171.6570104287389
174.4046920821122
168.74366197183247
174.84536082474415
168.40046029919367
180.86227544910494
214.39153439153625
176.07367910809344
125.13591671486131
113.90542907180205
98.20105820105722
84.38162544169494
71.74528301887008
60.88391278727294
52.48677248677083
38.66197183098446
22.368112543963207
7.2554831061047835
8.872458410351141
23.79436964504129
36.895734597155005
29.60946745562053
19.548505186088324
17.46928746929057
19.840783833435484
32.998225901833166
22.992312241276
17.18482252142609
17.726443768993775
14.797546012271546
16.55426118945447
19.38800489596707
25.039658328251907
25.32443905396926
21.891891891895206
23.808940600128466
25.981651376145187
30.512195121946426
31.81598062953734
27.658266748616963
29.302325581393486
30.806845965770446
34.18137553256732
37.241379310348925
32.48618784529787
33.24770642202316
34.065934065934215
36.13138686131355
40.2416918429003
35.77914110429609
35.64792176039312
35.60439560439657
37.02982349360463
40.918984280531
36.883435582823694
36.748166259169814
36.70329670329846
37.929354445796044
41.814882032669644
38.45303867403602
38.53211009174312
38.70494807574581
40.12180267966516
