190.24213075060592
175.42926239419612
176.98203592814252
177.75933609958565
186.11320754717147
177.7297297297313
178.60962566844998
180.42806183115493
183.16185696361478
187.7326968973735
185.53846153846231
189.7032101756507
174.9999999999996
176.44524236983918
177.44075829383928
181.36020151133584
186.3630916716593
184.48931116389622
187.25195429945964
172.14545454545376
174.06118776244753
175.5106888361018
185.55066079295113
177.1874999999996
178.07142857142935
179.36018957345934
181.69704588309241
186.88172043010903
184.7957371225558
188.83101150817723
175.6097560975625
176.21936989498406
119.91068105694131
197.06546275394953
192.97012302284833
187.14878482513413
191.37868753762595
189.30288461538504
188.50987432675004
187.05463182897904
185.73789846517082
188.52007189934054
187.70343580469998
186.81081081081
185.6887298747776
184.46808510638374
188.5090909090901
174.13751507840612
175.91397849462638
177.01775147929072
179.65973534971727
185.27827648114862
183.62989323843377
187.51361161524267
173.03506650543983
174.8263473053861
175.9430604982175
181.4744801512279
186.3630916716574
184.60440214158155
185.03271861986605
175.01886792452666
181.61001788909155
181.06508875739644
184.68806783767735
171.08695652173844
173.43693962940588
175.09478672985546
177.84499054820665
183.77471539844214
182.56532066508083
185.74352799518277
170.95093882495132
173.19736052789523
174.86935866983444
182.7169811320771
186.80263947210477
185.25312686122842
184.8014226437424
174.44234404536687
181.39701492537625
180.74600355240253
185.12416717141608
171.30434782609103
173.42908438061193
175.09478672986322
178.29867674858636
183.99041342120714
182.67379679143997
184.95808383233376
