227.37993920972764
226.4164648910426
224.08602150537718
225.2465003043215
224.97277676950938
229.62872793670203
229.0909090909091
227.50448833033997
232.83800243605415
219.09255898366783
225.82216808769692
225.95512431776885
224.83832335329578
225.52102376599825
225.5159927579938
230.28606208155597
229.96363636363557
227.95698924731232
232.69628727936706
231.66163141993957
235.54473524041492
234.98181818181976
232.39689181111876
237.0036540803895
221.90591073582885
227.1610942249264
226.69090909091227
224.3540669856465
226.12294583079992
225.13595166163142
223.71284352215451
247.10327455919509
-84.03582089552316
-36.21052631578715
-21.551618814907613
-15.956284153003992
-15.680580762251907
-9.202678027995205
-9.163636363633998
-11.425149700597217
-4.101265822783148
-20.156532209510715
-16.966767371599644
-3.1838281743516745
-8.581644815256197
NaN
9.9102333931785
4.147968465736025
5.223700120918204
7.522388059701493
-3.720364741638946
-7.364620938627354
-3.503649635037277
-4.579043004240646
-9.456716417905852
NaN
9.886567164175977
3.2806804374240874
5.655589123863904
3.7001209189858315
3.058252427179711
8.196524865187273
-4.814589665647134
-7.1739130434766025
-10.569203115633513
NaN
8.147706968439762
-4.376899696048611
-6.948130277444307
-4.592952612398392
-5.015142337975419
-9.683203825463295
-3.9416058394144216
-6.726943942130731
-5.024271844666487
-3.4930260764068066
-8.617594254937046
NaN
9.05389221557043
3.5015197568357213
5.230024213078209
8.167164179102913
-3.065693430652175
-6.710763680100797
-3.9392097264501444
-5.2268602540866596
-9.892473118276541
-3.7226277372278105
-6.9397590361461425
-4.158054711249406
-4.360993337371326
