176.24539877300452
173.13653136531383
170.4326328800995
168.7290762554253
167.80609073958925
168.0149346608599
174.9532710280374
179.1022443890303
181.6822429906542
180.7744314689621
176.90036900368884
173.65491651206054
171.4073155610676
170.14925373134406
170.03111387678746
176.63341645885083
180.67331670822983
183.25639426076063
183.9106145251397
180.88235294117567
176.44444444444363
173.6391816491002
171.7267080745366
170.92719352831529
177.19626168224298
181.12219451371774
184.04494382022307
185.94392523364405
183.4170238824234
178.33641404805715
174.98452012383902
170.85852478839215
173.731343283581
134.0445365095796
104.52914798206153
78.26966292134979
58.80562060889878
50.80820265380258
42.063393412055646
41.290322580646816
28.252605763337723
30.965346534652586
30.900360144055984
19.29328621907827
12.764423076922318
1.0836845273931344
5.8208955223889
7.111111111112728
5.561497326203951
NaN
1.5613382899603945
6.476426799006676
9.16770186335485
11.417910447761932
12.985074626863955
13.837705918241417
7.527675276755888
3.7777777777713104
1.3366336633631068
6.2492250464956145
9.167701863358918
11.627329192548212
12.960893854746802
12.943327239483443
6.424615384618608
2.6666666666682834
0.6687306501531769
6.2492250464956145
8.496894409936262
10.292106898699632
11.138613861386238
9.676237018940236
3.329223181257692
-2.448979591841578
NaN
2.4611559975188455
6.044776119404641
8.069738480702169
9.626865671640205
9.682151589237337
3.3271719038817156
-3.118811881191334
-4.689826302734389
NaN
0.672478206723142
4.485981308411215
7.177570093451416
8.742216687417352
9.027522935776613
2.663378545007768
-3.789473684212169
-5.5865921787710136
