123.34140435835444
122.54391278013456
121.8897637795265
121.60097028502109
121.30909090909171
121.23786407767044
121.60097028502175
122.7669902912603
127.65027322404235
133.55191256830372
137.4863387978128
140.32786885245756
142.60024301336702
144.43768996960486
146.27737226277642
147.72036474164133
149.12408759124034
150.34650455926814
151.22188449847707
152.09726443768997
152.87970838396168
153.3171324422848
153.75455650060957
154.1919805589304
154.4106925880928
154.5355191256817
154.53551912568398
154.5355191256817
154.03636363636443
152.79322853688052
143.47386172006702
129.34396076027028
176.75090252707383
254.99116087212772
263.38658146964855
268.96048632218765
-83.75152253349393
-79.7565429093109
-77.2992700729913
-76.3304981773988
-75.63946406821003
-75.37431527693116
-63.46227013316303
-60.656934306570406
-59.37690897984157
-58.390243902439806
-57.69652650822496
-56.59963436928928
-55.50274223034961
-53.40659340659204
-51.773308957953134
-49.79890310786254
-48.014616321558606
-46.26065773446726
-44.28745432399654
-42.28849665246361
-40.535605599512394
-38.34449178332335
-35.234042553196275
-27.120291616034365
-21.0346926354199
-15.16483516483811
-10.962241169305912
-7.673568818513957
-4.820450395611431
-2.6277372262789527
-0.6569343065756925
NaN
0.6553398058236563
1.2996389891743974
-6.6587112171807235
-11.209580838317095
-14.702702702701117
-17.967528562844223
-8.09494066208299
-11.675675675678804
-14.321880650999162
-16.52173913043174
-6.53725735754864
-9.753160746538299
-12.383826191914636
-15.453446191056628
-17.21549636803428
-19.176755447940195
-21.112454655382294
-9.288860918813668
-11.521739130433048
-14.164648910411586
-15.709090909092481
-17.236363636366832
