175.97647058823605
175.47305389221674
174.49310137972464
169.95889606576728
177.6652254478079
170.53763440860095
170.1739652069563
165.38823529411457
173.4078212290486
179.13669064748083
178.80938063740385
175.3246753246757
181.67389956602807
174.1796407185613
174.37500000000117
170.1238938053105
171.3669064748201
170.49219687875427
166.44705882353017
174.66007416563542
168.48774656305955
168.5611510791382
164.00235432607585
172.3095975232182
177.19760479041682
176.86486486486328
175.433628318581
174.49310137972364
172.97297297297297
168.6639199529146
189.08011869436203
188.78571428571507
-65.6364647026142
-4.355602314569921
-10.261780104715001
-2.6165960024204082
-7.6868327402142995
-10.125673249552733
-3.677884615382254
-1.7359855334523218
-4.717093508042012
NaN
2.817579771220572
4.0641711229938915
0.6486486486510085
8.000000000001574
8.713105076742233
3.4532374100727052
11.00719424460515
11.844888366628217
4.949193066346334
4.74820143885046
8.622754491017965
8.109069353881043
3.455308938209275
10.37837837838467
-6.568569746906803
-7.976047904193194
-1.7286914765890629
-8.682352941173406
NaN
1.0771992818671314
7.342531493696514
-8.47557386698071
NaN
2.368421052628487
8.422315536895727
8.909840895699796
2.8023952095792697
10.143884892087945
-18.847058823524776
-7.578947368416209
-9.053892215570443
-3.894230769229182
-10.182675309375611
NaN
0.6463195691187112
6.702702702699557
-9.758397171476133
-10.79136690647465
-4.321728691476608
-11.428571428566897
-1.778875849288056
NaN
15.942549371637027
5.189189189192335
6.824644549764467
2.5883762732112516
9.502099580087084
10.176678445228182
