-18.65853658536588
-12.290502793296127
-15.09247842169998
-19.914893617020084
261.3583138173302
215.1603498542274
196.57478005865178
183.60000000000153
167.41183502689904
162.2566646001223
269.6804733727818
-88.24985268120253
269.0504103165322
-78.93167701863189
-62.06896551724083
-47.385740402191004
-49.354838709678006
-60.249258160238924
-45.85846153846313
-52.3995127892843
-51.908017402114865
-49.02033271719142
-55.28336380256087
-54.17910447760977
-38.17509247842315
-36.87804878048621
-36.51524579962893
-35.51171393341576
-22.170731707317884
-18.145612943373465
-25.08108108108189
-29.32874354560886
268.8817303267377
248.52904820766247
262.30483271375607
254.8314606741583
235.89864466706004
233.42874922215222
233.24257425742684
229.75429975429998
226.12294583079742
230.08695652173833
228.72682323856554
227.34518700183887
242.66666666666828
239.14132379248477
224.17112299465182
218.61094038106685
232.73394495412603
236.27791563275431
224.91997628926916
210.60212514758092
204.30656934306455
200.1983880967104
201.03321033210352
200.92513694461599
197.33996270975746
199.08754623921158
199.41499085922916
196.34328358209206
198.4444444444509
199.3170731707381
196.34328358208762
198.44444444444284
199.53658536584888
196.9135034225251
199.2103639728552
200.75655887736212
198.13432835820538
200.44444444443798
202.82926829267814
200.0248601615889
202.22222222222223
204.8048780487789
202.4860161591032
204.44444444444446
-39.9512195121967
-19.018023617153744
-3.3312769895126166
NaN
7.830950901180964
27.53855644664074
44.5609756097545
38.01242236024845
41.307834669953955
58.609756097562574
74.68322981366785
74.17643429981716
73.97560975609117
88.49162011172939
108.37754472547746
