171.94373401534426
180.10995723885097
181.97080291970724
175.45126353790633
171.10433190970062
171.38650306748548
174.6120952962761
170.50333535476162
164.46043165467674
169.03143040410308
178.46341463414475
174.4262295081963
168.4463107378517
172.61538461538294
181.09756097560975
178.577507598785
172.43697478991402
176.6559897501606
184.3956043956044
186.56136087484612
180.5411906193626
176.6992665036695
176.9079754601235
179.56043956044195
175.20000000000238
169.807228915665
174.81101857783682
183.40036563071337
179.2359005457865
173.28519855595593
176.9064290260951
191.4801444043326
186.689536878218
163.69093941078464
160.72992700729884
169.21760391197927
167.63525835865943
168.9434889434889
176.24539877300452
178.1284403669717
175.94149908592442
173.90568319226077
174.8002458512592
181.98529411764827
183.74083129584312
181.0948905109509
180.0
182.65356265356223
190.35495716034234
191.1951219512203
187.73139745916362
187.6336816226199
192.11750305997353
199.21903599756152
198.15309842041347
196.64421310471772
198.3088235294141
202.32131948686532
207.49090909090592
188.50909090908615
189.53201970443604
194.3382352941216
201.04750304506769
200.53398058252355
199.65644171779462
201.61764705882584
205.05494505494437
210.76363636364113
191.34545454545614
192.53234750462033
196.98529411765261
203.58318098719863
186.47166361974573
187.86461538461378
191.60220994475128
198.5827733659152
199.36778115501997
184.51928965094748
188.08615384614902
194.99999999999866
197.0225747406954
193.72881355932435
193.7438423645298
197.98896382587264
204.5554202192423
187.1297989031079
188.75076923077086
192.7071823204419
199.46243127672287
183.18875992670075
184.42260442260846
