215.9129383313181
216.73690547862685
229.91855979425614
183.21613832852876
185.96858638743342
185.60846560846676
173.39545719277692
166.05326876513402
165.735027223232
164.98186215235884
164.3288996372434
163.45828295042438
162.90381125226773
162.46823956442802
161.9347037484881
161.3793103448291
160.84643288996548
160.2903811252244
160.07259528130743
159.7581620314407
159.4192377495446
159.1051995163252
158.765880217784
158.45223700120795
158.23458282950222
157.89473684210597
157.79927448609294
157.5816203143889
157.45916515426407
159.4829612220902
157.2710951526029
198.2702702702679
193.3015494636449
142.1917808219178
161.8534752661216
174.75935828876848
178.60797144556696
171.37724550898204
167.35135135135056
176.6486486486463
183.4615384615373
178.15328907664374
174.3409915356683
171.28329297821017
168.55239248940237
166.15384615384738
163.75529981829237
161.57480314960674
159.8304058146576
158.0860084797089
156.46489104116392
154.93946731235047
153.50696547547057
152.54237288135863
151.36116152449824
150.36319612591063
161.25907990314698
158.42615012106626
156.24697336561832
154.0677966101704
152.4500907441023
150.70780399274273
149.40108892921708
148.09437386569937
147.13422007255485
146.26360338573187
145.48094373865604
144.95767835550055
144.5223700120938
144.3047158403841
144.08706166867756
143.8694074969805
143.56495468277944
143.43409915356426
143.21644498186723
143.2164449818593
143.21644498186245
143.434099153569
143.43409915356426
143.434099153569
143.434099153569
143.65175332527397
143.65175332527082
143.65175332527397
143.8694074969805
143.95644283121342
144.0870616686823
144.30471584038727
144.39201451906007
144.52237001208906
