185.30061349693372
183.12267657992584
188.4863523573195
189.94413407821187
188.26699326393145
186.13003095975233
191.49411035337994
193.07262569832494
191.22249388753335
188.6881188118824
193.94916305021704
184.7451669595782
174.44444444444446
173.6470588235286
178.43866171003756
176.487804878048
173.00431832202224
171.65120593692026
176.4312267657964
174.4058500914073
170.7834669956824
169.75247524752598
174.43069306930897
172.4222086638198
169.0067859346087
167.64378478663954
172.3095975232182
170.44539353263903
166.8888888888897
165.6400742115031
170.30340557275866
168.9752650176683
172.38503985285143
172.10256410256335
172.46411483253388
130.14836795252242
157.95053003533636
163.57857563272702
161.19402985074626
162.59433962264194
160.02386634844834
161.34275618374704
158.21109123434792
160.23487962419173
156.82955899880787
157.12589073634237
162.24414303329232
173.9702233250624
191.9553072625686
181.69212690951667
171.40731556106547
170.84367245657492
175.4189944134094
173.29260843005662
169.7651421508026
168.50588964662197
173.5235732009934
171.64835164835722
167.8814082767125
166.51393188854652
184.68982630273032
181.9780219780212
178.66501854140833
178.21561338290127
182.00992555831183
180.10995723884997
176.66666666666666
175.7620817843915
180.11159330440418
178.0219780219788
174.66666666667152
173.64705882353266
177.99256505576696
175.93654667479694
172.44444444444122
171.31188118811548
175.98513011152582
173.853658536579
170.44444444443798
169.30693069307083
174.0928792569627
172.20256253813469
168.78470080197562
167.52475247525066
172.3095975232263
170.44539353264514
167.0080197409038
165.96534653465122
170.64356435643393
168.79120879120794
165.55555555555554
164.52690166976132
