NaN
11.428571428571017
12.77845777233825
17.299270072993934
1.0869565217391282
-9.502099580083154
NaN
8.55054811205763
12.036474164133738
-8.483383685803744
-13.205051112448245
NaN
5.9196102314227375
10.06686930091265
8.91304347826164
3.461538461539256
NaN
5.916007303714341
11.147540983607303
-9.776704888352413
-14.486486486488047
NaN
4.817518248176786
8.737864077669846
-11.95652173913038
-17.06058788242285
NaN
2.192448233861135
7.440729483281879
3.560209424085301
-23.090379008746368
-29.597667638484722
-37.55986316989595
NaN
58.46153846153952
54.58483754512769
51.920867900447305
67.55667506297095
76.81735985533392
75.12665862484951
79.79500320307234
101.0366624525945
106.9090909090909
102.82608695651993
98.49669272399322
100.55092889173667
115.54202192448342
119.7082066869277
116.59214501510257
111.63461538461247
113.46572709801131
126.35036496350153
128.74316939890716
131.95652173913027
126.70270270269955
130.30108904548487
141.06925880923575
141.20218579235387
142.39130434782422
143.0492196878701
151.05701473414618
158.88145896657014
156.18932038834674
154.22356495467804
152.1248499399726
160.9737347853938
172.78250303766478
168.306010928961
164.8821752265845
170.36942675159068
180.7687614399032
185.94132029339605
170.71038251366105
167.08860759493524
172.55251432208777
183.74083129584108
188.55054811205764
172.36363636363637
168.62131246237198
167.3394495412844
171.8282208588941
178.13300793166087
162.82066869300434
160.31419939576406
166.57743785850758
178.13300793166886
183.18486882245037
167.76699029126553
164.58383594692316
161.5440289505388
163.93846153846152
