7.382388419784048
7.594936708860776
-3.1598746081496643
-1.7349397590345461
-0.869565217390516
0.0
NaN
0.8690404345194326
2.2556390977443557
3.593262632564735
4.546001202642691
-2.605548854038659
NaN
0.21765417170574997
1.521739130436361
2.6055488540426044
-5.40337711069742
-6.268656716416331
-2.16216216216219
NaN
0.4345202172616875
3.04164152081999
-7.640449438201415
-9.385474860336785
-9.519230769229978
-10.18663455749703
-12.555622369210766
-2.9122588674572967
NaN
5.034965034968077
13.870776526378126
9.075630252098462
4.410735122517373
33.21373654536129
-50.89805825242581
-62.85370258880181
-62.211480362538566
-74.7826086956552
-86.79154078550164
261.8972809667666
251.60822249092845
254.5015105740181
243.8429003021156
235.50181378476236
238.62235649546986
240.6533575317615
241.08695652174177
240.93975903614538
250.49344159899923
251.61773891317787
244.83463619964107
236.81351840675816
241.01510574017968
242.7552870090669
244.41762220881003
234.35804701627282
224.53943407585672
210.54151624548803
219.01311680200402
230.6425452276955
233.64238410596073
235.94447797223478
239.85515992757416
225.95051297526047
213.478260869564
214.43572721786424
214.34782608695525
213.43012704174322
212.60869565216953
211.53521974713897
217.61696818465802
228.86674968866927
232.43243243243242
217.997587454761
206.48974668274803
206.30434782609194
205.404101326901
204.2891566264997
203.32730560578298
190.30741410488235
190.30741410488653
190.0904159132038
177.2842486421204
166.52173913043308
167.59371221281594
168.1450151057386
174.93433395872822
174.83790523690942
169.29729729729573
170.331925165965
