199.0208955223869
184.30107526881721
171.0592459605035
176.42679900744437
186.68316831683165
190.11961722488005
175.45673076923003
163.2230907997594
170.00623830318395
183.24828873677822
191.22302158273544
179.78313253012365
169.4882600842878
160.0961538461542
174.4909431605251
181.12359550561797
180.43217286914725
173.61395069151973
165.82338902148092
174.3679599499374
188.74221668742337
191.82948490230947
183.35403726708074
195.79728059332376
186.3327370304111
172.55841821450008
178.326100433976
188.34879406308187
191.95691202872567
177.61732851985482
164.35714285714053
200.40572792362568
184.65784933869853
180.96051227321064
201.34131736526868
204.07918416316647
198.0217129071155
191.52173913043515
183.15407854984656
174.56521739130238
166.30434782608842
173.3815551537087
173.68233194526906
178.3219390926041
190.66749844042425
194.47290053603533
193.19711538461817
180.54249547920435
168.72289156626348
168.76350540215918
174.83790523690942
188.3798882681565
200.19196160767916
193.34538878842798
187.26943942134093
180.9764918625694
174.57831325301206
167.0813397129148
176.39549436795912
191.08898568761418
194.157303370782
178.92215568862275
167.16596764529513
173.0769230769262
183.45510835913962
186.65871121718448
186.04316546762828
173.1727874774279
168.53932584269586
183.9154754505904
195.971223021582
188.1276339554486
181.73493975904245
182.02247191011153
187.73831775701098
186.27403846154155
179.13253012047878
172.1927710843326
162.82157676348322
167.42115027828967
177.99752781211052
187.8937615812255
196.80589680589767
186.13269575612347
172.34272019172911
166.36024844720822
177.87972721636945
187.79702970297424
197.1903881700515
203.0658682634746
190.07826610475942
