185.39449541284563
185.34869617950332
184.427114577084
192.0
196.20543806646683
182.705953096813
188.82240611076037
193.57875678937833
191.55368926214646
195.8629130966967
180.76782449725857
182.05900060204655
186.94427434170353
186.14634146341302
185.87666263603347
189.23076923077087
188.4667073915707
188.40509399636025
187.77911164465667
198.95939086294453
188.17686250757123
188.5405405405421
199.49335022165744
188.49878934624823
188.87019230769508
192.99877600979102
178.1375532562378
179.78339350180426
183.97058823529454
183.0694275274048
181.88591385331705
180.82949308755875
183.7284234752612
183.556626506026
166.98147041243246
173.7559808612428
169.0109890109911
170.09074410163493
171.8083832335345
167.45721271393685
167.956204379564
168.55239248940237
170.2761104441757
166.45871559633107
167.0802919708017
168.1450151057386
169.76660682226017
165.49450549450464
166.57368101880203
168.20204449789586
164.6715328467133
164.6715328467173
166.18731117824694
168.15789473684399
163.95604395604585
165.1456310679587
167.2048192771053
162.45487364620868
161.00061012812745
162.98181818181976
165.63887222555573
161.73594132029484
162.8206686930123
164.78260869565634
159.18514080287648
163.26114649681696
171.32530120481928
171.46970605879065
174.3857415658842
180.5424954792004
180.86538461538777
163.79669320269355
166.13705275924337
168.21621621621463
171.17759388923744
177.27767695100212
176.65266946610444
172.83527250459676
172.7737226277389
173.1563065781541
175.609756097561
161.09890109890023
164.21052631578544
162.75449101796409
165.65965583174008
172.9390464695231
173.3173652694642
175.76066199872616
181.41219070609455
180.4311377245446
176.47058823529727
