181.11662531017473
181.00558659217836
180.8944099378874
180.7830950901189
180.67080745341553
180.78309509011686
180.6708074534145
180.44720496894166
180.5593536357966
180.6708074534145
180.6708074534145
180.55865921787506
180.44720496894166
180.55796652200868
179.669724770643
180.9896151496656
180.77443146896007
180.55452865064896
180.33353922174302
180.44554455445504
180.55727554179566
180.4460966542747
180.44665012406705
180.33519553072546
180.33519553072747
180.3356121814804
180.33561218147835
180.22388059701575
180.22388059701575
180.2238805970137
180.22388059701575
178.89434889434688
148.3941970985489
107.57396449704142
-6.515837104070215
-20.284697508896727
-21.33170433720369
-11.208791208792036
-1.765787860210878
-4.441702652683546
-5.572755417956671
NaN
0.8602150537626604
-5.806451612899991
-10.787309048179338
-12.903225806451644
NaN
6.00370599135425
8.817204301072158
NaN
2.0099255583118563
4.4637321760694055
5.806451612904078
6.687306501547988
6.846625766871969
3.286670724284859
-5.959534028205098
-7.970479704793888
NaN
4.666666666671517
3.1130327362601564
8.01980198019485
13.143564356438707
16.272445820431816
18.278637770899454
19.381188118813675
19.8267326732703
19.61609907120581
19.38118811880557
18.501547987614476
17.577255871449548
15.96597812879528
8.356750152716936
2.651933701659043
-3.7731196054269844
-5.558987029030334
-6.901669758809362
-7.806691449814082
-8.03471791692175
-7.146401985113243
NaN
0.22346368714758819
5.363128491623291
8.720496894405057
11.173184357542
12.74534161490846
13.854748603353706
14.53416149068323
14.972067039107568
15.195530726255495
14.9627791563291
14.231006794320587
11.824817518243552
