178.35866261398175
176.16087751371117
174.61866992068374
175.16483516483657
179.5599022004884
181.8715596330283
183.52509179926636
184.62668298653492
185.0549450549435
182.0614828209761
177.8181818181818
174.5321992709619
172.00243457090573
169.79890310786178
168.57142857142904
169.33414783140003
174.05867970660188
176.58715596330435
178.4577723378217
179.121951219513
176.53012048193088
172.15496368038666
168.96174863387745
166.42335766423395
164.65286236297388
163.53658536585365
163.51648351648564
169.1142333536961
172.29828850855947
173.95973154362613
172.25473321859056
170.25580011897642
199.34579439252312
209.94854202401416
241.5356489945158
252.76132930513754
253.68101879927443
254.36208991494715
254.91773308958057
255.38461538461812
255.69682151589345
255.9461114513157
255.78947368420788
256.29357798165057
257.8877489438738
256.1454545454577
255.17325227963605
254.47897623400308
253.910921293473
253.34147831398948
252.83618581906956
252.3302752293586
252.0440636474906
251.53704837722177
251.0961420698145
250.34862385321262
247.92247122955615
248.20823244551474
248.17021276595267
248.18514007307962
247.98047589994
248.06353084911154
247.99511002445368
248.07833537331962
247.85801713586622
247.94117647059034
247.56889161053226
246.97674418604913
244.59016393442832
241.30671506352036
242.77035236938246
243.5100548446037
243.87804878048462
244.32498472815698
244.69437652811314
244.99388004895903
245.21419828641538
245.51470588235023
245.58481322719354
245.36436007348388
243.58099878197692
239.70996978852122
238.61482381531144
240.5842970176501
241.61073825503678
242.4175824175845
242.9339853300707
243.5229357798133
243.89228886168854
244.26209430495967
244.63235294117055
