1.336633663367144
2.4504950495057556
3.1168831168823106
3.5577516985781448
3.7707948243968565
3.9779005524845887
1.0948905109489075
-9.694002447983564
-13.888548683403258
-17.237569060771932
-19.716923076922285
-21.29390018484355
-18.433066008635194
-17.100555212829136
-17.068965517239008
-20.036697247703216
-7.384615384612857
-9.508599508601833
-12.154696132596712
-19.211643420253154
-12.507896399241872
-2.963901203295734
-8.32116788321008
-10.822085889569735
-12.398523985240615
-13.094944512946256
-13.103022825415565
-8.449660284124377
-6.674907292954231
-5.123762376240052
-29.416342412452877
-13.880597014923012
NaN
4.29967426709887
-38.619824341276626
NaN
74.81389578163738
96.69975186104121
117.24565756823769
133.0192188468706
145.05817513778464
152.9223181257709
150.4079110012359
148.85043263287997
148.14356435643532
151.57894736842104
152.6934984520124
153.04455445544278
152.85537700865092
152.0938851142676
150.8888888888881
149.6479308214975
148.13078346699697
146.1320172732902
142.59597806215848
137.5429975429967
134.3349753694567
132.2811344019771
130.72749691738858
128.93538461538623
126.5521472392622
124.22222222221737
127.87128712870916
129.9566563467476
131.45691258524872
132.49070631970466
133.15985130111565
133.8289962825297
133.63804817789125
131.44954128440529
127.90640394089003
125.76709796672763
124.22222222221737
123.18715256330749
122.81829419036063
122.44897959183618
122.44897959183618
122.67161410018174
125.26576019777397
128.07906114885293
128.82571075401302
129.11111111110787
128.9684990735039
127.57817290006602
124.25948592410946
120.88560885609176
119.03940886699829
117.41060419235782
116.0789149198499
114.82758620689391
112.85889570551826
110.88888888888404
