171.01663585952002
170.45703839122407
170.5730129390018
174.61866992068275
172.90640394088612
179.5599022004874
177.4523076923085
182.86413708690168
180.66339066338907
184.63235294117726
180.98480243160856
183.10344827585925
178.80794701986716
178.33846153846153
174.99395405078556
174.35076923076682
171.9174757281537
171.4707692307684
169.72053462940505
168.82606023355632
169.15398660985838
167.41104294478367
173.1951219512187
169.28311057108024
179.54256670902203
184.63235294117726
188.02687843616496
185.84200857317936
188.15177478580134
183.02521008403085
178.6909090909083
200.8619685497959
217.10526315789517
206.20730976632612
176.41573579407446
142.1884142773555
124.5909358446132
113.90452876377175
115.44675642595077
114.1140404659704
112.56764882741959
113.41553637484743
111.46987951807544
108.14902424601037
97.19557195571853
99.3253012048177
93.67119901112608
96.42079806529777
91.99999999999919
93.93203883495187
90.33292231812698
92.84671532846656
90.33292231812396
92.13893967093216
90.99876695438196
91.97560975610075
96.48798521256758
83.51648351648389
82.80442804427635
84.00733048259133
85.36764705882476
84.21310471524998
88.80866425992741
82.39358420727696
87.8842676311023
81.67694204685375
85.9115687462104
81.57635467980062
84.20413122721824
80.41846153845992
83.70054777845601
81.08307692308176
83.5831809872066
81.59705159704714
82.85714285714482
83.22815533980301
80.2209944751358
86.05405405405249
66.50246305418808
74.56521739130969
56.900369003692155
64.18435415403536
60.88560885608911
68.06079027356101
62.8009828009863
67.56855575868921
65.25413349662905
69.0953545232312
67.24324324324796
65.8780036968581
53.19662243667092
52.3475046210691
