59.85645933014204
57.53920386007231
56.4535585042222
54.88203266787781
54.07631738340289
53.018181818184196
52.17707701637627
51.30382049727119
50.24271844660216
49.66265060240885
52.934847579199484
36.911942098914515
19.57703927492447
24.94832826747641
28.599151000607286
29.96354799514126
31.057108140949275
31.732522796352583
32.18978102189549
32.38905775075828
32.50909090909011
30.715990453458993
23.86980108499101
21.778584392014615
26.618181818183405
29.472407519708653
31.094890510946584
33.2846715328444
34.817518248174466
35.89057750759799
39.27272727272727
39.709090909092495
70.99208764455138
94.04255319148764
74.77443609022642
-33.84615384615387
-48.04232804232612
-47.91208791208999
-63.91702257474162
-56.16087751371185
-64.83516483516513
-66.04316546762624
-68.12575574365428
-68.89428918590505
-69.89653073645724
-69.93909866017339
-70.0671140939591
-70.50640634533346
-69.93280390959279
-69.49297495418574
-67.07391569944991
-59.41320293398519
-54.31887599266747
-50.17114914425258
-47.795371498171164
-64.74820143884921
-66.30434782608756
-67.06310679611693
-67.58201701093941
-67.52740560292136
-67.3902439024406
-67.43136058571753
-67.2117144600328
-66.63408674404207
-64.21502748931101
-56.51802076969528
-51.45998778252397
-47.50152718386954
-44.36851738865283
-60.57692307692389
-62.49547920433781
-63.490909090913874
-64.0826245443489
-63.98052343273889
-63.83912248629281
-63.87804878049258
-63.47773032336397
-62.417582417584526
-54.945054945055176
-49.01098901098766
-56.92307692307236
-51.8681318681289
-48.92138939670707
-51.86074429771952
-54.683544303798556
-55.85454545455019
-56.2089914945343
-56.09251369445843
-55.907429963458924
-55.722120658137726
