8.161764705883922
0.9005628517815469
7.420362273579405
7.9314565483464285
NaN
0.4500000000016371
3.963302752291976
-4.2749999999991815
NaN
1.1009174311926606
-6.9706433479083785
-0.2251407129464269
-7.71586037966938
-8.089887640450229
-0.6754221388351311
-5.985221674874424
-7.177570093455472
NaN
1.125
0.8894379246440356
NaN
4.953095684804595
5.0922509225076595
NaN
7.420362273577444
7.288343558284619
0.450281425892816
7.87008119925054
8.156766687080545
0.45028142588872583
4.618204031766204
8.947976878611202
30.2905569007258
83.89830508474527
208.2568807339461
189.94246260069076
185.64535585042302
186.57091561938998
188.94075403949455
183.59576968272583
181.40540540540462
189.17475728155293
180.32315978455935
180.10657193605527
178.0505415162443
184.92857142857378
170.85475194261616
171.56083086053258
169.62785114045766
172.7560975609772
177.8468899521531
176.3957597173168
176.76258992805953
176.95652173912924
181.4104882459305
174.32282003711146
185.16746411483172
177.19975108898163
189.38388625592344
180.11214953270866
184.1269841269857
177.7556109725686
183.65591397849616
181.3316892724999
175.23465703971357
179.34146341463574
179.44064636420137
181.26909518213944
178.54568054692436
182.25671641790888
176.1290322580661
169.33250155957165
176.17021276595514
181.2351840299463
171.30742049469885
170.13698630137083
171.2795031055868
174.57767277022802
181.12219451371982
170.8044627128629
178.87780548628018
178.09819763828793
189.9229401304082
180.336029869325
184.8705882353003
177.98004987531664
183.00357568533892
180.55589870290302
173.61395069152368
180.98840756559036
173.51740696278506
