15.548890221955233
18.235995232419526
12.889447236180509
27.938388625593312
21.29641283826616
34.69363474122343
34.866828087166915
34.16216216216059
34.54435727217769
33.24079662039695
33.07875894987981
34.19237749546453
33.297297297300446
33.57400722021646
31.24773960216926
30.483005366727728
31.540785498489427
30.036014405761453
29.89323843416396
23.54716981132405
36.70420865441752
37.155443675266724
48.27175208581613
46.63438256658547
45.89296452194956
44.5941070354751
48.47826086956353
46.42388059701571
45.299455535388816
43.360752056404046
39.4040114613188
38.54885898185929
50.21538461538596
NaN
75.98316295850901
74.94661921708247
77.28813559321823
86.32326820603926
87.84905660377606
95.52772808586721
92.28536880290147
96.23118603250954
91.39451728248032
88.6388384755001
86.27027027026948
83.17611940298274
87.39622641509105
93.95017793594387
94.47451227186988
101.23662306777555
97.4682010902497
98.22115384615327
95.66585956416449
99.3478260869568
95.74239713774243
93.59999999999523
92.2188815393839
90.98181818181978
96.52173913043089
92.89630512514783
91.47362037598782
90.3249097472936
89.94542146755887
95.65217391304222
92.41215008933698
91.31067961165523
90.32412965185996
89.50879320800406
94.2908871454405
91.44901610018319
91.3106796116493
90.26994601080374
89.72710733778445
92.33554616777268
90.43062200957095
91.63636363636364
90.48590281943886
90.21844660194056
91.6837658418841
91.30434782608576
95.8257713248643
93.76344086021315
92.78350515463836
93.3574007220181
92.83292978207875
97.88519637462235
95.52772808586928
94.36893203883487
94.75961538461506
94.1974560872202
