185.00927643784888
184.12383900928873
183.45939243645523
183.01301921884667
182.56983240223383
182.45962732919335
182.2360248447205
182.1255438160344
181.90180236171415
181.9018023617182
181.7910447761198
181.7910447761178
181.7910447761198
182.01492537313354
182.01492537313354
182.01492537313553
182.35220908525244
182.68656716417868
182.68656716418076
182.9104477611944
183.24425108763168
183.3582089552239
183.6917339962722
183.69173399627013
184.13921690490866
184.24844720496813
184.36295835922894
184.69565217391386
185.25139664804345
186.0372670807429
188.93300248139167
195.64766839378458
186.44808743169156
184.27787934186634
168.8940628637948
182.1897810218958
193.25842696629127
191.49411035337803
190.8379888268144
190.3910614525111
189.95649471721526
189.85074626865594
189.63885429638893
189.19053549190411
189.08411214953108
189.53271028037383
190.5354919053545
193.46938775510253
197.55555555555475
187.36972704714475
173.94014962593556
174.20074349442498
171.04972375690565
177.0911441499677
182.34928527035467
182.13084112149082
182.80373831775702
184.59813084111985
188.24257425742744
188.1120584652838
187.1911493546364
187.43985194324173
187.34239802225215
187.01298701298617
186.57585139319048
186.24535315984963
185.91444513329122
185.806451612904
185.3598014888371
185.02793296089786
184.91925465838673
184.91925465838673
184.8104412678675
184.69565217391792
184.36295835923093
184.4776119403026
184.4776119403026
184.47761194029843
184.47761194029445
184.2537313432828
184.36838830117986
184.36838830117986
184.144368388298
184.14436838830198
184.03486924035107
184.0348692403471
184.0348692403471
184.03486924035107
183.92523364485982
184.1495327102771
184.1495327102771
184.37383177570257
184.37383177570257
