NaN
3.1207430340549167
NaN
2.1726010863005456
NaN
2.6882389545753576
15.171583383504046
NaN
0.9062303335463974
2.022471910111556
15.548890221957112
NaN
3.7871287128728994
NaN
12.57831325301047
NaN
1.12009956440572
NaN
11.113801452785248
NaN
0.22443890274395917
14.236069502697042
NaN
2.453531598513828
NaN
12.1445783132538
NaN
1.1187072715972552
NaN
11.100362756953658
-18.563151796059458
NaN
8.936170212767466
12.982255294789518
-33.23383084577267
NaN
71.86932849364823
66.77602523659223
88.66004962779279
92.67110841914074
92.83980582524211
97.83582089552038
104.70662460567905
115.69040247677937
121.74228675135957
117.95744680850984
120.14916096954413
132.95454545454575
140.39555006180615
143.78048780487805
147.10382513661375
131.67567567567488
136.59090909091023
145.69832402234766
154.77058453802698
162.0216606498251
144.2162162162178
140.2272727272731
150.05565862708167
159.5969773299706
168.83804936784745
154.00365630712935
151.44827586206569
150.98236775818378
166.06741573033142
181.92573945877996
174.0036341611106
166.15384615384676
158.96399241946077
172.30006199627874
182.9508196721295
181.45071295722175
178.75236294895782
179.55390334572328
194.02010050251445
184.3425814234016
174.37499999999915
165.99620493358736
180.22304832713837
191.0296904611506
189.16770186335893
186.33962264151603
180.21660649819574
172.16403785488794
184.2431761786592
184.8709880427892
178.04111245465614
188.2902208201926
184.70149253731427
179.02935889754187
170.3225806451612
185.8426966292143
