14.255319148935799
22.010582010583118
5.124555160141561
-2.422018348624647
NaN
0.21289178001260137
8.480565371024772
-11.957295373666227
-25.926800472256616
-24.703812316717062
-3.987692307690679
-9.202678027995205
-2.3459715639817773
0.0
-4.145454545453731
NaN
1.4771395076178737
-6.1921708185045645
-6.808510638299367
-8.534954407294038
-5.760000000000787
-9.336550060312106
NaN
13.529066353493123
-8.535862477771161
NaN
5.034965034964315
NaN
13.0679156908681
NaN
16.599999999998545
NaN
50.35856573705245
-87.11670480549088
-87.55029585798508
-87.07656612529081
258.46153846153936
250.471698113207
249.889727219967
257.142857142856
262.1830985915506
246.6705675833834
235.78069129916727
244.94408475573996
228.3597883597871
232.31316725978442
234.52631578947293
216.8421052631579
220.061312078479
212.72727272727414
228.10344827586178
232.73150844496362
216.42352941176625
208.6001181334919
192.0559114735005
193.26315789474296
198.8487446417617
199.63069821119228
210.46153846153845
199.78947368420594
185.52403011001658
175.33908754624235
187.43267504488085
205.90405904059224
195.17564402810848
184.41588785046804
175.1291512915154
187.19999999999686
205.3661538461474
193.68421052631578
184.9560632688898
175.57739557739566
189.99999999999693
205.36764705881941
193.31391962725755
186.47787610619315
177.57649938800407
193.5766423357679
207.4725274725236
194.3749999999993
190.20961775585772
187.2606863335388
195.5738669805813
186.27522935779496
179.17146144994322
167.24584103512413
180.32432432432748
198.72000000000162
