185.1111111111115
183.55555555555637
182.84671532846656
187.36059479553947
185.85635359115838
185.79939209726365
182.78983261004342
182.63736263736223
187.58364312267375
186.31384615384695
185.34869617950235
184.01985111662367
183.4170238824234
187.79702970296825
186.65844636251748
185.46780072904207
190.02475247524953
188.83435582822085
189.7861942577862
188.35913312693498
187.6829268292683
192.02970297029634
190.84870848708604
189.1525423728829
193.48606811145348
178.56529736357942
184.90099009901158
183.88170055453065
183.05825242718367
185.5762081784407
179.24955330553823
173.84183959618397
170.67213955874772
131.10799438990142
172.36363636363637
184.20147420147538
187.9906542056079
182.89962825278644
181.65542611894546
181.19782214156118
177.54342431761907
172.7402135231344
173.2939089296263
173.96825396825514
184.68401486988728
175.93824228028387
181.75824175824215
186.23762376237468
184.4280442804448
183.05454545454467
180.8921933085514
180.33067973055844
184.21182266009973
182.21948212083845
181.42249240121103
186.0148514851502
183.86266094420193
183.04715840386865
179.33085501858898
179.67012828344613
184.33066008636808
182.65682656826732
181.63735597331714
185.67717996289664
183.85793018983065
183.04347826087275
179.55445544554698
179.78021978021897
183.98523985239694
181.99261992619844
181.3106796116513
186.44444444444767
184.5192896509516
183.2608695652134
180.88998763905977
180.6601466992649
182.18712029161202
178.88751545117023
179.34226552983927
184.90099009901158
182.9834254143614
182.07147183525296
179.10780669144657
179.22841396203225
183.21626617374991
181.3333333333301
180.98480243161254
185.0216986980822
183.6464088397822
183.38386901152455
179.66522008679155
