200.37105751391488
197.92110206637508
199.3056416615005
196.8961201501867
198.01118707271326
196.22027534417785
197.0149253731352
195.19699812382726
195.8130841121479
193.91521197007444
194.15730337078702
190.08000000000243
188.57142857142895
186.32162661737397
184.62695924764725
186.0148514851502
184.17554858934253
188.4863523573225
186.658307210033
190.6277190801761
189.14106583072348
192.20908525202398
190.72100313479623
193.22540473225115
191.84952978056427
194.1396508728184
193.08270676691768
194.70991890205707
193.6210131332087
194.72829481574053
192.4022346368719
196.64611590629067
205.07936507936773
234.0339836375109
-47.100737100739195
-49.04159132007322
-50.68836045056344
-48.68486352357138
-50.206378986865275
-48.938547486032576
-50.818238600875134
-49.82543640897933
-51.65024630541723
-35.23212045169066
-22.34636871508377
-4.291091593474732
-6.948941469490194
-4.062695924763261
-6.059850374062421
-3.611285266454388
-5.386533665838613
-3.159874608153757
-4.716157205241018
-3.155917345025159
-4.494382022471939
-3.377110694183898
-4.049999999998363
-4.931506849316634
-4.505632040050102
-9.105490437998071
-5.875706214685977
-10.888888888884026
-4.519774011299376
-9.362229102168783
-3.3919597989950603
-7.816377171215834
-2.7118644067730884
-6.488502175267342
-2.2613065326632977
-5.600497822028615
-2.03389830508803
-4.931506849316747
-1.8079096045181586
-4.710280373828539
-1.807909604526344
-4.2643391521148715
-1.8067754077775362
-3.8178415471008407
-2.0313479623857233
-3.8202247191027254
-2.479649342522123
-3.82261086820904
-2.9268292682992296
-3.602251407126232
-5.149253731341673
-4.733876017529553
-9.327575570636895
-6.101694915255905
-11.333333333338203
-4.748743718597893
-9.80198019802316
-3.8442211055292432
-8.263027295286975
