171.6718075262184
169.69846153846032
167.29281767955797
164.35740514076005
160.90243902439065
156.72131147541074
152.41671714112547
148.69565217391357
163.94904458598725
180.00000000000202
179.22077922078043
180.6666666666691
182.66337854500776
185.1997541487408
185.74233128834035
180.990825688071
176.5996343692886
170.92896174863472
164.62749848576584
158.6698911729137
115.62162162162045
171.20659211300648
180.95238095238057
190.752688172045
190.15606242496958
191.0336538461527
192.30215827338083
182.48947684906716
174.49310137972174
167.41183502689694
181.42595978062278
183.20284697508703
167.08520179372084
131.00917431192667
164.56494325346748
190.27624309392388
194.80333730631813
186.69867947178753
181.29651860744377
176.65668064709567
177.88235294117484
184.34137291280112
183.8755980861228
176.76258992805754
168.0143971205775
176.00958657879087
180.97064110245617
175.79388855602195
177.43653250774074
179.77750309023608
180.7772979642184
179.44547134935306
177.895384615383
187.8260869565242
191.3301662707822
178.2836710369464
172.70270270270026
182.5259304453967
190.27946537059705
188.0961182994447
189.55555555556202
185.25312686122842
182.7794935145151
187.2177668106108
192.2071516646075
197.390769230766
195.85714285713817
193.11111111110625
193.52216748768572
191.94103194103494
188.9393010423038
185.7212713936479
182.75566442131043
183.69173399627022
187.34239802225215
190.902348578495
195.65700185070796
200.8374384236403
205.71428571428112
203.51543942992853
179.030520646318
174.43757725587548
173.79310344827752
172.59668508287203
170.74663402692627
169.4247246022049
171.72670807453252
176.99443413729446
182.89603960396278
189.45027794935564
195.53637484587327
