200.4395604395598
198.68131868131877
196.56307129798938
194.13268411442542
191.4565483476138
190.61425061424904
190.27624309392388
194.79754601227154
193.94673123486598
191.66259168704195
191.01591187270304
190.2510716472742
189.24205378973062
188.61349693251452
188.06629834254267
187.7490774907769
187.7490774907729
191.94103194103118
192.1017565112057
190.45871559633028
190.2510716472742
190.26364193746286
189.92647058823525
188.91743119265894
188.28729281767755
187.8549477566056
187.63368162261796
190.1719901719889
190.79345850999562
189.24205378973062
187.82608695652326
168.02683063163812
162.89890377588074
188.2931937172768
142.92134831460444
237.6825588412776
257.8021978021973
-87.74587660354189
-87.74035517452421
-86.47058823529534
-74.64220183486157
-67.67738023044285
-75.64118001203997
-78.22276323797723
-78.46153846153953
-79.53488372093119
-80.29411764705856
-80.83435582821767
-83.07692307692491
-87.59708737864196
265.28597230583847
259.8907103825117
256.4533820840965
254.22113622480114
257.33170134638533
257.8676470588233
256.92307692307554
253.15566323440245
258.14744801512006
266.5493400377129
261.7594254937129
263.6556456643756
269.7192763568289
268.9604863221916
269.6151496640152
-88.62216778934675
-87.90184049079596
-87.34643734643771
-87.35294117646697
-88.68613138686055
265.88942307692184
269.71927635683704
-83.09419837803966
-84.1671714112635
-81.65853658536747
-81.4678899082569
-80.17177914110266
-75.6730178242176
-62.829148805879015
-65.03649635036601
-70.91891891892521
-61.12359550561257
-53.00062383032207
-44.915782907049504
-45.054678007287635
-43.54306658521506
-41.665646050209716
-39.31288343558123
-36.70761670761368
-29.779411764705742
-30.000000000001307
