167.2189349112426
176.10389610389612
176.6501240694779
172.52257676098674
179.43785134291272
184.448462929476
187.77054997043285
180.6699751861026
174.69633193024495
181.57697121401918
186.82721252257792
190.32525133057243
182.11764705882516
181.56521739130596
186.4825930372129
186.41691842900065
170.50385299347988
178.9956602603848
184.5487364620927
171.73913043478223
178.981772470145
188.92561983471037
181.00309597523383
180.55865921787912
186.3937387116191
173.47037484884927
181.01694915254402
190.6382978723404
182.11764705882516
181.45431945307766
184.05213270142295
159.7112715158251
174.3884892086343
187.2857142857135
168.02902055622533
177.87709497206745
178.5546633724509
178.66501854140833
179.10780669145063
179.21787709497124
173.17278747742603
179.77471839799873
188.8037713612269
175.240384615385
181.5710723192036
185.73662056524276
188.6323268206043
175.6678700361011
176.7430639324487
173.6094674556213
181.10701107011272
180.111179740581
184.85902819436112
184.33734939759037
187.8537735849014
175.67827130852336
176.8573148705623
176.3221153846177
185.60097620500142
183.2123076923093
176.9747899159632
177.72426249247206
173.95403653506486
181.1070110701147
185.0689035350518
184.11552346570318
186.89451974072276
180.1109057301318
185.17985611510716
184.54873646209464
188.07556080283192
181.6697588126119
175.99999999999528
176.53012048192298
172.46017699114427
179.77777777777294
180.0
174.04690318701154
174.90054249547833
171.28689492326174
178.6633663366369
178.99441340782369
173.38952438290337
174.46654611211736
180.67584480600178
189.79881656804423
176.21166566445785
176.9601930036196
183.49843260187924
192.73584905659976
184.2274412855369
