175.28910529519248
162.55267910897015
171.2884978001249
182.93969849246275
198.92365456821136
190.6393244873334
178.24817518248136
165.50480769230626
174.34673366833962
185.63909774436294
191.16945107398527
183.0470219435745
177.16019417475886
177.0810810810803
167.21311475409763
174.113207547169
188.3384805435434
185.0720100187852
178.58095815645726
165.28846153846112
174.01129943502903
185.30407523511053
192.02863961814114
177.7049180327885
166.57368101879806
173.83177570093457
185.18796992481242
189.37046004842662
179.56574185766024
168.0874316939894
166.00818234950592
177.20323182100887
168.08080808080885
164.82915717539754
159.318181818183
170.65666041275674
219.10143584993028
178.3391003460223
166.82420749279464
173.1231049120667
171.70909090908853
173.02663438256693
172.4498480243185
169.20863309352723
170.71038251366312
170.3296703296692
168.89963724304832
171.33455210237702
171.55393053016175
169.98790810156916
170.79171741778353
168.18783865141523
176.7272727272752
187.34463276835947
191.48936170212767
193.12839059674758
180.76876143990717
169.92700729926537
174.86961795027204
174.5255474452555
171.8918918918919
178.6432160804012
182.94367050272248
184.00481058328404
172.11678832117113
172.6086956521707
182.02247191011153
192.04502814258572
196.8988491823139
187.83555018137525
176.1655508216637
175.57819053325105
182.82131661442006
187.29582577132157
189.82603479303998
176.82674772037112
164.7200481637546
173.69211514392742
185.29743268628758
189.5883777239701
191.17540687160877
178.0291970802888
165.30612244898103
174.68926553672233
186.43260188088266
190.4114490161009
177.92349726776195
167.09599027947004
167.20481927711316
174.01129943502508
185.31073446327767
