172.86343612334784
177.7329974811083
175.5390334572501
172.6553672316374
172.18376337319108
177.27959697733243
175.0929368029724
172.2033898305068
171.84905660377277
176.82619647355244
174.64684014869974
171.64366373902172
171.0509754562622
176.26179987413343
173.86996904024767
171.07344632768408
170.4905660377342
175.6926952141066
173.42414860680952
170.4075235109718
169.81132075471697
175.12901195720454
172.75541795665634
169.94350282485922
169.47831552482788
174.55919395465875
172.53250773993727
169.73040752350852
169.2520427404128
174.44933920704887
172.19330855018381
168.29447852760896
196.22125543816242
182.64550264550456
180.67415730336916
177.84227129337376
177.63306199123315
176.15577889447073
182.14959145191662
183.1658291457299
181.12219451371774
179.43360604153557
183.50282485875545
180.8910891089121
178.0790960451969
184.0703517587923
183.26046221111764
181.01060511540615
179.5477386934657
184.29648241206158
182.7967681789952
180.0
178.86934673366835
183.72881355932122
181.11386138614063
178.0863039399637
177.2864321608065
181.9209039548031
179.11111111111597
175.82968065122023
175.70351758794055
180.11299435028496
177.55253399258262
174.69592476489356
175.5932203389855
179.0954773869355
177.10396039603722
174.57967377666324
177.06030150753523
179.77386934673285
177.54646840148615
175.3672316384198
180.67839195979735
182.03517587939615
179.77667493796446
177.17514124294195
183.50722815839336
184.41231929604191
181.899441340787
179.32160804020677
185.091137649273
185.76995600251254
183.2402234636888
180.22613065326715
186.11320754717147
186.79245283018867
184.01985111662773
181.01822752985709
186.67504714016087
187.36312146004198
184.68982630273032
181.69704588308826
187.35386549340043
188.04279421019336
