167.38007380073736
165.51980198019805
167.18198417528933
163.1111111111103
169.42486085343222
168.44036697247705
165.41743970315568
167.98543689320383
169.4252873563231
174.66666666666748
175.29483282674852
170.9001233045615
177.65944272445577
175.17073170731547
171.54511742892618
176.66666666666666
174.48529411764707
172.2029702970277
173.10638297872023
168.90258939580556
175.2074303405581
173.74008541793896
170.3273625694866
173.8386308068475
170.3749231714805
168.87515451174283
169.4890510948922
165.67550894509387
172.32859789993668
170.86238532109772
168.10376775787236
174.71502590673535
189.26045016077202
204.9845774213468
223.62971985383578
186.73796791443758
135.02608695652324
116.99463327370253
102.94811320754695
93.28545780969404
84.21310471524905
85.1452282157674
74.25414364640898
75.36842105263004
58.709677419353405
47.234042553189475
35.311004784691974
24.455324357405996
27.57257566398937
28.166259168706496
24.79704797048126
27.62376237623675
28.467153284671596
30.22222222222303
31.836734693875787
32.10751374465151
33.597033374533375
33.87978142076488
35.46798029556698
36.04449938195481
35.97806215722392
36.42196175200041
35.71515520389388
37.371007371009924
36.666666666666664
35.474452554738626
35.04621072088579
33.804878048783685
32.2256284488088
31.777777777776162
30.400972053458435
30.609981515710167
29.742962056303284
25.6039239730197
26.905497220511098
26.2454434993927
26.22222222222869
27.367119901118468
26.86238532109451
28.71985157699009
28.651275820174504
24.63625154130369
26.972136222906972
27.21951219511716
29.147095179230515
17.121680049415065
17.20588235294752
20.507739938082118
21.446808510636707
15.3238741517612
19.170278637767655
19.548505186084544
