185.55066079295113
190.13930950938942
187.4092009685232
190.19704433497515
176.4705882352953
168.86711573790538
171.58469945355304
175.2903637523948
175.1473354231983
180.87272727272648
181.31227217496843
171.8753973299444
179.89057750760037
178.79635258358823
170.00638162093094
178.1375532562378
178.13528336380375
177.926015767132
168.7212276214863
171.88986232791117
178.25876662635994
178.11923786109324
165.33986527862902
168.76376988984205
175.5
171.5267175572503
179.34226552984126
178.4652862362996
179.12938331317898
168.8434504792324
183.71482176360348
190.67357512953288
185.0526315789466
182.9608621667627
191.38384470883148
162.28079612694887
135.85714285714207
117.33826247689305
113.90452876376774
100.37827943867995
89.8360655737709
74.52021726010754
61.0325047801157
63.980523432746146
48.42361533779773
46.47272727272966
43.956043956043665
33.34969325153053
21.111789859496024
23.00669506999376
23.317191283290754
20.31901840490958
8.592411260709133
10.762660158636415
12.943327239487434
NaN
2.7118644067730964
15.462794918327207
-4.573502722319915
NaN
10.935601458080049
12.043795620438116
-6.960725075522362
NaN
9.899999999995089
2.175226586102719
NaN
5.912408759125628
7.892813641896897
-10.02421307505756
NaN
7.003039513679404
9.197080291972519
-0.6896551724121309
NaN
13.067150635208769
-6.755447941893351
NaN
9.629179331310176
11.161094224928789
-8.265861027188748
NaN
9.0
1.305135951658466
NaN
5.689969604860037
6.796589524966329
-10.895883777239874
NaN
6.34650455926574
8.31610942249081
-1.1501597444089384
NaN
