-19.200000000000387
-16.35359116022022
-11.68401714635678
-14.71629042098806
-18.316172016958603
-23.001808318264864
-20.748007357448557
-15.872627066745963
-18.66992068334332
-21.626213592232318
-27.459459459461016
-26.18581907090379
-21.16350275566532
-23.736263736265983
-26.042553191492573
-30.758122743680133
-30.47503045066901
-25.572565829762084
-27.489309712889337
-29.124087591239345
-33.00361881785062
-33.59999999999923
-28.641370869032812
-29.48655256723663
-30.054844606944528
-32.232304900183635
247.86074209802985
-18.704028021015063
-12.097334878329832
-13.302052785922228
-29.814084507040036
-38.556701030929275
-44.948216340619354
-39.23353293412936
-8.04232804232646
-62.646631119730785
-83.07692307692247
-88.68651488616268
269.4179894179912
257.80918727915383
243.67924528302066
229.53447259870416
215.44973544973345
201.1267605633784
199.20281359906093
199.31238885595783
198.52125693160679
196.96450428396537
191.5165876777244
191.50295857988087
197.24222086638477
210.95823095823278
213.39865278628227
206.50502661147593
193.73151981076452
187.93145654835234
187.76899696048474
190.15950920245078
190.263641937465
190.35495716034424
190.43319097010362
189.7149787750129
192.38329238329325
192.45560318432632
192.88073394495092
192.95121951219033
191.76755447942227
194.7141979102634
194.98164014687708
195.18337408313292
194.79001825928586
193.39382940109186
195.8011049723751
196.18348623853691
195.82417582418148
195.32846715328455
205.77643504531406
205.17791411043265
209.26650366748032
206.59340659340293
204.65003043213247
201.5477629987903
201.64417177914754
206.1858190709035
203.2967032967042
201.48599269184152
199.05626134300883
199.55801104972036
204.3302752293562
201.66157605375406
200.38976857491096
