182.21948212083947
181.8738518064909
179.55168119551723
179.66646077825698
180.11036174126343
177.75840597758202
177.88497217068684
177.90055248618825
177.3100871731013
177.32673267326774
177.4585635359104
179.6631316281959
179.44272445820434
179.6676923076891
182.91044776119242
169.85758513932052
172.01970443349873
170.93847110006172
171.0780669144982
172.4630541871909
170.94972067039066
170.9609423434569
171.9038817005553
173.53159851301203
172.8535980148887
174.00739827373454
176.34910878918132
161.66459627329436
164.3622920517557
161.49326805385434
158.85643256681203
168.1593240796605
172.1552238805978
173.5384615384623
162.18138707765368
138.3679381941095
80.09417304296893
65.57219892151245
52.504482964733455
41.742331288342754
42.14196762141795
42.80961182994312
39.046483909417276
26.49910233393044
18.15498154981707
13.449564134495612
15.139146567716308
17.447852760735394
12.119700748128887
14.257425742573416
16.574585635359153
11.670822942640969
13.82043343653413
16.142506142504605
11.446384039900963
13.597523219810999
15.93116164720498
11.44638403989714
13.60594795539508
15.93116164720498
11.895261845385063
13.82899628252938
16.16236162361477
12.336448598130842
14.060756354617162
16.38376383764138
13.00934579439089
14.507129572225733
16.836923076919852
14.12204234121892
15.399876007442524
17.512315270931357
16.36363636363451
17.18536887786091
19.052307692304467
20.8468244084668
21.42591444513826
22.83251231527718
25.31425015556764
25.666460012399373
26.617375231053725
28.88059701492876
29.25558312655561
30.147783251236095
31.56716417910136
32.80843149411213
33.0499075785616
34.00870105655819
38.63523573200813
38.3733826247675
38.659217877093695
44.441687344916204
43.94574599259992
