157.12707182320358
161.81261481935192
160.1220256253809
157.86795881284155
154.06871609403288
153.40282035560972
158.06491120637097
156.60768761440002
154.87864077669892
151.13513513513436
149.6332518337405
153.8763012859758
152.96703296703274
151.87841945288673
149.24187725631788
147.5517661388568
150.78995713410887
150.86133170433735
150.4379562043775
148.29915560916675
146.4000000000008
159.29008567931555
162.39608801955976
160.1462522851916
157.45916515426632
116.75675675675595
168.33625218914332
169.77983777520546
168.28152492668775
158.40000000000074
146.3917525773193
140.6444188722668
140.11976047904193
148.5714285714298
121.80319922443171
155.53499132446305
166.23467600700673
176.71957671957634
175.54770318021122
174.69339622641704
173.52975839717305
172.06349206349014
170.28169014084236
168.8159437280184
169.2234736218134
177.892791127542
193.88004895960876
187.25118483412248
173.6094674556213
167.15070164734712
180.00000000000202
194.2192284139637
191.17681845062285
181.1709047900635
174.05140758873773
172.88753799392097
173.37423312883436
178.12385039853172
181.5422276621803
179.67053081146722
177.4893875075811
177.7886977887018
182.31475811389916
186.93577981650895
185.04878048780327
182.17917675544797
182.32329440688625
186.60954712362295
193.2029339853302
191.50334753500098
188.1669691470053
187.84530386740582
191.33944954128762
197.1428571428596
196.42335766423344
192.50755287009062
191.48466257668872
194.08312958435542
198.68131868131834
198.9531345100419
194.8004836759397
193.69325153374393
195.62347188264118
199.56043956043885
200.17052375152005
196.00725952813153
194.69613259668012
196.62385321100757
200.34208918753853
201.48599269184152
