1.9308700834338266
NaN
3.1362787803352186
-7.895672791937955
NaN
9.325301204817698
-10.272952853594859
-1.35763670647475
-14.972875226039037
-17.860131500301122
NaN
1.7921593030475218
-2.0275344180217303
NaN
4.130434782607896
0.2153110047854737
NaN
2.4657534246583444
-8.109069353881125
NaN
8.875526157547428
-10.353505092868431
-2.963901203295677
-4.491578290704922
-10.273483947683644
NaN
6.712243629583607
2.351543942993657
NaN
2.819277108432157
4.56747404844065
-27.46820809248709
-64.91499227202462
-66.43499101258487
NaN
37.26474278544508
52.359550561796475
62.107904642409174
73.6414048059161
85.38899430740018
97.5512740832785
101.47794994040413
101.91260291323812
119.10447761194112
128.20451843044
108.6751361161549
110.7021791767546
118.28251400124647
113.83844708829002
122.90556900726394
124.7826086956511
122.50297973778439
121.90234622701608
137.23880597014823
144.29840142095946
131.15749525616488
142.1794099939824
147.6178660049622
165.17913262099083
158.19168173598288
158.03827751196417
166.89043698543395
179.43995021779307
189.35504070131842
184.89425981873111
171.9565217391329
170.20920502091812
176.23335447051448
194.00124455506742
178.932384341637
172.60897030954294
167.95660036166532
170.99444101296842
182.72040302267163
192.77978339350517
173.7485029940167
168.9563567362422
189.52084629744454
185.0467289719626
191.30434782608864
193.9298669891124
176.00958657878886
171.2222925902504
191.2079701120798
177.85969084423695
172.05548549810837
185.6385542168722
168.76350540216336
176.0101329955709
193.0174563591005
179.35714285714442
166.9469835466162
