172.8624535315989
176.00493218249136
177.0238824249849
180.0
185.52825552825652
184.41176470588232
186.6085874299934
185.35315985130234
183.87215734480637
182.317596566524
185.8354114713205
172.4163568773222
174.45812807881973
175.911602209944
173.6074766355132
174.53869969040085
176.0049321824903
176.14206981016335
179.53488372092855
184.97237569060977
183.08823529411683
186.27646326276502
185.3531598512983
184.31999999999758
183.20441988950236
186.84112149532547
173.08550185873727
175.78298397040774
176.80342927127825
173.61543248288658
171.13677811549914
176.88358208955069
184.15138971023023
198.5389221556855
216.470588235294
154.82298316889126
125.09569377990199
101.37423312883355
87.15328467153543
65.95252586731624
62.522851919561106
59.03743315507736
50.4714640198517
55.589870290302784
53.39076923077004
51.5544675642588
50.94763092269501
57.02970297029771
57.85714285714379
55.3337415799147
53.86533665835424
59.702970297027946
61.40394088669723
58.08588957055054
56.74766355140496
61.930693069312575
62.91692307691824
59.37230769230608
58.99065420560584
63.634116192827705
62.21402214021874
59.217877094971264
61.71428571428246
65.33333333332848
61.87845303867486
58.99065420561401
62.754342431766375
65.87800369685958
61.80257510729531
59.027431421445556
62.67657992565486
66.28078817734253
49.16105327617743
48.92768079800402
54.835913312698366
52.53694581280902
49.852941176467155
49.12149532709791
53.91089108911102
51.460258780038814
48.9705882352955
47.52179327521892
53.20964749535788
38.34975369458739
38.82352941176132
39.45205479451764
39.60444993819386
38.547692307695534
38.38235294117951
38.731343283580635
37.824474660073484
36.53136531365347
