-2.1884498480243337
NaN
4.347826086956536
-10.632911392406186
-6.120218579233438
NaN
2.1726010863005576
3.688969258591099
-11.007194244605046
-4.1605839416050685
NaN
0.21726010863084613
-2.38698010849987
NaN
0.8732565191016941
7.400241837971663
10.836845273931461
-5.614877024595842
NaN
0.21804966686935728
8.46803377563254
-7.382388419782046
-3.7135922330073186
NaN
3.9177750906915794
5.851896447920624
2.807438512299885
0.21884498480322775
4.797092671109995
12.159227985525572
13.12500000000219
2.0536223616657243
-63.31098504383783
NaN
11.842105263157972
5.71695469407063
248.57625211029873
227.631731325998
212.18404193360576
198.3673469387755
185.96858638743342
175.70180547466666
167.23716381418055
168.6269744835949
169.19345057610525
170.3319251659629
169.93924665856744
169.92700729927125
170.72164948453803
171.6253776435077
173.3173652694642
170.44539353264113
171.8132201334141
172.49546827795194
178.3197199533271
172.98140371925226
170.1219512195122
170.93996361431238
171.40785498490058
172.10810810811282
170.16990291262152
170.1937046004841
170.22919179734637
166.13768961493489
167.07530647986061
161.20048019207943
158.5662211421642
159.73365617433186
161.44665461121332
163.32337118947598
155.2735739231641
148.85245901638962
151.63636363636363
165.96978851963587
168.953068592057
180.10759115361077
178.5792349726784
178.47642079806766
178.26506024096543
176.87985654513085
176.66467423789763
174.31348724179347
175.42926239419117
175.88447653429282
177.20095693780453
177.62589928057474
175.62575941677196
176.73518742442954
177.1875000000016
178.59290438965803
