-21.176470588234054
-18.346799254194707
-14.122042341218844
-14.552238805970148
-15.642458100558713
-17.376237623760744
-19.765576804440855
-22.32044198895113
-25.98165137614518
-13.023255813954222
-11.194029850746347
-8.293897882940598
-4.477611940298516
-5.810055865922607
-8.019801980198793
-11.104256631708779
-15.479115479115535
-19.81651376146789
-7.441860465113791
-6.492537313431967
-4.704418170500844
-1.344119477287677
NaN
1.1131725417439777
-5.333333333332519
-9.95697602950213
-14.981640146877282
-1.39354838709761
-1.5671641791020647
-0.4483188044807207
NaN
1.7496962332912553
9.977827050997702
NaN
18.71064467766048
258.40130505709675
236.39206253758272
221.24333925399537
216.71641791044712
220.29850746268426
223.69363804817516
220.75675675675754
223.82022471910346
232.59813084112312
221.1940298507472
222.20843672456726
220.09900990099203
216.79802955665315
212.46625766871327
209.81458590853006
210.1863354037267
214.0662086196098
220.72499999999673
228.84591391141632
238.35718730553637
224.58100558659422
223.60939431396886
220.3810694529848
216.13259668507933
214.57249070632423
215.55279503105916
219.375
225.84269662921247
233.56207111665734
241.9415059116355
227.8735275883506
226.44444444444767
222.541436464088
218.38967424708116
216.8460111317196
217.02602230483402
220.08733624454248
225.9263880224587
233.19201995012295
240.89552238806567
226.08803471791933
224.0838988278812
220.1104972375639
214.89908256880415
222.20207253886156
230.13084112150023
234.23580786026145
240.0
246.3393412057205
231.60371517028187
228.99014778324758
224.03433476395048
219.76615384615545
217.55555555555878
216.98019801980718
219.3154947106432
224.5233644859862
231.10834371108518
