30.239117106069596
31.447770311545945
33.10596833130394
37.65417170495618
35.95588235293941
36.923076923075485
38.10218978102119
41.521739130435485
40.78383343539516
41.51311775473132
42.43013365735074
44.75558237779178
45.35779816513842
45.65853658536426
46.33879781420904
47.46538229981901
52.18673218673264
172.51833740831177
187.5593426658528
202.75862068965685
212.95774647887262
224.25869432580973
235.03951367781076
245.35585042219648
248.79120879120873
247.4588665447876
244.51182534869673
173.98176291793254
98.71304347826315
80.04681100058531
66.5353418308256
52.629238465816634
47.84406379208475
45.55450236966639
-60.484988452653226
-69.91119005328767
-73.76146788990826
-84.0211640211624
-87.23327305605869
-85.04283965728371
-85.26315789473864
265.4973513831656
256.01890135853273
250.3886925795033
242.89156626506025
242.8782287822889
246.39705882352865
252.19720024345622
249.59711365002957
249.98151571164505
253.5211267605645
258.0182370820661
258.1708055723819
259.13793103448364
261.4180929095362
263.88349514563276
265.40145985401176
265.51936078672287
266.9761759315842
268.0387409200957
-89.50639853747634
-89.72375690608135
-88.9566809029908
-88.74924471298937
-84.89945155393099
-85.03067484662574
-84.73170731707796
-85.38322269161125
-79.29225137278439
-77.91538933169744
-77.4878048780472
-79.20433996383292
-73.97560975609917
-71.47058823529699
-71.9123020706516
-74.16867469879674
-70.77297626293239
-67.6376988984033
-68.18514007307812
-70.56694813027775
-68.2796352583523
-63.04960195958728
-64.19963481436264
-66.6586248492178
-65.75242718446316
-57.247706422018325
-55.65429093121884
NaN
52.39130434783014
63.89228886168996
