174.2688679245287
176.5233644859809
190.66666666666708
193.9618138424831
180.4270462633448
187.25195429945964
173.9712918660303
176.3957597173168
179.43855271366394
184.45229681978878
188.65384615384815
174.94321578003706
178.192557590076
181.6822429906542
186.4626250735731
190.8173076923076
176.98924731182677
182.1479713603799
180.86538461538186
181.06761565836104
186.7148014440422
172.7913927077119
174.91166077738592
177.75280898876406
183.28815556865098
187.1480144404316
173.11827956989285
176.17473435655214
167.5358702432935
169.85771200910673
197.55555555555475
184.30320699708685
206.03644646924786
186.45161290322778
193.41346153846118
179.46524064171317
172.70118527760445
187.306273062731
184.35213887166935
178.72641509434078
170.89319175515263
183.28068043742206
198.04455445544428
186.72199170124603
181.29963898917046
169.01913875598197
171.72169811321027
174.7355320472923
179.89367985824137
184.21115776844786
170.84380610412734
173.5373749264269
176.18929016189333
181.4876033057828
185.83433373349095
172.36102809324328
174.8087110064729
177.86915887850304
182.86725663716504
187.2432432432401
173.00657501493927
175.23248969982723
177.7556109725686
182.65173836181108
185.72972972972502
171.61290322580712
174.28235294118264
176.40897755611303
181.484098939927
180.7567567567615
179.3556085918831
179.25838728663842
182.0174346201735
186.36042402826473
190.6137184115515
176.7703349282296
179.2566371681447
170.8931917551507
187.79702970297038
190.85373134328202
188.94674556213172
193.31328923631918
179.78468899521454
181.69811320754945
185.61097256857454
189.75265017667925
193.629807692306
180.1075911536186
183.96192742415303
182.92242934455882
