173.8310893512848
177.24770642201835
180.4406364749088
183.41284403669565
181.61001788908962
176.76258992805953
173.18099819603202
170.45783132530198
168.17359855334576
167.84077201447653
170.9728096676745
172.7129909365551
174.11622276029092
175.20581113801694
175.9709618874765
175.98068799034323
174.59134615384812
171.49012567324996
165.74468085106236
164.33823529411873
168.64666258419973
172.50917992655937
175.9216166564597
179.7794117647051
183.64193746167714
181.8181818181826
175.79892280071854
171.9951923076927
168.953068592057
166.4376130198895
185.76512455515973
169.08180300500865
152.6179245283008
200.7285546415965
146.17674418604528
165.9854014598528
187.234553089381
188.352668213457
178.80938063739993
175.60452650387094
182.91541691661746
178.80938063740385
176.19794809897405
174.44646098003787
176.4021804966675
179.0175864160101
180.3274711946646
181.63934426229508
182.73224043715845
183.6065573770504
184.37424058323407
185.0303766707173
185.4678007290381
185.79234972677514
185.56701030928082
184.79418886198306
183.26086956521743
180.65060240964488
177.1875000000016
171.74508636092452
165.95438175270095
162.2382671480169
159.71066907775662
157.94809897405037
156.61631419939576
155.62273276904338
155.15738498789437
155.03331314354756
155.00303214068995
155.43966040023827
156.1893203883502
161.09289617486428
164.2527339003671
166.65856622113728
168.51063829787233
170.15795868772773
171.14754098361217
171.49090909091385
170.85852478839027
169.2585895117563
166.27027027027341
161.1428571428587
156.165368484124
153.0810810810795
150.97472924187818
149.63855421686748
148.82317441158656
148.6956521739096
148.78549848942916
148.96551724138314
