181.7603911980444
178.02197802197782
174.07317073170572
179.76774193548303
187.3242909987674
188.2323856613098
189.8949969116735
191.89623224212357
194.2222222222214
196.64611590628846
199.18669131238374
201.91881918819305
204.07361963190104
206.88383527965487
196.52495378927676
180.11076923076763
179.55828220858734
177.5735294117639
175.045871559633
171.97312156383504
168.68822452715347
174.32797427652986
181.9975339087538
183.00185299567514
185.00308832612927
187.4490426189013
190.0
192.76989512646526
195.75832305795387
198.84236453202178
199.34426229508267
209.45454545454547
199.1443850267396
140.76404494382024
153.96923076923076
172.693726937269
171.6615194564566
175.32756489493326
179.5550061804681
183.45083487940468
186.78196417541736
189.31034482758582
190.51014136447444
184.71428571428336
180.55727554179566
183.34158415841588
186.45241038319028
189.45027794934944
192.7698951264631
196.3031423290212
199.70479704797165
202.65193370165952
205.71428571428686
208.07339449541286
203.88625592416838
202.45851259987617
206.2499999999991
209.26650366748032
211.51921903599407
213.19537431527627
208.17483756645407
206.0294117647082
208.82640586797572
210.86028065893652
212.48780487804717
213.80487804878368
214.64068209500832
214.90577507598942
215.42961608775488
199.97547516861036
199.1442542787304
196.06356968215013
192.7472527472509
188.89566809030148
184.72239170226064
180.54844606946983
176.16087751370722
171.6686967113291
167.40109555690833
163.13868613138902
159.31914893616863
164.90322580645162
173.90018484288757
175.2251696483661
177.4460209747037
180.22222222222706
183.4423195558321
186.76524953788717
190.54904380012348
175.447254780997
175.01538461538462
173.47264904732464
