177.67955801105035
171.90765492102003
178.14193548387055
189.8221949724102
183.8344491783343
181.66769610870705
184.91925465838673
190.7314074984642
172.22154595252343
172.952144188936
178.99938233477496
183.3169533169553
176.71931956257396
181.97037990985274
192.14723926380367
188.22669104204553
182.2085889570552
183.46368715083838
188.86699507388963
171.33455210237702
171.42857142857258
177.09316770186499
182.7658266748617
176.60377358490723
175.86078309509134
180.55521283158745
182.65356265356223
176.3890577507567
181.74081237911028
192.14723926380367
210.38416763678867
209.89473684210296
236.7213114754098
259.6118488253319
-20.98159509202452
-17.091988130563777
-20.583941605838675
-10.317757009346622
-11.999999999999204
-13.472392638037604
-15.756838905776647
-8.736776602367854
-1.3366336633631022
-5.101663585954327
-9.444783404513373
-7.7777777777777715
-0.44665012407108406
-3.546798029557465
-8.550548112057697
-4.913151364765895
NaN
1.7701290719139005
-7.0030395136794255
-3.568773234205594
NaN
2.8729281767939465
-5.901639344263856
-3.3374536464771722
NaN
3.0939226519289194
1.311475409840831
-2.8853267570883645
NaN
2.874692874699259
1.9672131147493621
-3.318992009834062
NaN
2.651933701659102
2.8449848024379802
-6.565349544072944
NaN
0.22126613398572081
5.268292682930023
-6.533575317604232
-0.6703910614509141
NaN
4.844036697249308
-5.679611650482286
-1.7832817337445022
NaN
3.5337423312851297
-16.393442622950772
NaN
3.9754601226977795
2.1911138161899064
-2.444444444441217
NaN
4.646588813772479
2.1911138161899064
-0.671224362956707
NaN
4.864864864866387
