NaN
1.7475728155323988
-2.212661339889337
-2.427958307787435
-3.535911602210774
-1.3300492610845254
-3.52509179926642
-0.8861538461530358
-4.3982895540622735
-0.4444444444460487
-3.5186316432466924
NaN
1.3130699088153859
NaN
1.5300546448063677
NaN
2.8363636363660176
-8.43923504009706
-14.37386569872649
NaN
6.541490006056921
-11.298461538462334
-11.421598535694102
-11.948371235405773
-8.856088560885667
-11.029411764705856
-6.884639111660249
-9.259032455600845
-4.214417744920013
-18.25471698112915
-30.033821871478835
NaN
3.0491247882552166
167.19576719576685
169.36119402984917
179.3357933579352
185.2554744525539
182.5414364640856
187.77845404747256
184.97848801475106
188.6972477064196
177.15955581531
171.32262051916024
168.62697448359702
169.32014833127474
167.19756838905695
168.20766378244713
179.12727272726954
177.77777777777777
174.43973349485313
174.66007416563542
171.6152450090736
172.1062384187766
169.1172914147522
170.44444444444605
167.49244712990938
169.2288710672456
165.98672299336394
178.6683107274961
175.11164755581984
175.00924214417338
171.53196622436747
171.5867158671602
168.27503015681248
169.24214417744832
166.63850331925252
167.80788177339483
165.55220277610223
166.93726937269844
164.78260869565634
166.1708666256875
164.13043478261014
165.62653562653958
164.01208459214817
165.40540540540454
163.89359129383803
165.40540540540454
163.5571687840345
165.16605166051923
163.53725015142481
165.26769230769713
163.5372501514212
165.3694581280778
163.31920048455584
164.9261083743816
163.1011508176825
164.70443349753754
162.78450363196214
171.0115236875809
174.04690318700747
173.46461538461378
