186.80719156850526
177.84499054820353
173.23135755258167
183.68257904525748
183.11495673671322
184.41290322580983
183.2809553739782
191.46496815286625
193.28859060402726
176.65427509293684
169.52847519902016
163.13222079589377
177.10037174721356
180.6835443037958
196.99421965317805
185.7853244390552
176.30295250321052
186.09981515711647
182.104615384617
191.02514506770035
181.65339865278628
173.1879409878111
180.43956043955805
182.19935691318497
195.7571884984034
185.07975460122537
175.63161169881607
168.57670979667358
172.92069632495125
187.59590792838918
178.11923786109324
156.64753157290417
148.14057507987135
169.66002344665773
152.37308146399243
150.08685581933926
129.94594594594673
111.13043478260626
98.48225214198068
88.99378881987415
76.8440366972469
61.925545571243795
63.46504559270517
44.49689440994114
31.55107187894396
30.804597701148516
26.38400969109704
5.590062111801243
11.6483516483501
5.307692307694826
20.315533980584775
0.45947670708109506
17.56639901173487
3.341584158415834
9.17339962709841
-7.3096446700523074
NaN
11.366120218580775
3.234916559686884
8.785845027455883
NaN
2.6815642458035764
4.441702652683569
-16.119402985075965
-19.115044247782976
-4.156510583705767
-10.498177399755491
NaN
0.4469273743032958
-0.6822488945024361
-5.590062111801217
-10.20151133501264
NaN
6.0000000000016165
-8.217149907466023
NaN
9.271356783916264
0.223186608800225
5.714285714282542
NaN
7.868852459013178
NaN
0.894409937883318
3.7801111797422493
NaN
8.197343453507198
2.061068702293399
1.5642458100574705
4.222222222217372
2.0124223602435665
4.119516846787928
NaN
4.805825242720057
