190.98804279421105
197.11689884918306
178.69249394673142
180.2216748768471
183.5294117647067
169.96938150642956
169.61748633879972
176.4390555201038
190.2695924764874
196.36363636363637
178.46901579586918
186.75143038779572
194.77203647416414
177.48328267477282
174.14167198468581
184.2726719415719
184.05850091407558
168.3201940570054
176.5473145780072
191.48936170212636
178.25876662635994
179.44683466502767
182.75566442131048
169.64504283965766
174.375
184.80916030534434
192.93544457978203
176.27283800243848
164.54655380894917
172.9840255591071
188.89305816135047
172.84974093264478
162.73684210526162
153.5564378899624
165.68566061364984
215.728886498117
175.07142857143012
173.23475046210686
178.2374541003668
175.27760829774132
172.24043715846759
169.0283645141818
175.2963671128103
184.49178332318965
182.95800365185718
179.12727272727352
177.36263736263777
178.8957055214724
182.52901649358705
180.10955569080988
176.51331719128447
176.02453987730223
178.4577723378217
181.86699206833512
166.9469835466162
175.63218390804687
190.05649717513882
196.00725952813153
177.27767695100212
174.94897959183922
185.467800729044
169.05109489051478
167.9274924471315
174.94252873563477
190.57500000000164
176.84592145014946
184.23933800126977
191.82481751825125
175.3958587088908
163.43825665859853
172.18390804597794
182.7355623100304
166.86131386861695
175.1724137931027
189.94974874371772
195.78947368420663
177.16707021791532
175.06062539884786
185.79939209726763
169.167173252286
168.14501510574652
174.94252873563477
190.57500000000164
176.84592145014946
184.12738853503018
192.14589665653335
175.3958587088908
163.43825665859853
172.18390804597794
182.29787234042394
166.32218844984803
174.59424920127293
