22.32390126429896
29.21241050119224
24.436363636365225
27.059530968129707
31.75208581644673
29.58308157099777
30.306674684305605
33.54302670623301
31.213872832369944
17.13239780354099
24.6931407942232
35.37820131030383
16.622114216282654
23.37943475646643
149.05413444378163
168.11629315566367
137.46018080068924
54.29375351716262
38.206583427924144
28.19787985865582
33.95430579964913
23.192106790482576
8.78048780487805
16.583090379007984
23.77556984219979
8.734835355287457
NaN
4.9879518072312825
3.493150684932987
-10.36702428006845
NaN
19.816513761469817
NaN
77.08082026537947
88.37545126353692
98.46689895470418
99.40785498489188
113.3413751507822
117.26795096322397
117.48050389922014
126.76363636363716
137.9093655589116
146.604434072348
146.1492537313433
154.004854368931
159.92994746059688
164.4417767106847
176.18413082979814
175.44028950542742
174.93109646495023
174.22867513611502
173.92771084337303
179.5813953488433
175.4730538922187
173.12310491207273
173.72596153845845
174.3315508021398
171.26213592232608
172.41877256317298
173.15101070154037
170.2850212249871
171.87236604454765
183.21811680571722
181.30909090908773
180.9753160746554
179.8925373134344
178.25454545454704
178.4819277108418
172.68292682927213
165.8009708737903
167.04174228675367
168.85147324112754
168.8727272727225
169.56521739130585
182.1608643457383
185.12416717141198
183.25693606754734
181.39701492537625
175.63005780347123
167.04878048780168
169.7826086956505
171.94991055456566
169.37309799147815
171.86256781193498
173.88193202146616
172.11678832116698
174.68994581577607
186.86531585220268
