153.2009925558314
164.65463596764175
172.3728813559312
172.11678832116905
172.4222086638198
171.68894289185866
167.8711985688738
172.7284027346157
173.9476961394774
169.21960072595118
170.80291970802958
171.7632702867603
170.92896174863262
166.69845053635328
171.2686567164187
172.82689912826942
168.45036319612544
169.92700729926938
170.66503965832624
169.95145631067876
165.52709946396857
169.25373134328325
181.90654205607558
175.42372881356047
175.94643944004991
175.9365466748029
174.9757281553414
172.38832638475446
179.2159303049172
178.76635514018855
168.94923258559658
159.8630136986317
150.84726224784012
125.97984322508373
112.26971703792714
103.4042553191465
95.97078514911922
97.21984078383066
97.76427703523831
95.26829268292603
95.11926605504347
81.95838433292312
86.80538555691494
76.2301101591197
66.75642594859423
76.40366972476824
78.57315598548672
66.11348383160558
67.74665042630828
67.00729927006995
64.89646772229112
67.22627737226377
71.39240506329051
58.25454545454307
46.6265060240969
43.01353737493223
30.750457596094908
29.130434782604205
26.293365794278873
32.82674772036474
24.82001220256072
17.174311926603902
9.688073394490607
12.173913043475205
8.76979293544454
7.024390243904036
6.146341463413037
9.688073394498616
15.422276621786889
18.518064911201638
20.85697042848196
17.5609756097561
18.021978021971705
23.941427699812486
18.066095471237674
11.91176470588551
5.521472392638037
9.588377723966145
7.235079171740312
5.494505494505397
5.064220183484636
9.236408063524612
15.22058823529726
7.730061349693251
1.094224924012158
1.532846715330047
-0.8791208791240592
NaN
0.44036697247866624
7.261613691937848
10.575275397795355
12.45901639344416
