146.63414634146181
149.05027932960903
147.1516646115912
144.6565349544081
110.44496487119437
26.868804664725324
6.967741935486176
-26.258823529411018
-37.87208607292342
-33.031618102912375
NaN
80.18856806128274
87.15123094958889
88.77018633540536
106.84729064039475
123.07129798902898
117.46898263027323
127.12166172106825
132.4799999999984
134.8355663824598
129.99378495959928
131.75600739371512
134.6983546617905
130.52238805970046
132.50308261405775
135.878048780487
132.17174859987495
148.26140567200926
147.9512195121943
151.88550093341806
150.48648648648728
152.22030981066965
150.9249884951678
80.32138442521344
87.43494423792004
84.09225310467161
66.61166764879093
52.42065961418747
58.811881188117866
55.94594594594459
52.36762020694137
49.63975155279259
55.62422744128579
53.194359288780575
51.77777777777616
54.95527728085922
40.6417112299467
42.483097725877265
42.05504587155643
44.888337468979685
42.46591582691072
28.9020070838261
18.61313868613143
10.71295722256901
12.619926199263716
15.556908094953117
7.8309509011807865
10.20961775585369
13.820840950638381
6.26865671641631
8.88888888888889
12.73170731707956
5.3731343283613695
7.999999999996766
11.634146341461818
4.256378344736942
7.3288093769341875
10.543014032945461
3.582089552243628
6.444444444439593
9.878048780487806
2.6848974518269615
5.555555555555555
9.00000000000479
2.2374145431945105
5.111111111109494
8.78048780487805
147.89310130515724
173.89265885256427
186.58536585365854
201.5910503418267
220.30845157310168
214.24390243902118
227.18012422359922
242.96113510178634
244.09756097561134
242.38509316770512
257.17458359037124
268.9024390243902
-86.4804469273767
-87.7236273905005
