178.8997555012235
176.44098262432576
177.41088180112652
180.000000000001
184.17073170731828
176.25916870415688
166.8557634278794
169.93788819875778
173.00970873786247
171.7632702867622
177.80219780219582
169.34716290420707
168.64864864864865
170.51442910915975
174.20765027322486
178.57230018303724
181.651376146789
179.24505692031275
167.85000000000082
171.81322013341617
169.9938912645099
177.4678899082577
176.2116656644618
177.42056074766435
179.67252880533934
178.57404021938123
183.95604395604434
173.7629179331299
172.2021660649831
174.23728813559285
173.18343195266118
191.82640144665424
181.32879045996333
209.1807088901819
196.3062536528365
261.79906542055966
-84.38522107813588
-85.78723404255476
-83.28029375765254
-76.00979192166477
-79.68806238752529
-73.12852664577133
-65.17618469015696
-61.506429883648536
-59.449541284403665
-63.567567567566755
-46.976160602256925
-34.28571428571587
-33.66120218579175
-33.16656497864602
-25.243902439024396
-26.843054720384202
-27.55771567436284
-27.641681901280435
-27.066014669925266
-20.583941605842426
-23.624322697165837
-13.341708542716788
-3.834586466158896
NaN
1.9780219780171895
4.160583941608989
3.461538461535359
-3.0712979890342353
NaN
3.9608801956053736
-7.788461538458478
NaN
0.898876404497648
8.077622801699516
12.285191956121231
3.520782396092776
6.247755834824796
-2.62295081967369
-1.7550274223019073
NaN
2.192448233861135
NaN
6.035928143711006
-2.848447961045281
NaN
3.7385461209545463
5.411906193626001
0.449438202248824
8.977556109725604
19.85454545454228
8.35675015271675
1.540342298282118
4.313960455362455
NaN
5.672727272732035
3.512195121956011
