147.93041391721673
143.44746162928013
151.00442198357655
153.52628470171237
157.2727272727293
160.8100059559265
156.917519566529
159.80699638118188
153.64817001180515
157.82691092861646
161.06951871657884
157.48640483383608
156.82310469314103
150.83087802003547
155.55274794693608
158.45971563981172
155.0635208711417
152.95673076923268
148.03539823009004
153.96083385976056
156.68835008870315
153.32123411978438
151.56756756756835
147.3309608540922
155.03152585119776
156.74336283186074
153.4140435835376
151.38572285542904
147.8188319427889
153.74536464771472
151.20418848167563
154.73340587595274
145.77230769230607
125.35070140280538
164.14957780458533
177.49848942598265
197.13253012048114
193.64463311097836
197.11689884918505
194.46043165467577
193.93053016453473
200.12084592145015
198.2958003651843
202.78619018776453
200.28776978417196
200.29250457038188
208.2841661649612
206.58966565349465
210.1268882175195
210.99697885196375
211.29012719564008
216.94793536804417
214.5608721986662
216.73690547862924
210.25996533795683
204.43091905051665
210.66827212522918
210.10909090909726
212.39130434782487
216.8545994065282
214.64891041162133
217.68446310738076
219.50691521346894
218.85748647023232
222.0820939916751
219.63898916967727
220.0119832234852
223.38243959929517
206.46415552855453
212.93341331733245
212.82608695651885
213.91932570740863
219.1211401425159
202.7460510328102
209.54900781720048
209.29219600725727
211.04945717732457
216.9863013698627
200.34021871202776
207.41721854304976
207.14718352513356
209.3478260869568
214.97020262217174
198.5149117468059
206.76700782660757
206.3068526379606
208.69565217391488
212.2195704057282
196.66260657734543
205.65243535778802
