174.97830130192088
178.52551984877107
188.14531548757213
178.99566026038377
173.77008652657761
171.17419354838879
181.24450031426815
189.85987261146747
190.21354484441855
179.10780669145063
166.22167789344758
176.3029525032084
171.0780669144982
179.77215189873334
178.95953757225476
180.76409945421744
176.99614890885712
181.66358595194086
184.3200000000016
177.79497098646078
188.26699326393145
179.65362411802522
170.32967032967107
178.49517684887545
189.77635782747603
195.68098159509282
180.3360298693209
167.68946395563523
176.6344294003873
188.05626598465267
193.16533497233925
164.5005740528109
171.60383386581555
194.56037514654273
179.14994096812163
214.49913144180493
188.97297297297217
184.24844720496813
189.25336597307182
175.527950310559
175.045871559633
181.61745827984765
186.01823708206686
172.62111801242398
178.18411097099582
188.04597701149632
189.92125984252007
176.42236024844638
174.9450549450565
182.53846153846237
182.62135922330054
187.46649649010644
190.78443483632157
181.33663366336916
169.81976382846446
181.59898477157108
180.23106546855027
182.29508196720755
177.92041078305604
180.3294691885288
185.96938775509858
177.8770949720654
184.77483035163806
172.38805970148942
183.18584070796797
180.346375881979
182.84325637909927
178.49710982659045
173.1843575418971
184.43461781427422
175.7515527950278
180.45340050377587
190.344827586207
180.0
173.89265885256427
170.2325581395374
184.74874371859377
176.3174209547435
174.28571428571345
180.80924855491412
181.2021857923521
185.99999999999665
178.43478260869404
169.88264360716235
168.49580374434962
178.7476280834931
188.9312977099228
180.11173184357784
170.66666666666504
163.67701863353386
168.90019071837165
181.61745827984345
182.6213592232986
178.2681205901219
