35.47762998790858
35.32811559301657
23.917702528932686
234.46685878962535
220.10471204188605
-45.07936507936728
-41.72393709959181
-24.624697336560075
-12.196007259525004
-13.059250302297357
-13.929866989116533
-14.800483675935595
-15.680580762248155
-16.333938294010807
-17.412333736396647
-18.076225045370563
-18.935912938332763
-19.60072595281315
-20.03629764065107
-20.894800483676534
-21.343012704172736
-21.983071342201583
-22.431941923777174
-22.85368802902059
-23.50665054413389
-23.956442831216066
-24.377267230956647
-25.030229746070177
-25.26315789473773
-24.74735605170531
-25.42190305206691
-28.54054054054211
NaN
6.904109589042292
248.6412022542239
245.56149732620273
237.07317073170836
230.4431137724543
225.29729729729493
220.32432432432353
215.48076923077048
211.82860591430202
209.16565900846163
207.02179176755584
205.4027861901889
203.87643852210738
202.56814052089518
201.47789218655237
200.38764385221177
199.51544518473608
198.52300242130744
197.43341404358563
196.68079951544416
196.1259079903182
195.3539019963684
194.60048426150306
193.94673123486598
193.5108958837748
193.07506053268364
192.857142857142
192.30490018148745
191.86932849364558
191.43375680581164
190.99818511796977
190.4474002418363
190.01209189842479
189.69147005444412
189.14147521160598
188.70616686819824
188.27085852478675
187.83555018137938
187.40024183797166
186.85196374621881
186.52962515115277
186.0943168077372
185.6590084643257
185.22370012091827
185.0060459492124
184.57073760580496
184.13542926239734
183.70012091898585
183.26481257557046
182.82950423216283
182.39419588875535
181.95888754534778
181.41560798548016
180.87061668682298
180.21765417170576
179.67332123411663
