-2.481203007519639
NaN
1.7204301075272672
NaN
3.001786777843181
NaN
14.173228346456662
2.3698384201084983
NaN
4.073853484216024
NaN
4.07142857143169
-2.47964934251803
NaN
1.9343283582081734
NaN
3.4306134603899783
NaN
14.173228346456817
2.582187686791746
NaN
4.07142857143169
NaN
3.8617401668676323
-2.70168855534871
NaN
2.146690518783556
NaN
3.642857142854804
NaN
22.386554621849474
NaN
24.459930313590267
33.50835322195775
92.32358003442154
97.90430042398445
98.02304426925352
102.27516378797081
102.43718592965024
122.26415094339623
129.66010733452458
131.88335358444672
131.47638971906747
134.34466019417536
133.4445768772355
136.36363636363637
135.1871657753993
142.78195488721607
151.23486682808738
156.9892473118266
155.72296476306096
161.57142857143168
164.76489028213166
178.91041162228
165.57416267942824
164.47144592952918
167.7711561382621
164.30992736077727
167.28783382789163
156.76691729323093
163.43825665859853
165.4751942618054
162.40437158470073
166.07142857142858
167.24764890282626
180.21791767554558
166.31956912028664
164.47144592952122
167.55661501787603
169.27899686520377
182.1791767554519
178.92215568862275
183.06196840826567
169.5885509838991
166.70702179176683
168.88361045130495
169.50470219435408
182.068965517239
167.7272727272673
165.5825242718438
168.10005955925897
169.7304075235126
182.61501210654308
179.1377245509029
182.95081967213193
169.5885509838991
166.48910411621728
168.8836104513086
169.17293233082475
181.63339382939714
