183.54243542435407
181.21100917431232
187.7681874229346
172.46816252274144
170.3512014787422
175.05192425167994
172.17391304347984
178.3364140480612
175.74287446937578
172.78223318938726
173.71084337349475
175.29036375239266
188.07621389059534
171.93704600484108
175.74440894568608
188.08615384615305
184.6937537901731
184.99691548426694
183.36753168376626
179.55665024630582
185.21256931608008
182.63093788063298
188.77236273904956
173.36555891238828
176.77749360614104
189.74169741697537
173.45454545454547
171.3440197287308
174.64480874316976
176.91428571428904
186.56934306569337
178.4685195689166
192.05690574985098
169.40072954663782
177.85202863961618
185.0467289719638
175.5665024630562
182.66009852216908
180.10942249239963
185.21256931608215
182.28952150212032
180.9993830968534
179.6745027124762
176.10870907967677
176.9601930036196
172.7822331893913
180.33312769895247
177.6965265082263
177.22050648548284
176.4152082076049
172.5601480567542
179.66687230105157
177.47406955460926
177.55555555555878
176.30434782608938
172.56014805675017
179.33415536374605
177.14285714285472
180.9993830968554
178.36858006042297
175.00308451573514
180.33230769230286
178.01955990219727
184.8828606658422
181.5235792019363
178.33436150524366
180.43795620438115
177.23756906076943
184.54713493530744
181.52727272727432
179.55610357583473
178.8079470198652
174.57230769230608
181.21846153845993
178.79488740109315
184.43349753694991
181.41048824593443
178.00492610837117
179.8909751665673
176.57878602084767
183.65089121081664
180.7640994542115
181.9926199262025
179.891761876133
175.90657652120387
180.4400977995086
178.0219780219788
185.08599508599752
181.74123337363807
179.88923076922433
178.91826923076528
