180.6741573033712
180.0
185.77132486388405
172.78250303766765
180.22727272727354
185.9963658388875
188.71488344291726
180.8977556109697
180.4494382022468
185.98187311178248
185.9052247873629
172.88753799392097
180.68181818181858
189.12343470483
176.07748184019135
166.35536688902164
174.09090909091032
180.43636363636523
176.99642431466108
183.13432835821015
181.57303370786477
175.7531760435576
176.94174757281633
176.8306010928946
183.6363636363624
191.47111375818827
177.60290556900648
168.11629315566367
174.6624605678225
180.9824135839899
167.9864253393672
177.79411764705884
180.54054054054055
177.88980070339784
183.53836398224522
189.14524805737994
186.16751269035706
185.35782140595393
184.8956356736235
184.3127364438852
193.8296605122093
185.6109725685785
178.58439201451984
180.000000000002
167.6950998185107
172.50466128029547
185.46807191568672
178.04347826086837
178.3646274984838
184.5340050377834
189.84204131227415
172.5673249551171
162.0224719101143
177.64485981308573
177.86116322701525
173.35753176043318
179.99999999999588
185.34869617950042
171.78332318928804
179.7721518987292
189.23627684964052
181.34999999999673
180.78602620087418
174.76997578692576
181.69918187539332
187.42718446601864
174.08038976856935
160.43010752688068
165.47842401500787
179.21299188007822
190.68082448469283
181.74757281552843
169.82370820668373
177.2692793931674
189.73584905660212
200.65217391304367
187.6756756756741
175.53539019963463
170.92055485497707
184.5226130653267
190.04854368931703
176.1608775137111
161.8388059701477
164.04494382022398
178.65168539325762
178.87359198998337
173.35753176043318
180.11313639220452
185.24271844660504
178.407079646016
185.24271844660504
169.1072498502072
