180.55113288426108
177.98256537982545
178.0171358629129
175.29850746268679
178.66171003717594
177.21016738995658
181.7910447761198
180.33353922174302
184.91925465838673
182.6600985221671
185.59006211180125
183.42541436464128
181.7910447761198
180.6609547123627
177.98507462686646
177.799511002447
175.1895587321346
177.23076923076923
175.31017369726968
179.66480446927253
178.33024118738606
183.12655086848554
181.10974106041922
185.80645161290204
183.42962507682688
186.3608183508998
183.86266094420802
182.45962732919335
181.21100917431033
178.7694220012426
178.24175824175785
174.91400491400248
182.19780219780222
199.32885906040147
170.23394723743186
192.51336898395806
184.6588235294133
171.8918918918919
178.45398773006377
176.29906542056156
176.9268292682935
192.39852398524263
183.11270125223768
180.89552238805888
179.44272445820434
183.24425108763168
181.33498145858962
185.36645962732837
182.55083179297517
185.92914853946675
182.7624309392265
180.7850467289687
179.7796817625431
177.08229426433874
178.01226993865112
175.51681195516807
180.0
178.6617100371739
183.35820895522798
181.22297714638503
185.14925373134574
182.4354243542443
180.7850467289687
179.55882352941015
177.19276356830946
177.46478873239516
175.06234413965325
179.2169049098852
177.99007444168817
182.80024891101021
180.77825818406507
185.0404480398298
182.32615384615224
181.00934579439416
179.66891477621573
177.41734248284143
177.68524188609678
175.06234413965325
179.2169049098852
177.99007444168817
182.57622899813234
180.66749072928977
185.04044803982165
182.32615384615224
181.12219451371163
179.88963825873455
177.53117206982458
177.5735294117639
175.28678304238915
179.2169049098811
177.99007444168817
182.80024891101021
