5.178236397749014
8.304239401495822
12.252475247524794
7.392657125078201
6.319749216301351
9.21348314606819
12.960893854746947
9.987669543773187
4.968632371394377
7.425000000002456
10.535491905356526
14.239802224968193
9.224999999996726
9.918597370068127
12.568578553616804
16.069435833851482
13.09494451294626
8.351097178685027
10.561797752810575
13.441194772868638
17.333333333331716
12.382739212007532
13.28330206378908
15.700934579439252
131.37546468401436
148.52216748768507
162.73354231975003
176.9681846537754
188.837787445618
199.23409512044597
190.94594594594702
180.0
177.21096543503936
189.09747292418533
209.4117647058825
206.60682226211725
190.28571428571271
183.27683615819376
186.408494690817
183.55901737567524
173.5251798561132
164.20659614187878
162.50154798761528
154.50000000000077
153.45671641790966
152.20035778175168
155.80764488285928
169.01618929016476
172.35000000000082
177.42377100186766
174.1001855287557
164.58977407848042
162.93381037566937
154.127082048119
157.83919597989714
159.97499999999673
174.0634723086505
170.77208153181044
170.18181818182146
174.59324155193676
175.96009975062094
172.86245353159694
169.97524752475238
171.07344632768604
176.73953778888443
174.07085146053524
170.56138186305168
170.16949152542287
174.93433395872424
173.60747663550913
170.64356435643393
169.42499999999836
172.78195488721633
177.078651685399
173.7468982630249
170.01233045622288
169.94350282486118
175.27500000000327
172.94337274424478
169.66028412600437
169.05329153605345
173.46683354192425
172.8179551122218
169.85758513932052
167.1826625386997
168.48180677541117
173.59150530918498
170.83229813664923
167.45219000617
167.0219435736677
172.00750469042896
170.13698630137083
