170.63322884012416
167.6712328767133
164.34782608695653
162.69662921348365
166.0150375939854
167.68361581920735
168.9056603773593
169.9181875393333
170.58601134215587
171.0283911671908
171.4826498422713
171.81818181818304
172.26295828065827
172.38155401136996
172.38155401136996
172.16403785489206
170.60967944689165
168.27067669172976
164.34782608695653
159.55307262569715
156.531503431065
158.02128991859746
161.3793103448276
163.59522313010484
165.16047828823113
166.2759924385628
167.2887767969748
168.07570977917982
168.63636363636567
169.31818181818025
169.54545454545163
153.0306469920547
167.36842105263284
154.82961222091745
154.83627204030134
148.94217207334222
72.17932752179067
65.4545454545451
50.96580683863284
37.1482176360226
34.3893591293818
20.32786885246131
7.404718693284177
NaN
3.9754601226977795
6.537530266343869
6.577344701583406
-12.535125229075277
NaN
2.041587901700512
1.1313639220615939
0.22584692597321862
12.157598499061121
8.486352357322499
2.4750000000008185
-2.0300751879649965
NaN
15.150753768845798
15.405915670231062
16.095717884127758
16.559546313797895
17.013232514177616
17.240075614363747
17.261829653001804
17.48895899053793
17.693761814751323
17.207547169816262
16.476489028211525
14.625
12.260061919504643
6.9619463505975725
4.2803504380507595
2.708463949836691
2.710163111662222
6.105527638192572
7.245283018869572
8.15094339622312
8.614609571786803
9.068010075566793
9.073724007561395
9.288860918821726
8.58218318694954
6.75844806007497
4.034869240347098
-5.359801488836979
-8.09494066208299
-9.2539184952945
-9.949748743721841
-10.188679245283026
-9.74811083123268
-4.766708701139805
-2.2712933753942934
-0.4545454545470875
NaN
