175.6872635561148
176.28517823639652
180.1132787916933
178.5329153605024
177.7639751552795
175.6872635561148
176.39097744361027
180.1132787916933
178.98305084746008
178.4289276807964
177.05289672543833
177.2932330827072
177.42697327532505
175.2332912988663
175.8348968105078
180.3398363750799
178.75862068965682
177.8744561839656
175.80340264650204
176.39097744361027
179.6605908233803
178.41907151819362
177.8665003119135
176.8301886792461
177.06766917293191
176.3219814241494
173.98107255520588
174.93433395872623
179.43360604153762
178.08150470219763
177.3100871731013
175.47738693467338
173.3412887828135
206.58227848101075
193.74927113702472
233.1743119266047
251.88785046728808
269.1482649842271
-75.43287327477975
-75.49118387909192
-70.2328508495903
-52.908067542213985
-54.63476070529077
-52.36363636363387
-48.1872749099623
-52.33480176211549
-52.45778611632119
-48.332329921732196
-36.90566037735687
-39.375
-36.65060240963777
-17.20754716981213
-20.050062578225948
-31.03074141049069
-11.129337539431333
-12.671275927094769
-13.889234598632584
NaN
7.0012547051411005
4.757709251106223
6.56191074795238
9.432314410482027
5.444234404540138
9.033877038895778
8.278433809821504
4.542586750788644
11.714643304131588
8.156073001884796
10.169491525423775
10.956521739133688
6.128625472889335
10.833855799371399
8.835745752040488
9.943502824861865
15.046787273855042
10.65491183879263
13.31661442006598
12.737430167599506
8.176656151424517
14.409005628520969
10.874764002515558
12.64742785445109
13.871970167807593
9.073724007561395
12.85714285713641
11.320754716981131
11.75141242938023
17.741734248287816
13.36689741976403
15.338345864660154
15.380804953563615
9.766561514202193
15.093867334169074
12.452830188679245
