171.50121065375282
168.10096153846152
176.37735849056727
170.50333535476068
171.11517367458924
171.65853658536744
171.85819070904688
168.07164179104635
169.88519637462315
176.25708884688174
181.96601941747494
180.65773447015675
179.01159243441163
176.197948098976
178.91696750902528
166.77595628415068
168.16077953714853
168.58536585366093
168.01466096517865
163.89021479713412
163.45215759849617
173.04347826087
171.907654921019
171.55393053016576
170.5609756097577
166.4191616766483
166.3960024984381
175.44028950542742
174.20765027322486
173.52833638025635
172.7825030376667
159.95523223279264
99.55341806939184
-88.67796610169563
-84.4335578689516
-79.78021978022167
-76.05633802816936
-60.498402555908854
-55.45232273838781
-32.62284620293707
-34.27544910179955
-34.337788578369725
-34.18137553256298
-26.13788895668017
-30.071599045345977
-30.745003028468318
-30.875912408759973
-30.493601462525987
-24.17582417582429
-21.804966686856403
-25.48290341931471
-27.490909090905916
-28.248175182484715
-28.940316686968572
-20.646735814516546
-24.916467780433948
-15.759849906191562
-17.826086956523113
-19.47720364741957
-19.07429963458594
-12.073170731707307
-15.126050420167871
-5.846346033725695
-9.119420989137268
-10.710382513656384
-3.0712979890342353
NaN
0.6581352833622122
1.72351885098588
-6.545454545454561
-7.226277372261109
-0.43875685556946564
NaN
1.9436112777475851
NaN
6.513872135102419
2.4058323207744814
7.678244972577764
NaN
2.6341463414650117
3.873281530191491
NaN
6.751361161521362
4.595744680847879
10.530164533819338
NaN
2.576028622541801
-7.178247734137415
-8.743169398907071
-1.3146682897107667
