5.908814589665256
11.832014607424696
17.528910529519152
21.27970749542917
25.447897623399253
28.536585365853657
31.40939597315683
34.48444173276517
37.142857142856506
39.780219780220754
42.66340867440741
45.5222968845463
48.190709046454394
51.051344743277774
53.69193154034138
56.99266503667389
65.53451435552724
71.86813186813299
75.99755948749335
79.3183201460762
80.0
75.50480769231018
72.39130434782514
70.43004239854857
68.37378640776892
67.32240437158356
66.56934306569278
66.35036496350546
65.95252586731299
65.73341448569718
65.21739130434769
63.89891696750875
71.03237629810516
67.8002965892242
8.157423971375952
91.51079136690902
108.51674641148318
103.84201077199415
99.63898916967466
97.50906892381967
96.97336561743299
107.12727272726956
103.26258338386765
100.42449969678616
101.4882032667889
101.5714285714317
96.51705565529836
92.43535778713266
89.29390464694976
87.06166868198326
84.82132041187458
83.12727272727352
84.8262792166791
93.9225181598027
91.4736203759819
89.6719319562564
88.08743169398903
86.22492401216124
84.91185410334984
83.4306569343106
82.11678832116715
80.85209981740276
79.85374771480396
79.14738124239177
78.12765957446967
75.53956834532407
73.79310344827985
86.18181818181819
83.37522441651151
78.75000000000246
80.55488540409853
81.23411978221293
81.81818181818181
81.91747572815571
81.96721311475373
81.79829890644376
81.41033434650615
80.9726443768997
80.58394160584507
80.19476567254738
79.97565429093157
79.80511571254851
79.90243902439344
80.39048200122434
81.26906650396691
82.19780219780394
83.2458816351397
84.2413162705688
84.38522107812886
82.56287425149544
82.57676098735459
