187.5136116152456
185.5350553505535
188.46670739156974
184.8000000000006
190.85714285714286
198.0217129071173
182.99445471349435
188.45637583892898
187.27941176470827
189.05521472392718
191.79611650485361
178.22441430333083
184.1758241758234
181.3122721749724
188.1142857142882
191.94209891435258
190.30153846153766
193.27239488116854
191.80870631514688
193.235294117647
195.92727272727114
182.2194821208405
187.80696395846297
185.36170212766118
186.08481868469573
189.95744680850905
176.78373382624605
182.5321100917423
179.45487583282662
179.55773955773796
195.5319148936154
202.19754529514938
170.19296254256483
187.96664528543897
224.2589437819431
191.87050359712026
192.2052535125234
192.05900430239862
194.20183486238292
196.44283121596945
182.66337854500776
187.70171149144053
184.68806783767337
184.4280442804448
187.90243902439104
184.2519685039366
184.20147420147342
187.98784194529193
186.74033149171103
189.3577981651376
187.74076317383253
186.74861708666495
189.8780487804878
187.34917733089665
188.06629834254457
191.47540983606154
178.00492610837517
183.52078239608878
179.99999999999605
180.22140221401892
183.28867235078772
182.10202827289248
184.96019595835486
181.96601941747494
181.54981549815662
185.26829268293002
183.52509179927037
185.74233128834035
185.5805471124604
185.2061538461506
188.57142857142782
173.21992709598956
182.06106870229345
184.34782608696042
189.0285714285731
196.20543806646683
181.66358595193682
186.9273060476473
183.8204972710774
184.09342347879613
187.66423357664226
174.67980295566576
180.330275229361
176.9454545454593
183.43511450382096
189.794437726723
188.08615384614902
191.3255956017096
188.07272727272093
187.85494775660578
191.16788321168352
