-52.05374280230404
-52.79999999999961
-57.98076923076974
-46.62371134020498
-47.080291970803046
-51.52173913043231
-56.57766990291543
-46.065259117082746
-47.781818181817414
-53.68610944076835
-42.44845360824553
-43.57664233576571
-48.29003021147798
-50.43056397816554
-37.56722151088161
-39.490909090909895
-46.54239326518359
-33.844172569221485
-35.2769324406583
-40.024169184289235
-42.13462704669348
-31.113956466069
-33.40206185566859
-40.02403846153857
-22.021893110109318
-38.563603164943174
-41.7896009673496
-44.509090909090105
-33.87964148527681
-35.36688902364841
-59.00967558338277
-57.263157894738356
-72.50585480093633
264.1216216216233
257.1744471744467
254.72527472527622
245.45454545454655
229.71218616044098
212.8657799274475
209.36660268714024
199.3170731707341
198.8256880733969
196.08510638297952
205.51724137930904
193.6944613511869
192.8336380255969
193.9827373612807
192.79411764705932
191.77981651376226
190.8592321755023
193.0788177339914
178.67970660146818
179.669724770643
179.1251518833524
183.22250639385683
189.65853658536105
188.5609756097513
191.3333333333301
177.68524188609678
179.1187270501844
178.46715328466996
182.18530351437866
188.00731261426287
186.47956070775018
189.33333333333496
175.9216166564597
177.46478873239516
177.04559270517035
180.34504792332604
186.25228519195684
185.05494505494747
188.22222222222385
174.92647058823292
176.47490820073355
176.27737226277216
179.42492012779553
185.70731707316753
184.39560439560842
187.55555555555878
189.16002452483048
191.01591187270117
190.84601339014563
200.68965517241767
191.09212934716544
191.2087912087878
193.67510809141382
193.45588235294193
193.77832210655643
193.03712720633553
202.8881789137397
193.28859060402513
193.40659340659425
