162.8367103694885
171.10266159695797
189.29682638456774
174.55838767042144
169.53223767382983
166.5542168674683
169.50372208436758
182.14959145191662
192.69439421338436
173.6521219366412
168.7143761874608
170.25513378966943
181.57697121401506
188.37462235649625
174.34782608695772
161.69856459330327
170.87452471483104
189.41469489414652
174.7717842323655
169.53223767382983
184.22128683102986
166.08747753145633
174.18619379354192
192.01497192763657
177.6456599286556
171.0170562223609
190.85146053449228
176.793349168648
182.95454545454376
192.57831325301046
168.58131487889082
151.2832369942174
132.24111282843734
138.47813061713396
117.75497887748784
205.52070263487892
222.24719101123665
236.01003764115487
249.09426987061073
259.58254269449657
269.6084524549416
267.53277711561265
-78.65737808739726
-68.05970149253602
-73.19857312722763
-75.35390199637055
-72.78450363196094
-66.75793403857926
-57.482780212898945
-55.351089588377306
-51.52173913043623
-70.79856972586441
-57.070386810399214
-42.76119402984767
-47.317939609237385
-36.66034155597424
-36.19506321493185
-24.5657568238218
-9.277184160909883
-11.71790235080914
-13.564593301433774
-3.8758708043081356
-8.064716863726062
NaN
6.3081570997010505
8.478260869568269
6.455469216975521
-1.3696892834545906
-4.256378344744974
-10.462633451960471
NaN
6.726943942138493
7.782581840642477
NaN
5.631768953065539
-12.071856287422008
NaN
5.6004978220286
1.794392523362854
13.260869565214344
4.353083434099116
-11.000599161171351
NaN
6.5006226650013925
2.782401902495458
NaN
11.277108433736517
-17.935174069626044
-7.751741608608199
NaN
2.5714285714301304
