1.561338289962423
4.882860665844238
1.3227189222298268
NaN
13.046683046684239
13.897058823527745
0.0
NaN
4.204056545792998
-4.414469650521141
NaN
0.22304832713835843
3.546798029557465
-3.9779005524885633
-0.448598130842754
NaN
3.7731196054230036
-13.447642375995827
NaN
5.303867403314125
0.44117647058983833
NaN
0.669144981411018
4.430769230769231
-3.314917127071851
NaN
0.8921933085493764
4.217016029592268
0.4409063074072714
-0.4480398257639422
NaN
14.829850746267875
19.79893554109835
33.41317365269461
46.5546218487379
-50.56297156123162
-65.4545454545451
-84.14723926380447
256.4233576642349
252.85453438831556
251.62705667275756
239.57219251337003
234.71464019851092
235.70105003088378
236.60307692307532
237.723378212974
236.55860349127153
237.9207920792098
238.52216748768606
239.6325780771586
238.35411471321504
239.2574257425729
240.0738916256147
241.39877300613335
239.77570093458135
240.37128712871288
240.8123076923093
242.58461538461538
241.1214953271028
241.40914709518032
241.10701107011607
244.91620111731999
243.95031055900296
243.55555555555233
242.6519337016591
247.17757009345956
233.59801488834128
236.67282809612098
237.49846719803966
235.66084788030247
236.43122676579713
237.4137931034429
236.98714023270162
234.98753117207465
235.61609907120905
235.86206896551835
236.6911764705856
222.28037383177244
225.89108910890806
228.6876155268081
223.67647058823752
223.2627646326295
225.97402597403004
227.66009852216706
222.352941176468
221.9178082191801
223.83189122373886
226.19076923077407
220.8088235294156
220.29850746269082
222.05191594561435
224.28044280442845
