30.850801479655992
30.444444444446063
29.544072948328267
28.031882280810862
28.782287822878164
28.871067242442873
28.871067242443196
27.793313069910408
24.279583077866285
25.92000000000161
14.435533621221436
15.990129549662283
15.547445255475283
9.932556713672572
7.985212569316924
11.548426896978764
12.00741198270459
12.26277372262856
6.846625766871969
4.21182266010171
8.449660284124406
10.902348578491205
12.051125989044351
7.058823529409405
4.2118226600977255
8.6666666666699
NaN
2.1951219512195124
NaN
6.686638705808739
NaN
14.16103257529108
18.387692307690696
89.06307409675404
146.85365853658456
152.28241022519848
151.11653447224023
149.6132596685062
148.52216748768507
147.55555555555475
144.6994535519135
144.66461538461377
144.66666666666345
144.17799752781113
141.54595252586873
142.145922746784
141.42857142857417
140.6666666666691
140.08647313156143
137.08029197080003
134.91733006735888
135.3600000000008
134.94451294698086
134.3051266213707
131.60583941605404
126.16513761467729
128.1918819188155
128.28606658446142
127.92103639728354
124.95145631068175
118.75152998776224
116.45756457564357
118.89094269870881
118.81554595928546
116.2909090909075
109.85294117646849
106.78153846154008
110.30826140567314
111.26465144972016
109.22330097087426
103.58282208589279
100.64039408867228
99.49413942011032
103.39715873996201
102.51366120218057
97.17791411042944
94.49168207023749
92.88888888888727
97.00865265759917
97.42718446601667
92.31901840490637
89.88902589395768
88.44444444444282
87.7179962894277
91.31707317072852
88.34355828220859
86.23152709359238
84.66666666667152
83.6588380716968
85.89395807644391
86.92682926829747
83.69003690037432
