148.82926829268334
149.5045871559625
150.0919681177197
150.5896805896804
152.1126760563387
154.6909090909083
141.9780219780234
130.7287201469703
132.51533742331287
132.8992628992643
130.81015719468064
129.88057825267427
143.8190954773871
149.83546617915712
149.02633190446775
148.72928176795452
148.6908420405664
148.5299455535373
148.57142857142838
149.02633190446775
149.42979767014228
149.6132596685062
149.70515970516198
153.44619105199382
144.54373820012455
144.09062303335546
139.5604395604402
139.4972409564697
139.31203931203837
138.73386601106182
131.47465437787915
137.01818181818024
138.00729040097255
145.5690072639219
150.01547189272912
107.48920419494155
109.78567054501086
109.32515337423312
109.10429447852681
108.23956442831026
108.37522992029486
97.3570989551317
88.00492610837216
90.94269870610022
91.64835164835263
89.28527794746228
92.59668508287233
94.98154981550117
96.42857142857164
97.81885397412215
98.74538745387513
97.82370820668454
100.20846106683025
90.71911493546364
83.12807881773324
86.95009242143571
89.16820702403159
89.12621359223182
85.36764705882476
89.28176795580352
91.93846153846154
93.38262476894359
94.99383477188452
95.55963302751813
93.34960341671875
97.01657458563771
87.84265519360909
80.46798029556597
84.06654343808124
86.23152709359852
86.33879781420727
82.9920294297952
88.72771972956805
90.83076923076923
92.27356746764968
93.82624768946276
93.22013341419118
89.28352725045967
93.7592137592174
85.01845018450392
77.58620689655277
81.45499383477313
82.92504570383642
80.70861331703841
79.95092024540038
85.01845018450392
87.72923076922754
89.61182994454269
90.99386503067646
89.9452887537962
87.90184049079593
92.8746928746933
