-9.741176470587106
-10.99401197604675
-4.535092981402556
-12.04932472108004
-2.445954292774104
NaN
1.7276544691045999
-12.917647058824286
-1.3407821229017713
NaN
5.411906193626001
-10.41322314049512
NaN
0.4311377245485455
5.841346153843806
-9.982300884957283
-10.791366906474877
-4.321728691476608
-11.011764705880069
-0.8899876390638042
NaN
5.179856115107151
-10.806356680400938
NaN
0.21556886227231217
6.702702702699557
7.858407079643699
2.1595680863827376
-5.189189189188426
-11.865803413769754
-11.53709198812976
NaN
12.206781545303576
121.19936875328867
160.41884816753867
170.73288915808592
168.2562277580091
170.1974865350086
170.48076923076803
170.9945750452107
176.46217986897042
175.56223692122433
176.42384105960147
182.45989304812758
180.75675675675754
181.40540540540462
186.16292798111098
184.10071942446157
184.74820143885051
180.84606345475834
180.5379557680813
179.35251798561112
178.27544910179407
182.6674570242996
180.32393521296055
180.1081081081144
175.4443790465026
175.25748502993855
174.16566626650499
170.04705882353556
178.00000000000486
171.490125673252
171.68566286742578
166.96880517951797
175.0990099009926
179.56937799042905
178.81223755249502
176.71184443134715
175.4730538922187
174.82014388489284
168.77647058823683
176.54489164086849
170.2994011976048
170.48076923076616
166.95344725987118
175.31598513011065
180.32315978455935
179.2432432432385
175.4390100176751
175.2517985611496
174.38175270107567
169.94708994708986
177.66522544780892
176.76780185758352
182.47755834829758
180.7567567567615
184.90521327014054
182.04913121629485
181.61967606479095
178.0918727915202
