193.47826086956584
193.46200241254581
193.34538878842693
193.345388788426
193.11258278145732
192.77978339350307
192.56317689530917
192.230907997594
191.6826923076914
191.24999999999963
190.91891891891734
190.37214885954418
189.7238895558224
189.07563025210044
188.31433713257422
194.67330429371552
209.49152542372903
216.77884615384426
207.7090909090925
194.77203647416414
197.23636363636285
198.30508474576183
198.7182587666252
198.81570996978772
198.91304347826042
198.79299939650102
198.67310012062595
198.43373493975903
197.9999999999984
197.3285198555938
194.29906542055915
190.32525133057243
170.27287319422115
164.15647921760436
130.19417475728156
165.75087310826308
173.09302325581547
179.13148371532046
179.02232951116713
179.56521739130474
180.10863005431543
179.78208232445442
179.8911070780415
179.89110707803954
179.78234582829623
179.999999999998
179.7828709288291
179.89150090415873
180.0
179.89176187612907
179.89189189189347
179.89189189189347
179.89202159568242
179.78417266186972
179.78417266186972
179.67645296585252
179.67645296584467
179.6764529658486
179.7844311377277
179.56886227544754
179.67645296584467
179.78443113771985
179.56886227544754
179.6764529658486
179.7844311377277
179.5688622754554
179.67645296585252
179.67645296584467
179.6764529658486
179.67645296584467
179.8920215956785
180.10797840431758
180.2160864345746
180.43217286914924
180.64825930372385
180.53989202159568
180.4321728691453
186.815642458099
202.2446406052985
199.41818181817706
184.59295261239055
186.3272727272759
186.86856450636301
186.97336561743893
187.19128329298056
187.28700906344093
187.28700906344093
187.3913043478293
187.3823884197859
187.26943942133903
