160.72992700729884
160.2425712553069
158.06996381182168
162.37523689197718
175.2151898734169
179.999999999998
177.48938750757915
173.18918918919
167.87003610108414
168.43418590143366
175.18357187305412
181.11940298507665
181.0830324909767
176.29539951574088
173.1147540983615
170.69908814589667
168.7157638466228
167.60511882998054
170.67641681901083
172.641854789503
174.17937766930933
175.27183872938383
176.0439560439536
176.26829268292522
175.83434835566464
174.75091130012225
171.94679564691506
167.35135135135056
162.29330114664927
158.86198547215346
153.1869436201757
149.22054380664733
153.2594235033248
139.22891566265218
147.76442307692182
162.5515947467187
174.85714285714286
180.65217391304387
177.6086956521751
174.76997578692576
172.581818181815
170.27322404371617
168.49665246500112
166.96287279366845
165.63071297988995
164.753199268739
164.41463414634066
164.85365853658217
166.05247101891115
169.78645515558145
174.50549450549448
177.470983506415
180.2200488997543
181.86699206833316
180.86956521739447
178.14882032668197
181.80451127819387
192.84902084649323
195.83132530120324
193.1067961165089
191.82481751825125
191.4007308160755
191.7367458866514
193.17073170731706
195.90493601462103
183.30073349633255
170.53789731051498
172.52747252746946
173.84615384615142
176.0439560439536
182.1978021978062
171.74311926605503
160.9773976786814
167.69230769230683
171.7632702867603
174.50549450549047
175.40704738760945
173.91304347825857
179.43001899937082
193.35447051363425
199.5127892813633
198.06529625150975
195.80860084797106
193.99756986634594
192.91970802920017
192.61425959780632
193.27239488117223
194.80804387568568
199.41499085923272
187.0415647921777
174.71882640587273
