173.91304347826048
171.12980769230688
174.9088623507228
186.31961259079924
183.11270125223672
179.34703748488474
184.36363636363637
169.47494033412772
172.89028213166227
179.2377495462787
181.96363636363955
179.78391356542735
177.48633879781502
181.7475728155324
179.24505692031275
176.40218049667146
181.09223300970675
166.53500897666058
170.16949152542503
179.8911070780415
178.709677419356
174.67712733856607
175.63106796116503
174.9612864800469
176.39999999999918
180.97885196374384
183.60218314129497
180.5385996409316
177.38181818181658
168.30601092896288
161.97928653624905
154.93670886075904
163.3462603878109
163.8129496402877
222.19261053906595
171.17307692307628
116.85111237877898
103.84615384615363
91.40543666859399
80.36496350365051
86.44376899696049
88.1544028950515
93.88449848024237
95.51020408163401
95.2300242130733
99.07654921020873
99.31777378815137
102.73276904474183
91.80327868852419
79.9281867145428
77.3913043478236
83.17768344451189
83.75598086124378
79.95171997586289
85.03937007873904
72.34347048300661
68.3956574185769
67.11864406779473
69.46992257295632
63.83594692400826
62.28675136116518
64.96724240619345
60.144752714115235
58.58439201452119
61.395348837207244
56.887816646562705
55.43478260869614
58.09922295277969
41.47165259349105
40.216216216220936
43.32934131736997
40.603136308806654
38.22064056939069
38.33125778330966
35.3281155930221
33.77029464822309
31.276213301377798
30.85093542546193
28.89417360285362
22.270270270268696
23.449939686367642
22.019002375302943
15.171583383504046
17.163548581777377
16.09058402860555
10.632911392408127
13.0356065178032
12.265391512255055
8.038624019313556
10.784901138406372
7.563025210083935
