175.22516964836498
174.9696233292827
176.45263827082073
180.77634011090552
184.34137291280112
181.6453382084115
178.66336633663488
183.90092879256966
180.76782449725658
176.8888888888897
182.00495049504667
179.34146341463176
176.33559531153688
162.74582560296855
164.97257769652774
167.80051150895096
173.34155363748462
175.80882352941055
172.71165644171938
170.97213622291184
175.2427781192387
172.72058823529366
170.1050030883246
174.57230769230608
171.39705882352814
168.44444444444687
172.9064039408871
170.96695226438118
174.58039718129316
186.66666666666666
178.75144508670823
197.39076923077005
174.75336322869887
154.7980077476468
130.06165228113463
129.05660377358467
113.30061349693493
233.64532019704404
257.11178247734296
269.50092421441593
-82.3110018438826
-84.43355786895467
-84.77132262052032
-86.889023650696
-89.66707768187302
-89.55445544554595
268.4153005464483
266.328800988875
265.93188854489
265.6204379562034
-88.16326530612201
-87.2256473489499
-82.76885043263081
-86.59340659340523
-88.27244582043119
-82.2538699690354
-85.93406593406922
-88.27671402100344
-82.2538699690354
-86.04878048780648
-88.6666666666618
-83.26530612245182
-87.09323583180424
-79.92322456813838
-72.44444444444929
-74.07862407862439
-77.52147239264286
-73.60594795539134
-72.35621521335776
-76.00979192166398
-76.49166151945263
-73.96039603960457
-77.84972510690574
-69.83354673495484
-63.99999999999841
-69.59270516717169
-73.10769230769233
-68.34879406308107
-73.35766423357597
-66.72611464968651
-59.926017262638425
-59.14445133292031
-63.29670329670199
-58.258184064238264
-57.51083591331917
-61.90243902439187
-46.00638977635782
-44.63911165946661
-47.83833435395161
-44.198895027623905
-43.244582043346895
