178.6861313868625
176.217552533994
180.11076923076962
178.1238503985277
184.11365040148218
180.87167070218038
177.3300370828187
183.00185299567514
180.3294691885308
178.44059405940635
179.8901769371564
176.8965517241367
183.55555555555637
180.3278688524582
177.66233766233725
182.6699629171813
180.2200488997543
179.55445544554294
179.01758641600813
180.91719745222846
192.07384615384373
176.0727272727249
173.55555555555233
180.77825818406302
178.13528336379977
175.65862708719888
180.0
177.682403433476
181.66975881261394
179.1283292978216
172.59079903147577
175.41595925297116
123.08823529411684
221.43322475570022
201.15158636897758
188.30769230769232
181.22448979591675
174.77272727272685
184.6976448122219
176.9907120743026
176.62023016353882
173.88511426806676
174.67712733856402
171.56596794081545
177.34643734643572
175.48071034905047
181.88539741220043
178.91041162227603
176.10870907967677
181.7755856966712
179.34065934065896
179.888820259419
178.47826086956562
174.66666666666944
181.89005558987512
179.23311016433274
176.6625463535269
180.66502463054024
178.34457388105454
184.55836936380317
181.41732283464884
177.99752781211052
183.5599505562431
180.98840756558639
179.10891089108992
180.8812729498156
178.1169230769263
184.3200000000016
181.2021857923521
178.99690402476617
183.99999999999838
181.7603911980464
182.77949351451113
181.30750605326955
178.5564466378827
184.66666666667152
170.1219512195122
174.81101857783898
186.32162661737607
182.7355623100304
179.88868274582316
184.004944375775
181.9828641370821
187.0043236565774
172.90479078229237
176.32653061224406
188.30769230769232
184.1354292623894
180.22249690976597
185.4478072884473
182.634146341465
181.44712430426634
