182.13616489694004
179.32584269662982
177.28643216080445
177.39458779106232
181.81360201511583
182.9471032745596
180.3347799132044
176.94915254237412
176.15094339622476
181.8136020151117
183.5160680529284
182.01743462017356
178.7617260788009
177.05660377358242
177.62114537444893
181.70132325141984
182.83553875236294
180.44665012406705
176.94915254237205
176.03524229075094
181.81360201511376
183.5160680529305
182.13084112149696
178.98686679174526
177.17159019484808
177.5062972292204
181.70132325141572
182.83553875236294
180.44665012406907
177.17514124293993
175.8139534883692
196.343283582088
189.6447922937985
178.60962566844998
215.54140127388487
169.81132075471774
169.80322003577822
171.36448598130758
180.33602986932294
183.5718580877943
166.05482717520852
170.35916824196602
184.2857142857135
191.78378378378537
174.05405405405406
172.11757648470387
173.54758961681165
179.44478716841658
186.22991347342435
179.5539033457253
174.29459291485352
170.46728971962617
181.91130543410245
179.09774436090103
177.62711864406532
180.67839195980147
183.39622641509433
184.98113207547334
185.77721837633987
184.83447845096725
181.23057799875946
178.42105263158143
177.17514124293373
182.1495914519187
183.6226415094389
184.18604651162866
181.3366336633631
177.9699248120309
176.72316384180215
182.03517587939615
183.39622641509433
183.15394242803424
180.4477611940274
178.08150470219763
177.96482412060385
182.03517587939615
182.94339622641345
180.44499381952787
177.06766917293393
176.16060225846766
181.58291457286185
182.82840980515402
180.44499381952787
176.73545966228733
175.8192090395472
180.9045226130645
182.60213702074498
181.23210952084872
178.42696629213728
176.61229611041813
177.50943396226745
181.3584905660427
182.03517587939615
