-7.793144918822179
-13.165467625898145
NaN
6.55339805825242
10.67150635208637
-9.969897652017607
NaN
4.829268292680531
8.769792935444638
13.703927492449504
-9.945945945946733
NaN
5.481120584652838
9.19148936169974
14.556427278211364
-9.94594594594281
NaN
8.961748633880537
12.0
16.50180940892728
-10.113568439929793
NaN
7.239488117004206
11.803278688523744
-8.245931283908362
-13.373277411625338
NaN
6.561360874848175
10.89588377723966
-9.542168674698019
-14.66746554823095
NaN
15.708308427975945
24.306569343066545
78.98285038438854
131.97115384615412
133.25966850828598
135.3268765133174
136.02395209580916
136.65399239543706
142.5591267434836
140.10928961748652
138.71359223301033
138.3444108761337
138.84476534296047
140.28776978417326
143.30990415335714
150.6010928961774
148.92792247122765
147.46987951807228
146.28366247755724
154.70886075949284
147.4619598295791
147.79866585809773
146.29741119807312
144.99102333931748
146.96547546941372
144.39681567666935
147.84905660377194
152.2743682310447
148.9580838323322
147.32174955062948
157.39961759082573
151.0733778047304
150.3081570996947
148.62980769230336
147.96884361893692
159.54022988505395
166.35536688902377
162.68602540835076
160.07220216606743
157.1770334928223
165.55414012738186
181.4259597806168
166.9090909090909
166.33734939759194
162.77511961722104
170.90211132437867
184.91206791995145
182.61818181817546
177.5075255869926
182.73417721519152
191.76542455711743
184.7051671732475
170.42321644498253
168.11524609844346
173.477431659249
184.81751824817673
190.16393442623286
186.63444108761962
168.6622675464947
176.09195402299108
