191.77777777777817
195.25798525798544
174.61866992068374
174.28037383177733
179.55168119551723
186.01485148514809
182.2113022113022
176.04878048780648
182.2222222222218
193.11111111111435
196.8058968058955
175.9365466748029
175.40186915888015
180.5607476635514
186.79035250463656
182.87469287469128
176.70731707317074
182.92397660818926
193.7777777777794
197.36939151813226
176.487804878048
175.62616822429743
180.7850467289728
187.01298701298828
183.09582309582427
176.9268292682935
183.15789473684083
193.99999999999838
197.59065765211798
176.70731707317074
175.8504672897188
191.79424372320966
202.03636363636443
226.68301655426228
-89.34010152284299
-61.0132689987941
-39.58230958230894
-26.560975609756895
-26.691588785045894
-28.034610630404813
-29.686153846153047
-31.544117647057078
-32.946918852959186
-33.5240413877076
-32.727272727269735
-33.2754342431752
-33.81953028429933
-34.69613259668637
-35.34146341463497
-32.94990723562012
-34.88198757764059
-35.79987646695173
-36.90607734806758
-37.3170731707317
-42.146341463416206
-43.45986309894516
-43.83189122373483
-43.616236162363634
-42.90953545232219
-49.896656534960755
-50.43586550435913
-49.93188854489489
-48.414558914249255
-46.131207847948644
-51.36585365853978
-51.39650872817538
-49.416149068319726
-46.97588126159212
-44.198895027623905
-45.02745576571141
-45.92408214063454
-44.07706650093348
-41.881188118810655
-39.558011049726645
-38.19512195122269
-37.17146433041319
-36.156230626164245
-35.33333333332848
-34.23312883435585
-34.1605839416103
-19.66189856957436
-20.012353304508792
-21.891891891895227
-24.146341463414615
-17.260273972604523
-16.577473553207938
-18.912237330037158
-21.86503067484182
-4.421460892052494
NaN
0.8921933085534236
-5.082872928175277
