1.369689283450412
2.7324478178364076
7.001254705145088
0.4466501240690757
NaN
1.3610586011350345
1.3483146067423843
NaN
0.9085173501569024
6.758448060075048
-3.6000000000008185
NaN
3.622641509434786
-6.488502175263363
NaN
0.22698612862217188
5.835411471322459
-1.139240506329088
NaN
4.293785310737722
-7.593052109180405
NaN
1.1349306431273618
17.30337078651841
8.735632183906352
11.12933753943135
13.066332916143601
4.9811320754733455
2.7445997458720646
7.4670018856089895
2.608695652175489
-26.362038664323563
-30.458284371326954
-59.56105796286147
256.4278074866289
225.67415730337171
188.00936768149916
179.6776119402993
177.56457564575365
180.77064220183166
184.0783833435403
188.36185819070943
193.39024390243983
176.73123486683005
175.29483282674852
172.1833534378782
167.4669867947175
169.55863808322732
178.6780905752746
184.7223917022547
172.71935283136477
163.99038461538555
169.33078393881325
178.07183364839443
173.35834896810348
172.54705144290836
185.939086294417
190.05649717513882
176.9491525423737
171.02301790281402
177.71573604061334
173.88679245282853
173.2912192040454
177.70992366411798
180.4528301886809
174.29459291485142
175.05431309904657
183.0662460567873
176.9643972517169
177.4712643678194
184.77272727272393
182.25281602002093
179.5460277427474
182.16867469880097
188.36683417085177
174.78890229191873
167.96944621259942
174.85060394150884
171.6120906801032
170.16949152542287
174.48275862069056
176.0302457466918
171.82327317983905
173.32480818413993
192.27272727272663
187.08307307932452
185.2941176470614
188.6363636363619
187.20901126407767
182.7307206068243
184.56273764258972
189.60451977401544
180.89330024813813
