5.96685082872886
10.736457699329744
-4.838118509470121
NaN
1.9756097560967625
-9.50276243093765
-8.402948402950756
-11.379939209728036
-7.532307692306858
-6.416717885678395
-10.054644808743944
-5.763546798030404
-4.626682986532899
-9.169193450577609
NaN
6.577344701583406
3.469879518073078
NaN
1.317876754119167
-7.826086956522488
NaN
9.836065573770448
4.844036697245303
4.201474201473416
8.55054811205763
4.629516227802415
4.41717791411043
8.331303288674707
4.414469650521143
4.214417744916033
9.706916764361825
-22.121739130435515
NaN
6.072289156624928
54.04411764705919
69.21375921376116
68.34586466165312
82.58146964856564
94.001252348154
105.23076923077006
123.84905660377524
135.6053811659173
149.02010050251278
155.4445797807577
161.25693160813543
152.3163841807932
161.54696132596803
163.41523341523333
161.86893203883469
163.1527093596071
164.79804161566585
162.10909090909328
168.97959183673436
175.62043795620238
170.67469879518023
170.68965517241227
171.8382352941201
168.59384429691823
175.51437699680343
181.20072771376832
179.00674432863516
181.87614960146828
180.65693430656773
179.44751381215067
182.4264705882361
181.422492401219
180.44171779141266
183.30882352940773
182.4058323207745
179.33742331288505
182.09430496020158
179.7812879708376
178.23529411764466
180.6609547123647
178.46715328466996
175.51367781155173
177.45543945912806
176.7032967032927
176.13259668508684
180.0
178.24817518247934
176.01965601966162
180.22140221402293
178.35866261398175
176.7876923076907
181.4347026364226
178.3606557377089
178.1169230769263
182.9834254143614
180.21844660194253
179.99999999999596
190.24020227559632
