210.03550295858065
208.9555822328923
210.2884615384616
210.7628622117086
209.51351351351272
211.4594594594579
211.40153755174254
210.2521008403364
213.27731092437085
213.01775147928993
212.0695860827841
218.89555822328725
204.40497335701565
189.39412117576373
189.71223021582924
192.156398104267
190.14388489208588
189.4964028776971
191.63011262596086
189.38286399041226
188.6330935251799
190.56312981624336
188.08867585380273
186.89820359281595
188.65281899109638
186.25149700598723
184.6319569120299
186.19952494061874
183.55475763016275
181.61386730424388
193.74927113702853
189.34925373134408
180.10315186246643
237.6825588412776
245.92499999999836
260.79800498752934
-78.65168539325805
-75.87242026266597
-72.51643753735601
-59.33085501858426
-43.96261682242664
-41.272509003602124
-39.69176052163664
-26.051154086089525
-24.560143626570095
-25.729474305962754
-24.820143884891934
-21.39255702281224
-22.779420461263385
-8.736776602363818
-1.937799043065354
-13.381294964030417
-27.89034564958297
-26.34673065387068
-20.29994001200066
-21.21428571428885
-20.071942446041703
-15.530257639306399
-16.704342653181243
-14.287432351169514
-8.880866425989609
-9.863013698634745
-5.402160864345774
-14.29602888087112
-28.911362284354823
-27.210557888419032
-19.4828622970536
-34.24494649227097
-33.0215827338115
-27.226890756306886
-41.28342245989165
-40.16796640672317
-38.89555822328964
-38.50267379679161
-38.22435512897562
-37.36052789441936
-37.02734839477421
-36.884361893346636
-35.02702702702862
-35.08021390373881
-34.53237410071881
-30.288461538461945
-30.802139037428617
-30.000000000002615
-22.891421715654133
-37.66944114149493
-51.12043139604668
-50.13205282113046
-48.34224598930189
-48.34532374100951
