17.14285714285676
12.849092047588835
14.060756354619112
11.264080100125144
12.08203853324961
13.066332916143601
12.761194029852433
16.43527204503045
15.476635514017875
18.628428927679206
16.629213483145364
19.273846153847767
12.631578947369213
15.970425138633669
9.705329153603374
12.698019801977882
8.125391849530601
10.719602977669883
6.996865203762576
9.17339962709841
6.3197492163034035
8.288736776603956
6.094043887144872
7.621419676213364
6.77115987460815
7.855361596009993
11.27819548872178
11.228945726762372
15.759849906191405
14.84072454715881
18.547486033517885
14.870530209615433
23.915343915346174
3.171806167400064
72.08845208845241
116.96202531645517
119.3992490613272
132.6550868486379
129.68105065666154
129.60893854748574
128.1698938163645
127.70573566084735
130.56650246305367
129.63613550815506
148.15642458100768
163.28732747804548
181.56911581569074
179.21003134796157
183.59102244389314
181.91849529780646
185.38653366583455
183.72413793103365
186.62507797878735
184.8465873512828
187.1910112359547
185.29080675422426
187.20000000000164
184.70734744707423
185.6320400500585
181.66563849475634
181.24293785310982
178.22222222222385
177.6271186440695
175.20743034055403
175.02512562813897
173.0769230769223
173.10734463277407
171.60969546302059
171.85929648241128
171.1512134411891
171.29943502824773
171.03362391033616
171.07344632768604
172.71028037383178
171.9774011299453
177.08229426433667
175.70890840652123
180.56144728633404
178.98432601880714
182.9213483146092
181.23982467125288
184.15990006245772
182.36397748592705
184.84052532832945
182.23880597015332
183.2686286787784
179.66687230104955
179.43502824858345
176.2222222222206
175.92964824120358
173.53960396039275
173.44221105527723
171.5136476426775
