154.97856705450116
157.22627737226264
157.747858017135
159.9756838905783
160.63569682151552
162.38297872340186
163.51648351648345
165.2099817407163
172.04907975460043
173.30895795246954
180.77064220183567
181.3154689403175
186.71559633027363
187.22627737226318
190.87248322147613
191.3868613138701
194.6243127672585
195.38461538461328
196.6442131047137
196.02439024390085
197.60391198043806
197.34146341463335
199.14425427872817
199.2935444579786
200.1951219512211
200.1459854014595
201.5384615384618
202.3486238532102
202.6927784577728
202.07443563148306
201.65249088699994
227.56363636363477
252.80776228016876
230.96913914455783
-82.84518828451917
-79.19561243144489
-78.90710382513709
-83.06010928961803
-82.00857317820066
-84.40925700365466
-83.956043956045
-87.0473876063175
-86.15384615384716
-89.78208232445343
-77.3553719008284
-75.98540145985578
-74.24039048199978
-75.15520389531537
-72.96703296703487
-73.75075987842104
-71.47220525351219
-72.1311475409841
-69.97555012224763
-70.86614173228332
-69.27306047648182
-70.9584086799286
-57.36137667304098
-50.24271844660103
-52.30769230769096
-48.583586626141425
-49.700671960908664
-46.966019417475934
-47.750611246945766
-46.008479709271285
-47.750611246945766
-49.228915662652184
-37.399617590828484
-34.95145631067976
-36.04395604395938
-34.99392466585692
-36.72571777642173
-36.69902912621217
-37.628361858195035
-38.158691701999146
-39.82885085574998
-42.50602409639026
-43.596330275235744
-48.631201434553645
-36.55172413792633
-37.34620024124837
-39.144777031152785
-44.191616766467064
-31.703892788766552
-32.6283987915408
-34.06593406593424
-36.108761329301956
-37.18826405868242
-42.226211849189326
-30.535714285712743
-31.956521739131574
-33.605857230017136
