180.6750000000004
192.49245624622912
188.55106888360945
185.56701030927877
191.02486355366932
188.59188544152937
187.32240437158546
190.5882352941165
188.84892086331018
194.93640218049543
183.60218314129895
183.9036144578337
190.57540884312417
187.16577540107033
184.47543966039862
189.9332929047912
187.41492537313198
186.22950819672016
189.83009708738055
188.31433713257235
194.61818181818342
183.05454545454862
183.3634719710653
190.13930950938754
175.3901131625976
179.43644333124402
191.29071170084393
176.2477665276931
180.1125703564732
191.95652173912842
185.66929133858122
202.56748650270094
179.2182410423442
176.87985654512892
126.25056129322078
169.8504027617941
184.0790238233581
182.10035005834115
187.41176470588235
174.003506721213
169.86069049061246
175.08425334108193
180.84705882352864
172.41877256317693
190.60109289617375
187.666466706661
185.12416717141005
191.14077669902997
186.84898929845576
183.61094224923932
188.5194174757274
185.70233114166282
183.28068043742408
186.771844660195
184.75390156062184
185.79234972677514
186.64246823955892
184.77108433735097
190.92233009708346
186.84085510688985
183.49939246658252
189.16363636363795
185.79952267303264
183.38797814207888
187.09520921770763
184.9640287769808
188.73786407767392
188.46803377563253
186.83544303797777
192.53785584494256
188.65281899110414
185.4611650485436
190.02421307505753
187.52688172043005
188.07272727272886
189.69147005444412
187.99519807922923
193.94673123487024
190.02369668246584
186.86856450635509
191.43375680581164
188.90876565295088
193.17604355717123
193.57875678938228
192.20155968806154
196.73913043478433
192.89520426287578
190.67796610169407
193.69565217391158
191.39784946236392
