6.565349544072948
4.168190127971937
4.612568639415087
8.571428571429761
10.782396088020796
12.550458715597932
14.100367197065504
15.201958384332158
16.043956043954516
15.406871609404078
10.254545454547042
6.780072904010501
4.163116250759979
3.290676416819042
7.472527472530621
10.335980452044096
12.322738386308842
14.091743119265255
15.42227662178706
16.463414634146343
15.831325301207187
10.67796610169804
7.213114754096739
5.0364963503633815
7.235079171740232
10.536585365856054
12.747252747255061
14.734270006106433
16.283618581910257
17.791336180598766
16.936316695354236
NaN
21.23831775700642
22.024013722128473
NaN
28.27794561933535
46.937537901758745
61.239368165248955
62.08409506398763
62.857142857143934
63.374083129586616
63.93141457440251
64.11260709914015
64.29357798164898
80.82076041037837
78.1090909090933
76.37689969605182
75.24680073126365
74.46003660768699
73.67135003054335
73.27628361858014
72.66055045871559
72.26438188494348
71.64727495407259
71.2063686466613
70.67889908257361
69.33979406420895
66.68280871670356
67.18541033434013
67.08891595614904
66.99206833434963
67.07391569944991
66.89486552566817
66.75642594859022
66.7564259485917
66.61764705882484
66.5768524188629
66.09547123622953
64.91803278688656
61.1978221415579
57.95868772782554
60.10968921389636
61.02439024390084
61.35613927916414
61.83374083129319
62.12974296205736
62.35006119950963
62.426470588233414
62.6086956521774
62.38824249846775
61.82704019488561
58.94864048338843
54.02187120291703
52.148508825318174
54.911531421599264
56.263736263740064
57.21271393643082
57.908256880732345
58.384332925336075
58.640538885483885
59.11764705882166
