141.9466831990087
145.43814432989666
151.6967060285891
151.01123595505595
151.0694183864927
154.09429280396952
155.90376310918907
156.46326276463242
157.78054862842995
158.45386533665544
167.3009708737847
165.98130841121494
167.88249694002246
165.0372208436709
164.20659614187878
169.2069632495152
175.18955873213054
180.4494382022488
181.79775280898917
179.22746781116
175.41899441340743
173.49937733499257
176.17977528089926
170.77500000000327
175.50561797752812
174.57897971726948
171.2686567164187
169.5830740510276
174.9967679379431
186.38456751711342
186.9576059850362
181.46682188591538
168.1184454040728
174.57646389994574
150.109318063509
110.38575667655746
46.899879372739235
38.22222222222384
37.2336448598139
38.90068707058325
40.57608015028159
42.44444444444121
44.77611940298528
33.95377888819562
36.94618272840986
38.998121477773104
40.12523481527728
44.77832512315392
34.70149253731359
37.504678727387954
39.07673112913588
39.67438948027661
40.87829360100421
47.584928968498375
47.79156327543375
46.40099626401096
46.3789868667891
47.729831144466495
48.50904553961018
54.033353922172076
42.76119402984768
44.663341645881
45.87133041849109
46.63329161452
47.142857142860855
54.525139664806986
45.696594427244584
46.487835308797855
47.92499999999836
49.08067542213675
50.04383218534188
56.99624530663881
59.77859778597839
55.88528678304515
56.439725171764884
44.38047559449496
46.153846153845734
47.14285714285265
53.93341553637299
51.81141439206095
50.9794135995028
51.364205256569306
52.265331664582604
54.777708202886714
60.671641791049936
49.83930778739418
49.31506849315113
49.53095684802957
50.04383218534188
50.72010018785199
57.60000000000491
59.4454713493517
57.57311761045563
