192.1017565112057
194.87053020961838
180.11063306699387
181.0909090909081
178.33436150524366
178.348623853211
180.0
184.3790012804089
189.0490611750466
192.31053604436073
177.34643734643777
179.12727272726954
183.11738293777938
188.30097087378485
191.65946946329626
190.82208588956973
189.49666464523838
193.43615052436806
178.78453038673993
180.8748481166476
178.2244143033268
178.13072693952472
182.104615384617
180.66420664206683
180.3290676416831
184.5471349353034
183.86740331491916
183.38797814207888
185.10480887792684
184.5248313917826
186.02771362586526
182.3779437105123
181.892639734366
178.37209302325624
201.53846153846004
232.73885350318415
189.7872340425521
191.36842105263082
188.98414562536502
186.42857142856863
184.08839779005405
182.74223034734717
186.45241038318835
184.7572218807613
183.28867235079375
187.01298701298617
185.52825552825556
183.93203883495184
181.33663366336512
181.21397915389173
184.21701602959226
182.8853267570884
182.1951219512195
186.12244897958777
184.75722188076546
183.60655737704838
181.00309597523383
180.99325567136484
183.88170055452463
182.44143033292312
181.75824175823618
186.12244897958777
184.87084870848875
183.82513661201787
181.67182662538698
181.76687116564256
184.3200000000016
182.77606415792724
182.3091020158851
186.79035250464062
185.53505535055356
184.37424058322804
183.23219814240838
183.09202453987248
184.97848801475118
183.5555555555604
183.18875992670075
187.45825602968537
186.42066420664534
185.36170212766118
186.014851485146
185.3006134969277
186.62576687116564
185.22544780728933
185.06112469437886
188.8998763906017
188.08615384615706
186.89361702127977
190.57513914656363
189.83425414364413
189.42752740560528
