184.3847595252973
187.7205882352941
184.8405253283294
184.6096189881328
183.9657282741742
182.25
181.79999999999836
177.68807339449702
178.42499999999836
177.97500000000082
174.38532110091904
176.28981886320926
176.0600375234501
172.83527250459275
175.73033707865252
175.38461538461496
173.12807881773517
177.19626168224298
176.84605757196374
177.07499999999754
182.77949351451312
180.9011264080092
181.2382739211991
186.19926199261837
183.48968105065498
183.48532167395217
187.50920245399095
184.61538461538294
184.38475952529836
186.94427434170353
184.3902439024386
180.7697006719617
193.31791907514375
203.09927360774714
-6.673728813559308
NaN
5.592635212889849
NaN
8.617594254937144
6.894075403947364
13.32549941245448
NaN
2.4029126213600023
4.7396768402131295
7.246891651868048
-1.516245487362255
-5.357142857142833
-3.442916915721014
-7.6913946587544615
-11.452581032411501
-5.268292682926017
NaN
1.4840989399308775
NaN
1.5217391304324066
NaN
2.003710575142377
0.21531100478938783
NaN
3.4123222748784277
NaN
6.984126984125504
NaN
1.7204301075253021
0.6658446362499384
NaN
2.1951219512195124
NaN
13.748531139835428
NaN
7.737313432840512
-6.8817204301090555
NaN
0.6382978723388747
NaN
1.6961130742034116
-4.259028642593478
NaN
1.0632014176018947
NaN
5.9189665296596035
0.0
NaN
3.6277415530542934
NaN
6.564705882357564
NaN
4.505363528006432
NaN
1.0823812387252
NaN
0.648259303719922
