22.581423401689943
11.93490054249544
-2.6039783001804153
-5.201685731486236
-8.880866425989666
-11.263537906138708
-13.854479855681802
-16.225961538461377
-18.173076923076167
-20.108108108110457
-22.040816326532138
-23.769507803121428
-25.282112845135657
-26.562687462509757
-15.457373988798281
0.0
-0.4326923076938556
NaN
2.6261398176307718
6.763636363637158
9.806295399515696
12.40628778718024
14.791540785496906
17.173913043477434
19.33614966807417
21.278648974670503
22.98795180722576
24.506024096383964
26.209386281585466
26.495327102804392
26.611472501478357
27.92937399678978
NaN
20.97087378640777
-65.16880093131653
-76.60465116279147
-77.94933655005985
-76.25829812914952
-74.78260869565122
-74.08569704284582
-72.56658595641454
-71.65154264972728
-70.78039927404672
-70.08464328899811
-69.5652173913042
-69.48130277442732
-69.43942133815568
-69.09747292418666
-68.83944678292113
-68.54054054053819
-80.21621621621307
260.65986802639515
256.83453237410185
253.16546762589883
249.13121629718177
245.4643499101221
242.0131815458327
238.4191616766514
235.18562874251967
232.30677052126975
229.5808383233533
226.99401197604632
224.75733972439036
222.8982035928175
220.95808383233532
219.3648891551824
218.07070101856897
216.99221090473307
215.91372079089558
203.21535692861025
183.5632873425347
181.08043217287306
177.623049219691
174.38175270107973
171.2537492501514
168.33133253301415
171.39664804469592
183.8587641866305
192.0
194.21628189550438
196.36363636363637
198.20714718353005
200.04842615012652
202.0096852300249
203.81873111782636
205.55891238670694
207.1739130434785
208.87816646561913
198.33634719710457
