177.59708737864096
189.16363636363596
195.64310544611817
182.1176470588245
168.5150812064966
167.43169398906898
179.78155339805946
193.99406528189755
189.67975830815473
182.74004683840596
174.97089639115325
169.73300970873834
182.1818181818182
189.39675174013732
176.61574618096282
164.30232558139534
172.36363636363637
183.05454545454467
195.4285714285691
186.0175953079148
171.67630057803467
169.74545454545296
181.85342216838362
195.89804386485034
191.18889559444696
184.6424384525221
178.21989528795737
166.6080843585248
169.70202622169217
189.20634920635007
203.6842105263156
184.593967517401
204.03908794788325
181.89031505250796
178.91435464414957
179.12727272727352
179.23497267759484
175.59402985074394
177.71047849788164
177.38181818182056
173.3729216152012
184.7826086956538
177.36688121708605
165.63774024461375
173.02663438256502
180.9660107334522
191.2635379061387
195.38641686182908
188.27225130890199
176.30064591896652
163.23886639676073
171.81322013341617
182.50757116898765
195.81947743467876
191.76755447941804
185.59530791789163
179.47582993593096
173.44660194174358
185.11796733212424
191.91637630661788
178.72941176470897
171.06993424985131
183.92251815980865
177.46776084407816
164.39790575916092
172.0315342631867
183.27272727272728
195.68019093078615
192.42130750605082
183.97212543553928
181.84671092335233
181.08827085852477
171.00516944285187
178.2566585956472
189.69147005445205
182.7052023121448
177.48938750758515
178.36462749848576
193.55068168346247
188.69565217390897
181.68618266978388
171.19906868451912
168.2917933130731
180.98122350091015
188.55156431054527
174.7183098591587
161.7179338363323
169.95145631067876
181.09223300970476
