-0.21937842778675076
NaN
5.239539114616092
2.159568086382726
NaN
13.268882175227377
11.689717378231375
5.499681731384608
21.94327097163618
23.971205758849173
3.745410036721276
7.020109689211562
12.570740517762724
-2.2045315370483536
NaN
3.264812575574372
-10.549450549448977
-4.618204031766197
-8.514251061248444
-12.749099639855103
NaN
5.8873410054489135
1.9459459459490922
NaN
13.075060532687738
9.519230769230003
3.965728274176176
7.668898356664672
12.563176895305228
-2.6470588235270043
NaN
1.885913853317057
-14.723502304148212
NaN
34.69879518072289
-53.150029886432776
NaN
62.85714285714324
80.58076225045407
94.41916167664905
104.96332518337545
119.99999999999868
122.10781344639585
119.27971188475522
114.27522935779736
115.62043795620305
118.76737160120925
111.81328545780866
107.0329670329651
110.24863553668915
105.20745640408909
100.94890510949007
102.48175182481616
101.14803625377644
95.16746411483473
91.86813186813663
96.99029126213158
91.73493975903456
87.72563176895268
88.51738865161641
85.74545454545296
82.49550089982125
81.19804400978387
79.87841945288754
77.39130434782982
75.49430796884461
77.73248407643646
86.3132530120545
82.49550089982125
86.8491406747316
94.61121157323498
90.43269230768995
90.6062461726855
89.29047907823161
86.05405405405249
88.22406110757561
99.96370235935025
94.80503899220429
92.36987140233063
98.97810218978174
94.9426674713349
92.85365853658377
97.14285714285118
94.73684210526358
90.9700598802411
92.92543021032418
104.7193723596817
98.94610778443428
100.14003819223453
115.79963789981686
109.29341317364641
106.10294117646927
