185.77721837633774
188.57142857142838
186.78391959798992
186.67504714016405
189.1223733003706
175.92452830188844
177.9596977329983
176.5406075635458
177.28643216080442
177.283018867927
174.5386996904049
175.70890840652532
175.69811320754388
172.6485148514867
180.00000000000213
184.05506883604545
182.2556390977444
184.82242990654532
183.84422110552927
183.50722815839134
186.48447204968863
185.65326633166038
185.99622878692767
188.81587104773666
176.04022627278437
166.5028355387549
165.93052109180903
175.56420233462904
180.11242973141827
175.33333333333252
182.44028405422895
182.7658266748617
196.55536028119403
178.43283582089595
197.32564841498635
223.76599634369236
244.9251569290209
180.10669828097446
167.40651387213663
176.15577889447485
185.58312655086846
185.27102803737992
176.5384615384588
171.82313749242687
169.3584905660361
185.24488530688242
182.37586423632976
182.03517587939822
185.806451612904
183.05468258956506
182.82840980515192
186.02230483271336
183.39622641509433
183.05468258956506
183.45510835913151
181.81132075471533
181.81132075471533
179.44341372912396
179.32075471697453
179.43360604153142
176.4400494437569
177.2830188679311
177.50943396226745
174.21508034610966
176.04022627278437
175.92452830188844
172.88009888751785
175.0251256281432
175.01886792452666
171.88387893761265
174.4632768361524
174.23004399748746
171.21680049413064
173.90213299874767
173.6683417085485
170.66666666666504
173.22459222082816
173.21608040200596
170.44444444443798
172.99874529485479
173.10734463277407
170.32736256949067
172.77289836888173
173.10734463276586
170.53803339517225
172.99874529485479
173.44221105527723
170.98330241187145
173.33333333333576
173.88679245282853
171.42857142857065
173.8944723618033
174.44933920705085
171.98019801980126
