9.213893967092817
7.445255474451774
-6.385321100916656
NaN
9.41605839416095
10.07912355447038
-8.295936931472056
NaN
8.112058465287795
10.103721781574952
-8.934624697337313
NaN
8.1219512195098
9.42752740560139
-8.97264437689654
NaN
7.692307692307641
9.42752740560139
-8.540145985404592
-7.912087912088737
NaN
8.102189781019526
7.892813641900885
-10.024213075061368
NaN
6.792452830189431
8.764455264759626
-10.042449969675431
-5.552128315854418
-0.6637984019692453
NaN
16.24703087886067
16.95114773396119
NaN
35.0747160789023
34.3389529724934
252.06239168111017
237.52795762213194
234.67800729039885
216.9623329283082
218.00619195046278
221.64096236890845
224.1969230769247
228.30882352941074
212.31892878880112
213.86138613861337
218.30968537939737
221.6574585635348
225.77017114914455
209.47048082775584
212.5247524752503
217.1076923076923
221.60637645616058
218.23493609251545
218.57936998146647
222.5293028994484
226.1595092024572
229.7310513447434
225.84802431610305
225.69487337863183
227.98525798526384
230.65603923972714
232.46341463414154
215.56231003039514
225.20127795526653
232.08791208790993
233.1219512195138
231.81984175289048
219.24644842495655
223.7837837837864
225.63225412339224
228.57142857142958
211.27582017010803
221.52076677316964
228.512195121956
229.68921389396564
212.36938031591606
214.09006785934642
217.67955801105265
220.35430665852232
204.49054301402793
202.66343825666218
211.629392971246
219.426479560709
219.29268292683247
202.59551243177347
204.95378927910883
208.04907975460284
212.0366972477048
195.90493601462538
195.17283201940717
