178.63291139240422
184.4646098003634
171.27272727272728
156.35272945410966
161.85161699429324
175.2690863579487
183.94160583941647
169.3989071038244
164.95285983658144
183.07012002526722
194.86858573216608
198.57573928786798
188.0073126142568
174.5388349514563
175.42372881355854
183.75711574952481
195.82914572864314
187.51361161524662
177.38498789346485
171.00569259962091
177.83132530120483
176.01436265708884
165.17110266159688
162.03266787658794
171.38539042821122
183.39622641509433
189.45081472540625
176.21166566446382
162.0219244823389
170.14474512271795
173.38862559241625
198.78557874762598
195.1079136690648
162.8230616302181
103.96375990939956
82.7683284457455
74.46756425948449
82.0475319926864
66.88524590163661
56.819277108435315
62.675626145387625
65.21580547112303
65.09708737863947
65.61255280627769
67.82926829268213
54.20765027322281
55.888417222559426
57.86875376279164
58.757612667480814
44.78155339805845
47.72397094431289
52.838002436054154
38.228155339805994
40.12113870381543
43.3473810957249
42.4817518248133
29.61887477314398
32.072727272720925
36.77884615384664
18.911392405061633
35.4347826086936
38.74924834635744
36.61388550548256
37.4591651542588
38.20497271073428
43.07877330126517
25.958254269444986
41.95652173912922
44.29433051869961
29.195121951217914
32.053301029672916
33.99515738498457
38.87222555488885
20.49335863377628
37.00120918984248
40.578661844478845
40.39024390244222
28.817465130383383
32.310491206790836
35.80587177951308
17.54430379747001
34.5861027190364
38.33935018050683
36.61388550548256
38.330308529942556
39.73317161916524
44.864539434076846
28.727042431916015
44.42831215971201
46.626506024096386
45.82216808769395
