192.34095120444763
192.25247524752473
193.36633663366334
195.0278293135426
197.89993823347677
203.40110905729978
194.25414364640847
183.5036496350393
172.50917992656144
162.914880587875
165.5248618784526
166.15384615384616
166.3585951940839
166.56384947563382
166.34176434300102
165.59113300492808
162.93577981651376
166.3846153846162
171.81818181818227
169.72375690607612
166.1370527592492
168.06064434617616
183.07789740341866
188.75912408758927
187.73006134969324
187.52767527675397
187.54623921085206
187.43985194324773
187.2266831377414
187.1199011124841
187.1287128712867
204.11339633129558
188.95522388059706
193.19778188539692
176.67752442996778
151.54328732747922
-88.16326530612287
-67.44416873449262
-49.354838709678575
-32.382133995037066
-29.23744575325577
-26.895284751991653
-26.63378545006185
-26.477132262054965
-26.69962917181715
-26.955445544555232
-27.19504643963012
-27.640866873064226
-28.51485148515087
-30.037082818294323
-31.57504632488957
-33.55555555555634
-34.688079061145686
-35.755706354103154
-36.199876619369036
-39.70749542961323
-37.59213759213691
-37.24137931034369
-37.28729963008453
-37.95314426634252
-39.43384615384457
-42.625766871164046
-43.99999999999841
-44.77722772276945
-45.47368421052147
-45.7532548047119
-46.1710037174733
-46.84014869888432
-47.28624535316209
-48.029647930825945
-51.522935779819704
-52.53694581280212
-51.460258780037634
-48.44444444445094
-47.362569487336884
-46.72435105068007
-46.30797773654734
-46.30797773654734
-46.753246753246515
-47.614338689743875
-48.91908585546588
-50.061804697157186
-51.77777777777618
-53.36627547869125
-56.946658491720484
-61.248470012239125
-63.32103321033611
-63.84236453201896
-63.03329223180742
-59.48212083846914
-59.40886699507979
-60.95705521472877
