5.806451612902014
7.555555555554747
12.489348752281998
5.369794903666041
9.723756906076567
6.691449814126409
8.00494132180441
13.130699088145896
5.817277812306607
10.15950920245479
7.137546468403046
8.666666666665858
13.576642335764063
6.480446927373474
10.3803680981571
7.801857585139319
9.111111111107878
13.804017041994815
7.1508379888284255
10.15950920245479
8.019801980198812
8.88888888888889
13.804017041994815
7.597765363127661
11.926380368097355
14.0173053152024
0.8888888888880805
8.112058465287795
2.0099255583118563
6.412776412779587
4.109589041095916
-28.996029495179982
-13.553907586994512
-67.88365095285604
-84.4498186215252
268.2010902483367
268.16099071207674
265.7247259439712
265.8633540372663
269.7227356746785
264.8024316109422
263.9702233250625
266.8623853211025
253.55410999408656
239.15044247787688
242.39401496259407
240.29447852760575
243.58208955223827
244.07156076496258
241.02439024390483
246.49253731343197
243.38028169014112
246.26865671641903
246.14056720098856
245.32347504620859
251.24069478908075
246.96395846059596
249.33416303671163
248.49753694581293
249.0762554246805
254.91651205936805
249.43327239487945
251.57436216552875
250.1845018450151
250.72625698324413
256.60284126003796
250.51094890510802
252.4704418170509
250.54054054054006
251.17318435754174
257.11111111111273
250.5775075987842
252.91848164280665
250.67484662576686
251.1731843575393
256.95249845774606
250.5775075987842
252.8278433809797
250.45398773006457
251.01736972704927
256.57213316892285
250.13981762917774
252.22360248447043
250.23312883435423
250.63856168629832
256.12823674475356
249.76913730254748
251.7763975155247
250.23312883435423
250.5510835913345
255.68434032059233
