166.6260657734472
169.09765142150783
168.7290762554253
168.93854748603286
165.4290931223361
167.86641929499103
167.50929368029858
167.71712158808938
164.43361753958513
167.09517923361926
166.61710037174922
167.0471464019868
163.8756855575841
166.65018541409142
166.29102167182742
166.60049627791568
163.65630712979717
166.32489190858647
165.84520123838928
166.37717121588202
163.43692870201062
166.42768850432546
165.9653465346531
166.27402355858536
163.53658536585365
166.3248919085843
165.9653465346531
166.06811145510835
163.1970713849896
166.1025324274223
167.74984671980343
154.62424574876496
159.03004744333305
139.99999999999935
136.1524717093496
238.20681410639438
248.0762358546775
256.10294117647027
268.7198515769938
-76.23529411764463
-68.97810218978043
-54.39009287926024
-41.95908245505126
-27.336191059399198
-16.888888888885674
-12.035820895519237
-29.84126984127056
-17.854928704277597
NaN
1.4745465184333673
-20.692212608160503
-22.040816326529978
-15.836431226762613
-22.10334346504243
-23.584672435101936
-24.520123839009273
-18.066914498137862
-23.649635036502502
-23.80716934487191
-3.3415841584158557
-2.453531598517884
-8.112058465287816
-8.899876390605698
-2.227722772277275
-1.3374613003063587
-6.365853658531819
-7.1199011124780895
-0.8916408668682152
NaN
0.21978021978501322
NaN
16.728624535315834
16.72862453531621
16.053756872325756
10.253869969037003
16.302729528534282
17.196029776676486
17.14285714285562
10.929368029735056
17.4193548387161
18.3354037267097
18.669920683343335
12.490706319699525
18.98263027295277
20.136730888750595
20.621572212061206
14.283942963425506
20.756354618729
21.926662523305072
22.595978062155325
16.28252788103949
22.541847489155625
