183.48532167395317
179.7794117647051
176.51031894934292
183.93504059962524
179.7796817625451
176.17499999999836
184.04999999999836
179.88990825688234
176.17499999999836
184.04999999999836
180.11009174311766
176.06495940037274
183.71482176360348
180.33067973055645
176.40449438202168
183.03939962476426
181.10837438423846
177.42056074766435
178.87359198998954
182.02499999999918
179.22174181593698
177.2966207759724
182.81425891181985
179.5571955719541
176.96060037523372
183.26046221111972
179.55828220859138
176.51031894934502
183.71018113678872
179.66932026944156
176.28517823639652
196.82345754428746
180.83236994219578
167.14285714285586
148.91949152542355
208.2568807339461
183.9355581127744
177.17732207478653
182.04667863554718
180.1077199281871
179.36545240893028
177.7297297297313
179.999999999998
183.1238779174163
181.3854351687381
187.5812274368212
174.85714285714363
181.18350268977923
178.82492581602142
185.6182472989204
175.609756097561
180.0
179.1519434628983
179.13669064748083
180.65217391304387
183.36347197106932
180.11131725417684
184.52153110047922
184.36838830117986
176.5876777251177
181.45794392523692
175.66137566137715
177.98004987531664
179.13978494623345
181.7755856966692
181.73285198556192
172.97560975609596
182.3492852703526
177.03877790834392
179.66438781852162
180.53731343283582
179.13978494623345
172.02744853399628
179.14893617021355
169.5570804741118
178.7279151943455
168.34371108343973
188.72049689440504
178.192557590076
182.91770573566333
175.87786259541838
178.6533665835403
184.81044126787145
176.9057498518025
182.80024891101436
176.18823529411918
178.65336658354443
178.7127532777108
181.22297714638503
182.48947684906716
173.30079316656665
178.2713085234109
