193.08108108108146
176.9268292682935
177.14634146341623
181.1992731677775
180.0
176.86486486486723
183.30588980367483
188.98903775882957
187.35576923077042
185.26829268293002
184.8351648351644
187.7407631738344
172.63286499694678
170.78868151716034
172.65082266910542
172.41295051924286
170.32024169184527
170.5609756097577
169.28311057108422
178.41309823677625
170.46865489957312
170.04255319149095
174.0947752126371
173.18681318681234
170.6746987951823
170.79171741778163
169.90243902438945
168.77044215626776
168.36585365853418
165.1891891891884
170.56179775280933
183.834586466165
200.34246575342382
158.58078602619966
136.12366230677785
128.99645808736514
110.17715332926116
98.02197802197526
83.6650485436881
67.21171446003682
51.366646598432766
50.42630937880611
34.7826086956521
31.771150334753642
32.268292682928426
31.342200725513184
33.14634146341543
18.66184448462992
14.91773308957806
18.889566809030526
18.913043478258665
15.375228798047454
17.74802191113505
16.622114216282654
20.86638194020749
7.37349397590677
3.510054844603786
8.566198901772491
9.152542372882902
6.589383770591912
9.29729729730359
3.9464068209564243
9.21951219512355
-6.533575317604402
-0.8785845027487653
-5.841346153847667
NaN
7.235079171740312
9.291716686680838
3.290676416819042
8.560975609759291
-6.755447941885393
-0.8791208791161012
-4.981949458482177
-5.261875761269891
-2.414634146346259
-5.652173913040372
0.0
-15.481526347665067
-16.174863387981247
-10.749542961604106
-14.738109572552787
-0.9131261889614279
NaN
1.0843373493975903
NaN
2.4058323207744814
1.7475728155403074
0.4390243902375138
3.4636199639174903
NaN
4.1631162507560395
