169.9940227136878
170.60587882423533
170.8108108108108
167.75872264931996
175.32178217821905
169.34847579198882
170.06002400960503
170.2761104441757
168.27014218009472
175.98513011152374
170.1974865350086
171.24324324324482
171.25374925015157
175.9216166564597
177.00923076922996
171.9210053859984
173.17278747742208
173.50180505415355
169.82332155477
177.66233766233725
177.43653250774074
172.1364452423726
173.71084337349475
173.18918918919
178.12385039852973
179.00430239704818
173.54066985645733
174.37500000000117
174.15162454873885
161.94957983193132
169.65026674570169
219.41211757648298
-24.27428571428419
-25.447897623401104
-27.741553052756274
-18.83076923076925
-9.111111111111938
-10.967741935484696
-5.614877024591976
-11.448763250882564
-13.159851301114486
-2.6765799256481273
NaN
1.518987341773734
-11.950207468880365
-0.22304832713837186
NaN
18.107784431136942
8.03377563329474
11.715976331360947
7.768187422934614
16.899320568252854
33.00179748352549
22.31046931408169
24.797583081574164
26.824364281487377
20.719424460436006
26.378378378372087
15.802766085386347
17.27488151658465
13.078817733993256
20.26347305388751
25.096153846151026
14.538878842677763
16.694411414980536
12.688172043006224
9.297297297295724
14.918918918922065
4.118001204097019
6.173861620338398
0.6474820143869217
NaN
4.321728691476628
-12.282352941174906
-2.6666666666602055
-5.376344086021447
NaN
0.21647624774976526
-14.23008849556902
-4.0074211502766275
-5.813397129188161
-0.4321728691413682
-10.180505415163964
-14.47664104081025
-4.017358958460875
-4.958083832333784
-11.256764882743653
-5.178236397755086
-5.789160214414949
