175.97957881301852
170.04255319148896
176.39097744360922
196.25954198473264
192.97092288242683
184.45383222691655
182.7376425855509
179.65757767913635
174.12333736396462
184.31818181817894
180.34242232086365
174.42622950819833
182.93969849246065
179.54198473282483
173.22815533980707
179.10447761194112
175.9744408945687
176.37279596977245
189.81818181818264
188.46251588310196
180.43636363636125
184.79851208927386
184.13265306122702
176.17021276595744
182.02753441802375
182.74459974586998
181.0220820189291
187.07803992740475
186.97142857143106
184.32911392405396
190.12704174228787
167.99999999999926
173.2173913043478
140.43728423475167
163.4924623115595
265.75014943215893
-87.59847522236197
-82.84153005464367
-72.36641221374094
-58.292220113849226
-54.273556231001464
-46.40801001251617
-33.37142857142942
-33.66120218579175
-32.06833435021406
-31.59806295399534
-16.05095541401272
-21.030150753771238
-19.465370595385878
-14.514355528406497
-0.2278481012666589
-17.059538274603483
-28.76513317191427
-22.004889975550327
-26.88607594936542
-36.19744058500868
-16.935791481249453
-1.5919140871778836
-16.024390243900825
-26.771463119715918
-5.047801147229279
-10.654911838784358
-21.2021857923512
-1.147227533460807
-2.279924002533278
-4.946908182387574
NaN
12.04379562043785
18.186244674374628
0.9195402298883899
5.909090909087683
23.664029214849393
6.424474187387116
9.533417402271601
25.651644336176876
9.853596435389667
11.568998109637743
26.76416819012921
11.978221415608038
NaN
15.037974683540988
15.515302935668622
8.942675159239005
14.23357664233564
-3.3919597989949466
NaN
13.778857837187228
-15.33779671332934
NaN
2.274162981680364
2.1937842778793613
NaN
5.447667087006445
22.4039048200136
