28.356923076921465
176.3535911602198
202.9130966952277
214.2439024390252
220.7650273224034
225.24530587522506
228.9130434782613
245.57961783439575
248.99262899262814
252.02226345083415
257.5555555555588
-87.66954377311919
-85.18746158574027
-86.13496932515335
-89.39449541284483
-80.95063985374765
-86.55737704918073
267.3288915808603
261.18500604594976
198.8108108108114
132.85462036492237
116.82539682539812
102.58064516129211
93.56542617047035
86.32211538461479
80.07194244604342
74.03487672880132
62.84343131373777
52.07411835026686
41.24314442412994
41.63701067615649
40.7623318385629
19.999999999999442
-6.355611601511555
NaN
99.76162097735335
120.79231692676966
134.18967587034618
135.67405632115234
140.65634674922276
152.72727272727053
158.68421052631666
158.20143884892
158.29634073185528
158.32234871180304
158.32234871180304
157.2438585979624
161.8328173374621
173.10259579728185
184.552745219001
195.85951940850202
194.73230769230688
193.33741579914513
185.77197149643857
175.70917759236795
182.65356265356024
182.08663819402233
181.31227217496647
183.6598890942691
183.11111111111435
176.89100655151722
183.44657195799712
183.2202344231972
182.88532675709243
182.54769230768747
176.3571428571413
182.88888888888727
182.43842364532102
181.99017199017518
181.65542611894546
181.3202933985378
181.65339865278625
181.00683654443512
181.11248454882977
180.8899876390638
180.7772979642164
180.66502463054024
180.55180870631514
175.72446555819482
177.091561938954
182.44746600741738
181.7733990147767
181.436464088397
181.3219094247294
181.7625458996312
180.89440993788332
180.77922077921755
180.6683168316856
180.77825818406507
180.66584463625395
