12.383292383293174
7.467968273336618
0.22429906542137673
2.9140722291411234
8.019801980198812
13.488943488944354
-10.975609756097583
NaN
8.44444444444687
12.604422604424128
7.467968273336618
0.22429906542137673
2.9158878504656576
8.237476808906964
13.267813267813327
-10.975609756097583
NaN
8.44444444444687
12.612169637370945
7.682926829268292
0.22429906542137673
2.9158878504656576
8.237476808903006
13.267813267813178
-10.975609756097583
NaN
8.444444444442828
12.612169637370945
7.682926829268292
0.22429906541729677
2.865890998161299
17.672727272728068
34.21213979153886
105.5837563451781
144.60796139927606
145.50368550368455
146.85365853658456
146.9158878504673
147.07045735476044
146.65846153846314
145.8088235294119
145.18608907870765
145.27084601339158
148.16936488169173
146.50124069478923
146.18046971570067
145.41436464088508
144.65853658536506
146.71614100185548
143.7763975155304
143.42186534898119
142.54143646408713
142.02439024390003
142.2439024390228
136.4281269446118
136.61310259579304
136.38376383763637
136.65036674816923
136.996960486319
130.68493150684887
131.5170278637771
132.14065391733615
133.53770692826308
135.21951219511877
130.17456359102422
131.7018633540405
133.58070500927585
135.69060773480862
137.93776693105576
133.5158680771667
134.91609695462736
137.00495049505074
139.22651933701533
141.3658536585318
141.0262828535643
142.61624302542236
143.5555555555604
144.44171779141425
145.4014598540165
155.42262678803203
162.10006176652433
160.54054054053805
158.0487804878049
159.82565379825635
167.34287492221617
164.64771322620592
162.11042944785598
168.24822236586695
179.66563467491935
185.1301115241619
181.2154696132621
176.38025594149994
