11.120533010297558
5.326757090011529
8.186846957590264
13.745454545454866
-0.6662553979008976
-3.522935779813338
-6.146341463413023
NaN
13.082980012113842
-2.4399260628474053
-3.9803439803463903
-8.727272727272748
NaN
10.48543689320234
4.663787785318503
6.404907975459319
10.697392359004688
-3.3312769895126166
-4.861878453036297
-8.529769137301741
-2.663378545007788
-5.937690897981781
-5.095384615383011
-0.8856088560877424
-5.045703839124883
-1.7744916820686285
-2.6519337016550253
-7.21311475409675
-3.1072749691770696
-4.855916615570891
-19.953810623557274
-28.948879954049346
-24.106253458768663
NaN
55.82417582417527
37.50682438580449
-84.46808510638118
262.31578947368496
245.6371109806224
243.17733990147596
249.06077348066114
247.02010968921414
249.64153275648817
256.22618315919
254.1047503045076
257.142857142856
263.36609336609536
260.16990291262044
262.87128712871225
268.84120171673896
269.4451294697924
-87.22564734895394
-82.97560975609997
263.153988868275
268.3958205285834
264.4808743169387
266.15479876161316
-89.17228694052932
-89.61182994455078
-87.44759556103861
-83.73626373626888
262.48608534322216
267.2324723247192
262.9508196721284
264.1486068111455
268.5644171779109
267.1753846153814
269.1671807526259
-87.08613317043012
-87.05009276438295
-84.57564575645995
-83.98541919805797
262.36532507739287
267.6809815950856
266.40442532267974
268.00000000000483
-88.1857055589457
257.81076066790075
263.0258302583033
259.11246200608224
260.19801980198315
265.2515337423281
263.2638036809832
264.8301420630022
268.4596577017079
268.3312731767594
-88.61538461538464
268.9604863221916
268.9424860853404
-87.734806629829
268.57490864798905
