0.43875685557546834
NaN
0.43929225137438493
0.0
-2.6405867970636336
-0.4430769230745
-2.4235006119959053
-1.105651105651134
-2.2058823529411598
-5.033434650458332
-1.7733990147807503
-9.102950030103898
-1.3292307692315717
-8.05320435308505
-1.3292307692315717
-6.553398058252469
-1.1076923076923322
-5.686512758202468
-1.9913952059036433
-5.916007303714366
-3.0920245398764905
-5.7073170731715095
-7.654921020656104
NaN
4.411764705882334
4.6182040317622555
4.849969381508002
3.9657282741722124
9.939975990396922
NaN
14.467093768199678
31.973684210527814
36.021569802278066
53.67654201068299
-56.45406670567445
-63.778693349029766
-68.29865361077128
-62.57037943696713
-63.56836296750356
-65.5923030667488
-66.8064118372352
-70.26506024096307
-83.24068598462509
-85.01845018450086
-88.69879518072213
-88.77626699629133
-85.53808948005002
261.1111111111111
262.13592233009825
262.12083847102303
267.37226277372
266.11590628853367
-89.72577696526406
269.0012330456221
-88.24390243901803
-88.72458410351044
-87.25274725274926
-88.33948339482993
-86.42638973732238
-88.4558823529456
-86.638089406
267.29241877256516
268.50092535471686
264.3037974683505
264.7842170160268
267.9830405814634
254.03940886698956
252.83110571081315
253.44000000000324
258.33231892879314
256.9846153846154
261.93784277879314
260.049140049138
263.51648351647987
259.51456310679566
262.09944751381465
255.7837837837822
256.2561576354682
251.95652173913027
252.39852398524212
249.75136446331206
252.39852398524212
237.22796352583904
239.705159705164
238.02559414990543
238.5303123086371
238.97310513447326
235.4594594594626
241.9963031423295
236.2364294330513
