-11.897184822520671
-14.743276283618172
-17.582417582417577
-19.756097560975604
-3.0193548387101146
-2.663378545003752
-1.1124845488257051
NaN
1.3341568869680758
4.444444444444445
7.768187422934614
11.090573012939052
14.833948339484973
-2.429447852761541
-4.20405654579298
-5.101663585950348
-6.424615384614583
-8.613496932514522
-11.250000000000739
-14.091743119269267
-16.933414783137607
-19.98779743745871
-3.7041800643053193
-0.887792848334584
NaN
1.3341568869680758
2.6683137739361213
5.111111111109494
7.5508945095612585
10.209617755857728
13.078817733989371
15.737704918034307
27.709090909088527
31.871657754010055
40.449438202247194
-73.99384615384537
-75.27675276752751
-73.60098826436172
-88.77626699629434
-87.66378244746556
-86.60482374768372
-86.27547869055235
-86.45320197044356
-86.95759065765412
263.78571428571115
261.91950464396285
263.76237623762535
265.66131025958117
267.49845583693536
269.16718075262287
-89.16820702402754
-87.4538745387452
-85.3038674033159
-84.97854077253197
-86.75229357798082
263.1753554502412
260.8727719729584
261.61764705881916
261.85819070904876
261.5985356924979
261.1807668898384
253.04193738925093
251.470588235293
233.03178484108108
229.74984746797102
225.21951219511877
220.609756097561
215.95615103532182
210.5288753799408
205.7769652650825
202.84488044144746
200.9046454767728
199.1442542787304
196.7032967032932
193.06894447833824
190.43319097010362
188.2266910420476
186.25228519195684
184.6041412911053
183.39622641509268
182.40875912408842
181.64133738601825
170.94193548387605
179.22365988909345
178.55644663787868
178.1122763726127
177.77777777777777
177.4460209747078
177.2273567467612
177.22393584207276
178.33436150523966
178.55999999999676
177.67670559311773
