176.10108303249157
182.8996282527875
180.3415559772298
179.3241551939931
185.73662056524373
179.6652200867956
175.6708860759502
176.95679398872807
183.45323741007275
179.77386934673285
178.29437776373973
178.65336658354033
184.19605499103173
182.28136882129277
181.13065326633165
179.88812927283988
185.2656716417926
181.13924050632912
179.77386934673285
179.77611940298425
184.65028355387358
182.25846925972192
175.87951807228995
177.0810810810803
172.73743016759576
169.97468354430464
184.94999999999754
176.97841726618782
186.19912335629303
183.40909090908886
182.36102435977554
182.70207852194034
179.7911832946628
175.75757575757606
232.75576036866238
186.23655913978612
185.35077288941733
188.72727272727272
174.65130382049765
176.4108761329313
181.46341463414757
185.94594594594594
185.4151624548736
174.27714457108456
184.62695924765137
176.17486338797815
177.05989110707725
177.17732207478852
181.67806090739387
185.90339892665673
174.64922711058267
165.66371681415688
179.66271080574722
184.30622009569376
183.8895558223274
182.496847414881
180.5656819610308
174.78890229191873
181.4507129572258
184.77272727272816
183.05084745762795
176.8573148705623
182.78293135435587
185.46835443037477
178.26086956521897
171.66458072590981
184.89493201483882
182.27560050569312
180.67415730337325
186.60252555622608
174.93109646495225
166.18896639188088
181.35849056603445
180.11200995643895
183.74291115311826
182.26415094339623
176.20253164556965
182.00743494423713
186.26185958254675
178.47642079806766
172.2131661442072
185.33992583436654
187.2727272727249
184.62116468378454
177.83393501804662
174.2079207920824
170.6700379266743
185.4067584480593
178.16216216216532
174.40993788819875
171.47188881870278
186.1836352279865
