-12.690166975880857
-13.170731707317088
-11.74153846153888
-11.763255240444323
-12.222222222222229
-12.007411982704582
-8.444444444442809
NaN
1.5594059405956768
-8.25278810408679
-13.572311495674398
-13.406593406594254
-12.849230769229166
-12.643253234748101
-12.888888888887266
-12.229771463866484
-8.44966028412847
-0.4441702652699746
-5.788497217069505
-10.043397396156138
-9.230769230770875
-9.060773480663784
-9.526153846152226
-10.203327171904618
-10.00617665225451
-6.448424953674305
NaN
1.3358070500935832
-8.029739776952397
-13.555555555556339
-13.626373626375312
-15.232419547076802
-16.753688989785758
NaN
19.12955465587041
-45.02901353965086
-61.62748643761239
-72.66257668711575
-72.88615384615304
-72.79901356350393
-84.77132262052032
265.1576994434133
265.58823529411865
247.84029038112595
239.84915147706064
254.3306096794496
248.51897184822818
242.435424354243
235.48705302096153
229.3943139678634
233.33333333333334
233.0966952264411
228.02177858439208
227.75969962453252
232.3964868255957
234.0659340659351
219.8034398034391
208.72458410350973
214.44444444444446
221.60692212607935
223.42541436463569
221.84258694326104
216.87272727273046
210.92896174863296
205.4945054945064
203.8820638820664
206.60098522167465
195.5229357798149
182.7190332326284
189.79362101312984
198.2706766917262
205.8432601880894
212.29611041405076
212.08791208791303
208.61878453038472
209.48275862068778
213.99999999999838
205.5876923076907
198.56009762050175
188.1570996978852
182.48431618569722
192.19573400251258
195.16483516483444
192.92817679557677
191.30541871921278
190.99321406538917
193.7438423645298
200.31726662599127
188.80966767371444
182.03262233375077
181.8067754077775
186.81318681318766
