173.30935251798581
181.36882129277546
187.4543239951281
191.82640144665424
176.2637362637367
174.37499999999724
175.37897310513168
172.86914765906513
181.13924050632912
187.23507917174413
191.7108433734932
176.26373626373865
174.27027027027106
175.37897310513569
173.18099819603015
181.82048040455163
187.5593426658547
192.02889825406234
176.37583892617533
174.27027027026713
175.37897310513364
172.97297297297297
181.1378002528445
187.00729927007262
191.37868753762987
175.609756097561
173.72596153846035
174.7188264058668
171.8083832335345
179.20303605313217
187.0439494280534
198.24253075571303
244.64088397790272
-12.040133779264124
-27.96939376103751
-12.99877600979113
-7.274954072258083
-12.383826191914636
-6.8048780487812905
-12.563176895309141
-5.941320293396188
-10.62650602409559
-3.298717165546691
-22.661870503597243
-22.829268292682116
-26.897788404064386
-14.36352121595786
-9.866017052375128
-13.268882175227361
-7.687614399023801
-12.578313253014414
-9.225137278830175
-15.277943813505601
-2.5079164027915226
-0.43822276323959386
-3.478260869562064
NaN
1.0836845273931461
NaN
2.1518230723251737
NaN
15.77601947656857
2.17391304347828
NaN
3.6845273931303892
NaN
4.518828451887562
NaN
17.74802191113505
3.9130434782592363
1.3178767541151861
4.987951807227338
0.6589383770575784
5.382775119617201
NaN
18.624467437614204
4.567975830812545
1.9756097560927695
5.421686746987952
0.8791208791160857
6.028708133969699
NaN
18.843578819230004
5.003021148034671
2.196461256863922
5.8518964479166815
1.0989010989011039
6.028708133969699
NaN
19.074299634593473
5.217391304343127
2.4161073825551087
