204.7970479704804
206.91176470588184
202.70566727605106
200.94059405940507
202.3195558297342
205.58769230769474
209.4865525672383
185.35077288941733
179.00430239705017
180.8944099378874
188.01980198019677
189.67263743051146
186.8550368550356
186.9316770186303
189.9195046439604
195.87908698334294
196.82656826568544
193.88004895960876
193.86335403726872
197.03153988868186
201.76795580110382
203.7861094038106
186.952789699568
188.50746268656556
193.36633663366132
200.32078963602427
183.8864898210981
185.69832402234675
188.81587104773666
194.88888888888647
197.43368291178382
178.18612922347285
171.8879415347122
188.71488344291538
181.82251340083266
174.96581727781432
175.8812615955465
179.2207792207784
181.00061766522504
179.11439114391024
178.11692307692226
180.3347799132044
186.45241038318835
188.88888888888889
188.3179297597062
186.61764705882558
187.27159726538216
191.91094619665935
199.1111111111119
182.8888888888913
184.57532548047155
187.8163771712139
193.8974675725777
196.76742751388068
180.99569760295182
182.79676817899113
187.6904024767818
194.46229913473834
178.5546633724489
179.33333333333496
182.2360248447205
189.00555898703158
191.1248454882569
176.23616236162198
178.21118012422522
183.56877323419747
187.4582560296815
186.43649815043074
184.41176470588636
185.25792417650385
190.57513914656792
194.78690549722361
178.89025893957674
180.89440993788332
185.13011152416607
192.35621521336046
176.77179962894493
176.36252296387096
177.5403726708107
183.67346938775427
185.78491965389452
183.9901477832496
184.00990099009744
186.8156424581029
192.88888888888727
195.99999999999352
180.33189920098664
182.3492852703526
187.02167182662862
194.34218653489958
178.22002472187643
178.12385039853172
179.88826815642216
