6.490384615384629
4.14043583535226
5.8354114713204845
2.3913043478268725
4.7739602169958335
9.60284528749255
NaN
10.017761989340501
NaN
9.614243323442137
1.093560145808017
6.682634730539706
NaN
7.1137724550882515
3.4930260764107475
-18.205900060203874
-1.1299435028248581
-4.537815126051214
-4.984948826010793
NaN
13.73063170440929
-5.8500000000008185
-10.419373892497788
NaN
8.530805687203829
NaN
6.244019138755238
NaN
6.889952153107743
2.621359223302543
5.173652694609994
29.243697478991596
5.255474452553959
82.69736842105208
139.704666272889
130.69377990430473
129.3203883495153
130.5755395683459
127.62250453720644
127.30120481927868
129.1211401425198
128.0703959773706
136.66269368295656
139.16515426497259
125.34939759036381
129.53171310017882
128.60377358490402
136.97041420118188
135.95984943538053
143.27402135231364
142.60024301336304
130.79136690647226
134.97287522604165
133.37349397590216
135.10688836104066
135.96469104665968
152.29036295368954
158.8235294117661
155.96439169139467
165.30150753769263
168.80994671403207
169.73300970873225
168.91811117752613
174.47021943573503
187.0017953321365
172.56379100850637
180.21660649819574
162.45717660956487
171.38539042820906
183.7148217635973
191.7837837837775
174.2280285035652
180.67839195980147
182.98578199052056
181.30909090909566
187.6572798082668
172.24043715846759
180.2166064981918
172.41032095657982
185.19230769230293
169.79493365500045
181.91369606003838
186.0504201680695
193.36244541484479
183.01435406698485
184.80000000000157
169.72651605231638
176.49277184161068
179.35866983373077
177.59999999999525
184.1105769230762
