181.54601226993825
185.33333333333252
191.16022099447557
176.4835164835167
173.00121506682805
177.2448979591841
185.6561922365973
189.6369230769239
194.5588235294125
189.4390243902423
172.68647665251785
170.52631578947327
178.84467265725078
189.48529411764753
193.55786895284862
176.92682926828948
172.9047907822903
168.8185140073093
176.2982005141401
187.61496014714857
192.0294297976697
173.6263736263744
171.0436893203896
175.8620689655189
184.87684729064196
189.29889298893158
195.00000000000233
177.47714808043756
173.01818181818024
170.06134969325154
175.79810725551968
197.60869565217268
203.94942805538696
193.11123658949705
181.20133481646164
-75.08137432188158
-54.990723562150094
-50.48377219840671
-55.401459854013126
-63.55501813784542
-54.67772814295057
-54.85924112607029
-53.99999999999841
-52.62899262899123
-50.70422535211236
-49.8292682926845
-57.38181818182056
-65.55353901996477
-53.61702127659646
-52.27941176470728
-50.98712446351658
-48.41075794621014
-67.54098360655627
-73.3051359516632
-62.38767650834359
-58.30049261083661
-55.06142506142049
-52.5916870415673
-59.489671931958355
-68.04347826087502
-55.50967741935824
-53.82352941176083
-52.785276073614796
-50.20183486238369
-68.93617021276594
-59.04275686024391
-56.374845869300145
-54.49846153845829
-51.901840490797554
-53.12195121951379
-61.12795633717349
-66.39074863055254
-54.4401544401552
-52.49999999999818
-51.14513165951615
-49.23076923077156
-55.703883495145874
-63.84987893463074
-51.76015473887696
-50.70422535211293
-49.914110429444634
-47.530562347192415
-66.48845686513135
-56.28589661774066
-53.9001848428822
-52.69372693726825
-50.324954015938886
-49.39024390243901
-53.705275924800446
-58.0219780219802
-45.80976863753085
-44.58614347025764
