15060.8
15396.4
15712.0
16033.4
16370.8
16687.2
17019.2
17341.6
17659.8
17991.6
18326.2
18642.0
18963.4
19283.0
19614.0
19945.2
20279.6
20595.2
20916.4
21253.8
21570.2
21902.8
22236.6
22552.4
22873.0
23209.4
23526.0
23847.8
24184.6
24501.4
24833.4
25180.2
25526.2
25914.4
26248.2
26579.6
26898.4
27218.8
27537.6
27862.2
28178.4
28500.2
28835.8
29151.6
29473.2
29809.6
30140.2
30470.6
30792.0
31111.4
31441.8
31773.0
32108.6
32424.0
32745.6
33083.4
33399.6
33731.8
34054.2
34372.4
34704.2
35038.6
35354.4
35675.8
35995.2
36326.2
36657.4
36992.0
37307.4
37628.8
37966.0
38282.6
38614.4
38938.2
39255.8
39588.2
39922.2
40238.4
40559.8
40880.8
41212.0
41542.8
41876.6
42192.4
42513.6
42850.0
43167.2
43499.2
43832.4
44148.2
44469.0
44805.0
