15075.6
15395.6
15720.2
16040.2
16364.8
16684.8
17009.4
17329.4
17654.0
17974.0
18298.4
18618.4
18942.8
19262.8
19587.2
19907.2
20231.6
20551.6
20876.0
21196.2
21520.4
21840.6
22164.8
22485.0
22809.2
23129.4
23453.6
23773.8
24098.0
24418.2
24742.4
25064.4
25397.8
25722.0
26044.2
26481.0
26827.2
27166.4
27500.6
27835.4
28172.6
28513.4
28834.6
29182.0
29508.0
29829.0
30153.4
30474.6
30798.8
31120.2
31444.2
31766.0
32089.8
32441.0
32761.4
33086.6
33407.0
33731.8
34052.2
34377.0
34697.4
35021.8
35342.4
35666.8
35987.2
36311.4
36632.0
36956.2
37276.6
37600.8
37921.4
38245.4
38566.6
38890.4
39212.2
39536.0
39858.0
40182.0
40504.2
40827.8
41150.2
41473.8
41796.2
42119.6
42442.2
42765.2
43088.2
43411.0
43735.4
44057.6
44385.2
44706.4
