15254.2
15572.2
15894.4
16212.6
16534.6
16853.0
17173.6
17492.4
17810.6
18130.0
18447.6
18767.8
19085.2
19406.0
19723.6
20045.2
20362.8
20685.0
21002.8
21325.2
21643.2
21965.8
22284.0
22607.0
22925.2
23248.2
23566.6
23890.0
24208.4
24531.4
24849.8
25186.6
25545.4
25901.0
26242.6
26576.2
26906.0
27228.8
27547.6
27870.0
28188.6
28510.6
28828.4
29149.2
29467.0
29787.8
30105.2
30426.0
30743.4
31064.8
31382.2
31704.0
32021.6
32343.6
32661.2
32982.8
33300.6
33619.6
33938.2
34255.4
34575.0
34892.2
35212.6
35529.8
35850.8
36168.2
36489.8
36807.2
37129.0
37446.6
37768.6
38086.2
38408.4
38726.2
39047.8
39366.0
39685.4
40004.2
40321.8
40641.4
40958.8
41279.2
41596.6
41917.6
42235.4
42557.0
42874.8
43196.8
43514.8
43837.0
44155.0
44477.4
44795.4
