15016.0
15328.8
15660.4
15972.6
16303.4
16628.4
16956.0
17281.0
17607.0
17937.2
18262.0
18589.8
18915.0
19241.2
19571.4
19896.6
20224.4
20550.0
20876.4
21206.8
21532.2
21860.2
22186.6
22513.2
22844.0
23172.4
23599.8
23944.0
24284.0
24623.6
24964.2
25290.8
25630.8
25954.4
26284.6
26692.6
27039.6
27375.8
27700.8
28030.6
28355.8
28694.4
29033.4
29373.2
29696.6
30022.0
30351.2
30675.2
31002.6
31326.4
31652.4
31977.4
32302.4
32631.2
32955.0
33281.8
33605.8
33931.4
34261.0
34584.8
34912.4
35236.2
35562.2
35889.6
36214.0
36542.4
36866.2
37192.6
37517.2
37842.4
38171.8
38495.8
38823.0
39147.0
39473.0
39802.6
40126.8
40454.4
40778.6
41104.6
41433.6
41758.0
42086.0
42410.2
42736.6
43062.2
43387.4
43716.4
44040.4
44367.0
44691.4
