15024.6
15351.0
15676.4
16001.2
16325.4
16649.6
16979.0
17305.8
17631.4
17956.4
18280.8
18605.2
18934.8
19261.4
19587.2
19912.4
20237.0
20562.0
20891.4
21218.2
21544.0
21869.2
22193.8
22520.6
22849.2
23176.0
23501.8
23827.2
24152.0
24482.6
24810.8
25151.4
25514.4
25851.2
26194.2
26606.6
26939.4
27264.8
27590.2
27920.0
28256.0
28592.2
28929.8
29265.2
29605.8
29931.0
30267.4
30606.2
30933.2
31258.6
31583.6
31908.0
32232.2
32556.6
32885.6
33211.4
33536.8
33861.4
34185.8
34510.2
34839.4
35165.6
35491.2
35816.2
36140.6
36465.2
36794.8
37121.0
37446.8
37771.8
38096.4
38421.8
38751.0
39077.4
39403.2
39728.4
40053.2
40380.2
40708.8
41035.0
41360.8
41686.0
42010.8
42341.0
42668.2
42994.2
43319.4
43644.2
43969.0
44298.8
44625.2
44950.6
