15300.8
15631.6
15965.6
16303.0
16621.0
16954.0
17290.6
17627.0
17945.8
18281.0
18619.0
18949.2
19280.4
19614.6
19952.2
20269.8
20603.6
20940.4
21273.0
21603.0
21936.4
22273.2
22591.0
22923.8
23259.8
23597.4
23915.6
24250.4
24588.2
24918.4
25254.6
25597.4
26134.8
26489.2
26830.6
27168.0
27500.2
27833.0
28167.2
28504.0
28842.8
29176.6
29508.4
29841.4
30176.8
30515.2
30845.2
31176.8
31511.6
31849.6
32167.0
32501.2
32838.4
33169.0
33499.8
33833.8
34171.0
34488.4
34822.2
35158.4
35494.6
35812.6
36148.0
36486.0
36816.2
37147.4
37482.0
37819.6
38137.0
38470.8
38807.6
39139.8
39470.0
39803.4
40140.2
40458.2
40791.6
41127.4
41464.8
41782.2
42117.2
42455.0
42785.2
43116.4
43450.6
43788.2
44105.6
44439.4
44776.0
