15059.4
15389.8
15720.0
16050.2
16380.0
16710.0
17039.6
17369.4
17699.0
18028.4
18357.8
18687.2
19016.6
19345.8
19674.8
20003.6
20332.6
20661.4
20990.4
21319.4
21648.4
21977.6
22306.8
22636.0
22965.2
23294.4
23623.8
23953.2
24282.6
24612.6
24943.4
25299.2
25625.4
25957.8
26297.2
26610.2
26939.2
27267.6
27596.2
27925.0
28254.2
28582.6
28911.2
29226.6
29555.4
29882.8
30210.8
30539.0
30867.2
31195.4
31523.0
31851.2
32179.4
32507.8
32836.2
33164.6
33493.2
33821.8
34150.4
34479.4
34808.6
35137.2
35464.8
35793.2
36121.6
36450.2
36779.0
37107.8
37437.0
37766.6
38099.0
38434.2
38768.2
39101.2
39433.8
39754.0
40087.0
40418.8
40750.0
41069.4
41401.6
41733.0
42063.8
42394.2
42724.6
43055.4
43373.2
43704.4
44034.8
44364.8
44694.8
