15208.2
15537.2
15856.4
16170.8
16487.2
16818.6
17134.2
17449.6
17780.4
18097.2
18412.6
18742.0
19060.4
19374.8
19704.4
20026.0
20339.0
20656.6
20975.6
21290.4
21620.4
21943.0
22256.6
22585.6
22905.2
23220.0
23537.0
23867.6
24182.6
24498.6
24829.2
25180.2
25525.2
25872.8
26191.2
26525.8
26840.6
27170.0
27484.4
27800.6
28129.6
28449.2
28764.2
29093.6
29421.4
29751.8
30065.8
30384.2
30713.4
31040.8
31356.8
31686.0
32016.4
32343.6
32659.6
32987.8
33302.4
33619.0
33947.0
34277.8
34591.6
34909.2
35238.6
35552.4
35868.2
36188.4
36503.2
36832.0
37160.6
37473.8
37790.6
38119.2
38433.0
38750.2
39078.6
39392.8
39710.2
40038.4
40369.0
40683.0
40999.0
41319.2
41633.2
41962.0
42280.4
42595.2
42924.4
43253.0
43566.8
43883.4
44211.6
44525.8
44843.0
