15228.8
15554.4
15884.4
16209.8
16536.8
16868.6
17193.4
17521.8
17848.4
18174.4
18504.6
18829.4
19156.6
19488.2
19801.0
20132.8
20458.0
20785.8
21117.4
21442.4
21771.4
22096.6
22422.8
22753.8
23066.6
23397.4
23723.2
24050.6
24382.4
24707.2
25044.4
25390.6
25741.0
26231.0
26591.8
26928.6
27258.2
27583.6
27910.8
28242.2
28567.6
28894.2
29224.2
29549.4
29876.2
30207.0
30532.2
30859.6
31190.4
31515.2
31844.2
32169.6
32496.2
32827.6
33152.0
33480.0
33805.8
34131.8
34462.2
34787.0
35114.4
35445.4
35770.2
36098.8
36424.2
36750.8
37081.8
37406.4
37734.0
38061.2
38386.8
38716.6
39041.8
39369.0
39700.6
40025.4
40353.8
40679.6
41005.8
41336.6
41661.4
41989.0
42320.4
42645.4
42974.2
43300.0
43626.8
43957.8
44282.8
44610.6
44941.8
