15175.0
15503.0
15831.4
16152.4
16465.2
16782.2
17105.4
17437.6
17751.0
18077.6
18396.2
18727.2
19040.2
19357.8
19685.4
20006.8
20338.2
20649.8
20968.0
21296.6
21619.6
21932.8
22259.8
22577.4
22901.8
23214.6
23536.8
23863.8
24193.4
24508.4
24823.8
25160.2
25495.4
25814.4
26236.8
26555.2
26864.8
27320.6
27668.2
28001.8
28333.0
28659.8
28985.4
29311.6
29638.0
29966.0
30293.6
30623.0
30956.0
31272.0
31598.6
31924.4
32244.2
32569.6
32901.8
33228.8
33547.4
33877.2
34207.0
34537.0
34849.4
35167.4
35495.4
35824.2
36138.8
36455.0
36782.8
37102.2
37418.4
37744.8
38061.4
38384.2
38715.6
39029.0
39356.0
39674.8
40005.0
40318.2
40635.6
40963.4
41284.6
41616.2
41927.6
42245.8
42574.2
42897.0
43210.2
43537.4
43854.8
44179.2
44492.2
44814.4
