15138.0
15465.0
15790.6
16122.6
16449.2
16774.8
17107.2
17433.6
17759.4
18091.6
18408.6
18735.8
19061.4
19393.6
19719.6
20045.2
20377.6
20694.2
21021.2
21347.0
21678.8
22005.4
22331.0
22663.4
22989.6
23315.4
23647.8
23964.6
24291.8
24617.6
24949.6
25284.6
25643.0
25997.6
26320.4
26652.4
27076.8
27430.2
27769.2
28111.6
28451.8
28783.6
29128.2
29455.8
29781.8
30114.0
30441.0
30766.8
31098.6
31426.2
31752.0
32080.6
32409.6
32735.6
33061.0
33392.2
33718.6
34044.0
34376.0
34703.0
35028.8
35361.0
35688.6
36014.4
36346.4
36674.6
37000.8
37332.6
37661.4
37988.0
38319.6
38648.8
38975.6
39307.8
39637.0
39964.2
40297.2
40626.4
40953.6
41287.4
41616.4
41943.6
42277.4
42606.0
42933.0
43266.2
43594.2
43920.8
44253.6
44581.2
44907.4
