15224.4
15553.2
15880.0
16209.0
16536.2
16865.2
17192.8
17521.4
17847.4
18175.6
18502.6
18831.0
19158.0
19486.8
19814.6
20143.4
20470.8
20798.4
21125.0
21453.0
21780.2
22108.2
22435.4
22763.8
23091.8
23420.6
23748.2
24075.2
24402.0
24729.8
25059.0
25389.0
25718.8
26088.2
26422.8
26751.0
27080.4
27409.8
27736.4
28064.8
28392.4
28721.6
29049.2
29379.6
29694.2
30023.0
30350.8
30679.4
31007.0
31336.0
31663.4
31992.8
32320.0
32650.2
32977.6
33309.4
33623.2
33952.8
34280.4
34609.4
34936.8
35266.4
35593.6
35923.8
36251.0
36583.0
36896.8
37226.4
37554.0
37883.2
38210.6
38540.2
38867.4
39197.6
39524.8
39856.8
40183.8
40518.4
40831.6
41163.2
41490.6
41824.6
42138.0
42469.0
42796.6
43127.6
43454.8
43789.0
44102.6
44433.8
44761.6
