15150.4
15485.8
15805.4
16125.2
16456.6
16786.4
17122.0
17441.6
17761.0
18092.2
18409.8
18743.8
19067.0
19388.0
19719.8
20050.0
20386.8
20707.8
21027.8
21347.0
21678.2
22009.8
22332.0
22654.8
22986.8
23317.4
23635.6
23955.2
24291.4
24622.4
24941.2
25276.0
25631.4
26041.6
26411.8
26756.0
27087.2
27418.8
27750.2
28068.4
28403.8
28734.8
29066.0
29401.6
29733.0
30064.0
30400.4
30722.0
31043.2
31375.4
31705.6
32042.2
32363.2
32684.2
33016.4
33346.4
33682.2
34002.6
34323.6
34655.4
34985.2
35320.4
35640.6
35973.2
36305.2
36642.4
36963.6
37295.8
37626.6
37964.0
38284.8
38605.6
38938.0
39268.4
39604.6
39925.0
40245.6
40577.4
40908.0
41243.4
41563.2
41883.8
42215.6
42546.0
42881.2
43201.0
43521.4
43853.2
44183.6
44518.4
44838.4
