15308.6
15629.8
15951.8
16272.2
16591.4
16910.0
17228.0
17545.8
17863.2
18180.2
18497.2
18814.0
19130.4
19447.0
19763.6
20080.6
20398.8
20718.0
21040.0
21362.2
21682.8
22002.2
22321.2
22639.4
22957.2
23274.6
23591.8
23908.8
24225.6
24542.4
24859.2
25211.6
25530.8
25871.2
26188.8
26614.2
26935.4
27269.8
27603.2
27923.0
28253.8
28583.2
28913.8
29233.4
29559.4
29889.8
30218.2
30545.6
30861.4
31178.8
31497.0
31815.8
32135.6
32458.0
32778.0
33097.2
33416.2
33734.6
34052.4
34370.0
34687.4
35004.8
35322.2
35639.2
35956.2
36273.6
36591.6
36910.6
37230.6
37553.6
37874.2
38193.8
38512.8
38831.6
39150.0
39468.0
39786.0
40103.6
40421.2
40738.6
41056.4
41375.2
41694.8
42016.0
42338.4
42658.6
42977.6
43296.0
43614.0
43931.6
44248.8
44565.8
44882.6
