15249.0
15572.4
15896.2
16219.8
16543.4
16867.0
17190.6
17514.0
17837.6
18161.0
18484.4
18808.2
19131.4
19455.0
19778.6
20102.2
20426.2
20870.2
21213.6
21549.4
21882.6
22215.0
22535.2
22856.0
23177.0
23498.4
23819.8
24141.4
24463.2
24785.2
25117.8
25443.8
25767.6
26124.8
26441.4
26764.6
27087.2
27410.2
27733.6
28057.0
28380.6
28704.0
29027.4
29350.4
29673.4
29996.4
30319.4
30642.4
30965.6
31288.8
31612.0
31935.2
32258.4
32581.8
32905.4
33230.6
33656.4
33991.0
34331.8
34668.0
34992.0
35316.0
35640.0
35963.4
36286.6
36609.8
36933.2
37256.6
37580.0
37903.4
38227.2
38550.8
38874.4
39198.0
39521.8
39845.6
40169.4
40493.4
40817.2
41141.0
41464.8
41788.6
42112.2
42436.0
42759.6
43083.0
43406.6
43729.8
44053.2
44376.4
44699.6
