15160.6
15479.4
15809.2
16138.8
16470.6
16799.4
17133.2
17453.0
17783.2
18112.6
18445.2
18774.4
19107.4
19438.4
19767.6
20102.6
20421.0
20750.6
21084.2
21414.8
21743.6
22078.6
22397.0
22727.0
23061.6
23392.4
23721.6
24056.0
24374.2
24703.8
25057.4
25389.0
25745.8
26084.2
26474.4
26810.2
27139.4
27468.4
27801.0
28130.2
28465.0
28794.6
29125.4
29457.0
29786.6
30121.6
30452.2
30782.0
31115.8
31446.0
31780.8
32101.6
32432.4
32763.6
33096.0
33425.8
33761.4
34092.2
34421.6
34755.8
35085.4
35414.8
35747.6
36077.0
36410.6
36730.6
37049.0
37378.6
37713.6
38043.4
38372.0
38705.8
39035.0
39363.6
39696.6
40025.6
40354.6
40687.0
41016.2
41348.2
41668.4
41987.2
42317.0
42651.8
42981.4
43310.4
43645.0
43975.0
44304.4
44637.6
44967.2
