15114.8
15449.8
15774.2
16098.2
16417.4
16750.6
17083.8
17405.6
17730.8
18068.0
18387.2
18707.6
19030.0
19364.8
19700.0
20025.0
20344.6
20677.0
21009.8
21330.6
21654.2
21990.0
22315.0
22634.0
22955.2
23289.0
23611.8
23937.8
24257.0
24590.0
24910.2
25251.8
25591.2
25935.4
26255.4
26588.0
26912.4
27231.2
27552.2
27875.2
28200.2
28519.0
28838.6
29159.4
29482.2
29808.0
30128.0
30449.4
30782.8
31116.4
31439.2
31765.0
32084.6
32417.6
32737.8
33061.6
33397.0
33721.8
34040.6
34361.4
34684.2
35019.4
35344.2
35662.8
35984.0
36317.6
36639.4
36965.4
37284.6
37605.2
37938.8
38261.0
38586.6
38906.0
39238.8
39559.0
39882.4
40217.8
40542.4
40861.2
41181.8
41504.6
41839.8
42164.8
42483.2
42804.4
43138.0
43460.0
43785.8
44104.8
44425.4
44759.0
