15244.0
15572.2
15896.8
16224.6
16549.4
16876.6
17201.6
17528.4
17854.0
18180.4
18509.4
18834.2
19166.4
19491.4
19822.2
20147.2
20476.8
20801.8
21131.0
21456.4
21785.0
22111.0
22439.0
22768.2
23083.0
23409.4
23736.8
24063.4
24390.2
24723.4
25053.4
25396.8
25761.6
26095.4
26507.2
26849.0
27188.8
27515.6
27842.4
28168.6
28501.2
28825.6
29157.6
29495.8
29821.0
30153.0
30476.6
30807.4
31131.4
31461.0
31785.4
32114.2
32438.6
32766.8
33091.2
33419.2
33743.8
34071.4
34396.6
34724.0
35050.4
35377.0
35709.4
36033.6
36365.4
36689.8
37020.0
37344.8
37674.0
37999.0
38327.6
38652.6
38980.8
39306.4
39634.0
39963.6
40289.4
40622.4
40947.2
41278.4
41603.6
41933.4
42258.6
42587.6
42913.2
43241.4
43568.0
43895.2
44228.2
44552.8
44884.4
