15220.0
15537.8
15870.6
16200.2
16533.8
16863.6
17181.6
17514.8
17844.0
18179.4
18497.2
18827.6
19161.0
19478.6
19809.6
20141.8
20470.4
20787.0
21119.2
21436.6
21767.4
22086.8
22404.4
22735.0
23066.8
23383.2
23713.6
24034.4
24352.0
24681.0
25022.4
25341.4
25679.0
26116.8
26424.8
26863.2
27195.8
27527.6
27861.2
28189.8
28523.4
28851.4
29185.0
29513.2
29841.8
30172.4
30501.6
30834.6
31162.2
31490.6
31821.8
32150.6
32484.8
32802.4
33132.6
33466.0
33783.8
34114.6
34446.4
34775.2
35090.8
35412.2
35729.2
36046.4
36381.4
36698.6
37016.0
37333.4
37666.2
37982.8
38300.0
38634.6
38951.2
39268.6
39601.0
39919.2
40236.2
40565.2
40886.0
41202.6
41519.2
41836.2
42168.8
42485.4
42802.2
43136.8
43453.8
43770.4
44086.8
44419.4
44736.6
