15124.8
15452.2
15787.2
16104.8
16434.0
16768.6
17086.6
17416.2
17750.8
18079.4
18407.6
18740.8
19068.2
19395.4
19727.2
20054.4
20382.0
20712.6
21039.6
21373.2
21691.2
22020.2
22349.0
22679.0
23006.4
23341.2
23658.8
23988.0
24322.4
24640.6
24970.6
25324.0
25698.8
26122.4
26501.6
26848.4
27182.2
27509.8
27837.0
28170.0
28497.2
28832.0
29149.4
29477.4
29811.8
30139.4
30467.4
30799.4
31127.0
31456.0
31786.6
32114.4
32449.6
32779.0
33107.8
33441.4
33769.6
34098.2
34430.0
34758.0
35093.6
35423.2
35751.8
36085.2
36412.8
36740.4
37072.0
37399.2
37730.4
38059.6
38387.0
38721.6
39038.8
39367.8
39702.2
40020.0
40350.6
40685.4
41012.8
41340.4
41673.4
42000.4
42327.6
42659.2
42986.2
43313.8
43644.2
43971.6
44301.4
44630.6
44958.6
