15049.6
15377.2
15704.8
16033.0
16361.6
16688.4
17014.0
17339.8
17665.8
17996.2
18323.4
18650.2
18976.8
19304.0
19630.0
19955.8
20281.0
20606.2
20931.8
21262.0
21589.0
21915.6
22241.8
22568.2
22895.2
23221.0
23546.4
23871.8
24197.4
24527.6
24854.8
25195.2
25553.0
25881.4
26263.4
26583.8
26915.2
27242.8
27570.2
27896.8
28223.2
28550.2
28880.0
29212.2
29540.8
29868.4
30195.2
30521.6
30847.6
31175.2
31504.8
31837.0
32166.4
32494.6
32822.0
33148.8
33475.2
33802.8
34133.0
34450.4
34768.6
35102.8
35423.4
35744.0
36073.0
36400.4
36727.0
37053.0
37378.6
37705.0
38033.8
38366.6
38687.2
39007.8
39338.0
39666.0
39993.0
40319.0
40644.4
40971.0
41299.8
41632.8
41953.2
42273.8
42594.4
42923.6
43251.0
43577.6
43903.6
44229.2
44555.6
44884.4
