15259.2
15576.6
15894.0
16211.4
16528.8
16846.2
17163.4
17480.8
17798.2
18115.6
18433.0
18750.4
19067.8
19385.2
19702.6
20020.0
20337.4
20654.8
20972.2
21289.6
21607.0
21924.4
22241.8
22559.2
22876.4
23193.8
23511.2
23828.6
24146.0
24463.4
24781.0
25140.8
25460.4
25793.8
26140.6
26468.8
26791.6
27108.2
27425.0
27742.0
28058.8
28376.2
28694.4
29024.4
29357.4
29676.2
29996.2
30315.8
30635.2
30954.2
31273.2
31591.8
31910.4
32229.0
32547.4
32865.8
33184.2
33502.4
33820.8
34139.4
34457.8
34776.6
35107.2
35425.0
35743.0
36061.4
36391.4
36708.2
37025.2
37342.4
37659.8
37977.6
38295.4
38614.0
38934.4
39255.2
39575.2
39894.8
40213.8
40532.8
40851.6
41170.0
41488.4
41806.6
42124.8
42442.8
42760.8
43078.6
43396.6
43714.4
44032.2
44349.8
44667.6
44985.2
