15226.4
15564.8
15905.0
16242.2
16569.2
16908.2
17246.4
17586.0
17923.2
18262.0
18603.0
18928.0
19256.6
19594.2
19932.6
20262.6
20587.4
20928.6
21265.8
21604.2
21933.2
22258.2
22589.8
22915.0
23255.6
23593.0
23919.4
24262.6
24587.0
24928.6
25255.2
25615.2
25959.2
26411.0
26760.6
27098.6
27443.4
27778.8
28118.0
28462.6
28786.0
29126.8
29468.6
29804.2
30144.0
30484.2
30821.4
31163.4
31505.4
31831.6
32166.0
32490.8
32834.2
33174.2
33512.8
33856.2
34198.2
34524.8
34871.4
35196.4
35538.4
35883.8
36208.2
36542.4
36867.6
37209.2
37551.6
37876.8
38211.8
38536.8
38878.8
39220.2
39545.8
39877.0
40203.4
40546.8
40885.8
41212.6
41541.4
41869.0
42214.6
42539.0
42871.2
43211.0
43538.0
43885.6
44210.2
44543.2
44868.2
