15044.8
15373.8
15702.0
16029.8
16357.4
16684.6
17011.6
17338.4
17665.2
17992.8
18324.6
18654.6
18983.8
19312.4
19640.6
19968.2
20295.6
20622.8
20949.8
21276.6
21604.6
21936.6
22267.0
22596.4
22925.2
23253.6
23581.6
23909.2
24236.6
24563.8
24891.6
25240.2
25576.4
25918.8
26268.6
26596.8
26927.8
27257.6
27586.8
27915.0
28242.6
28569.8
28896.4
29223.2
29550.2
29881.6
30211.6
30540.6
30868.8
31196.6
31524.0
31851.2
32178.2
32505.0
32831.6
33158.2
33485.2
33815.4
34145.8
34474.8
34803.2
35131.0
35458.4
35785.6
36112.4
36439.2
36765.6
37092.2
37419.0
37748.4
38079.0
38408.2
38736.4
39064.4
39391.8
39719.0
40045.8
40372.6
40699.0
41025.6
41352.2
41680.6
42011.6
42340.8
42669.4
42997.2
43324.8
43652.0
43979.0
44305.8
44632.4
44958.8
