15163.4
15492.8
15820.0
16148.2
16475.4
16802.8
17133.4
17460.6
17791.6
18118.6
18447.6
18775.0
19102.8
19430.0
19757.6
20089.2
20416.0
20745.8
21073.2
21401.4
21728.8
22056.4
22385.2
22712.2
23043.2
23370.0
23699.4
24027.0
24355.0
24682.2
25012.0
25353.2
25691.6
26037.8
26367.8
26793.4
27124.8
27454.4
27785.0
28113.6
28443.0
28770.2
29098.8
29425.8
29754.2
30081.2
30409.4
30741.2
31067.8
31397.8
31725.2
32054.0
32381.6
32710.6
33042.8
33371.2
33700.4
34027.8
34356.6
34684.0
35013.2
35345.8
35674.2
36003.8
36331.4
36660.6
36988.2
37318.4
37649.8
37976.8
38306.0
38633.0
38960.8
39287.6
39615.4
39942.4
40270.4
40602.0
40929.8
41259.0
41586.4
41914.2
42240.8
42568.6
42896.6
43224.4
43555.6
43884.0
44212.6
44539.8
44868.2
