15268.8
15592.2
15914.6
16246.8
16567.0
16898.8
17237.0
17559.4
17892.0
18211.6
18543.8
18882.0
19205.0
19527.0
19860.2
20191.2
20528.6
20851.2
21183.6
21514.8
21833.0
22171.8
22494.8
22817.0
23149.2
23480.0
23798.6
24137.0
24460.0
24781.8
25119.4
25479.6
25813.2
26149.2
26480.0
26802.2
27126.0
27449.6
27772.4
28094.6
28426.8
28746.4
29085.8
29418.6
29739.4
30072.0
30409.8
30742.2
31073.8
31411.8
31737.0
32060.8
32394.2
32726.2
33065.4
33398.6
33730.8
34063.6
34391.4
34716.4
35049.6
35381.8
35721.2
36046.4
36380.2
36712.6
37052.0
37376.6
37710.2
38042.6
38381.4
38704.8
39037.8
39369.8
39708.8
40032.8
40355.2
40687.8
41019.6
41358.4
41681.6
42003.8
42336.0
42667.8
42987.4
43325.4
43658.0
43989.6
44308.6
44647.8
44971.4
