15072.4
15397.0
15719.0
16045.2
16367.2
16694.2
17015.0
17341.8
17663.8
17991.4
18303.4
18627.6
18952.8
19274.8
19601.4
19923.4
20250.6
20571.4
20898.2
21220.2
21548.0
21860.0
22183.6
22509.2
22831.2
23158.2
23480.4
23807.4
24128.2
24455.2
24777.0
25120.8
25471.4
25788.8
26143.0
26478.2
26794.8
27109.0
27421.4
27732.6
28050.2
28363.6
28688.2
29013.6
29339.8
29663.6
29989.2
30313.2
30636.2
30960.2
31281.2
31607.4
31930.2
32248.4
32562.0
32885.4
33212.4
33534.8
33862.2
34183.2
34510.2
34832.0
35159.4
35481.8
35809.8
36121.8
36445.0
36771.0
37092.8
37419.6
37740.6
38067.0
38389.0
38716.6
39028.4
39352.8
39677.8
39999.8
40326.4
40647.2
40973.6
41295.4
41622.4
41944.8
42272.8
42584.6
42908.0
43233.6
43555.4
43882.0
44202.8
44529.4
44851.2
