15019.4
15345.4
15675.8
16005.8
16333.0
16665.0
16992.2
17320.8
17654.6
17980.8
18310.6
18642.4
18969.0
19300.2
19629.2
19957.2
20290.0
20617.2
20946.4
21280.8
21607.6
21937.8
22271.8
22599.0
22930.0
23261.6
23589.6
23921.8
24252.2
24581.2
24914.4
25273.6
25617.6
25958.6
26296.2
26629.4
27035.6
27382.0
27726.0
28069.0
28408.0
28747.6
29088.0
29429.4
29768.6
30106.6
30434.4
30762.2
31089.4
31419.0
31745.6
32073.8
32405.2
32731.4
33060.4
33387.4
33715.4
34046.0
34372.8
34701.6
35032.8
35359.4
35689.2
36016.8
36345.2
36676.6
37004.2
37333.6
37666.4
37994.2
38334.4
38666.0
38993.4
39323.0
39655.0
39983.0
40313.6
40642.6
40973.0
41314.2
41656.4
41983.8
42313.0
42645.6
42973.0
43302.8
43631.4
43960.0
44290.8
44618.8
44948.2
