15064.2
15390.8
15712.2
16035.6
16360.2
16686.0
16995.6
17320.4
17647.2
17974.0
18295.2
18618.2
18943.0
19268.2
19594.0
19904.6
20230.6
20557.2
20882.0
21203.8
21527.8
21853.4
22180.0
22501.2
22824.2
23148.8
23474.2
23799.4
24109.8
24436.2
24762.8
25109.8
25450.2
25801.0
26160.2
26547.8
26883.6
27207.4
27523.0
27832.4
28145.4
28454.4
28778.6
29102.8
29428.6
29754.8
30081.2
30402.8
30726.0
31051.0
31377.0
31686.8
32011.8
32338.2
32665.4
32986.8
33309.8
33634.8
33960.4
34285.6
34607.6
34931.2
35256.0
35582.8
35892.6
36217.8
36544.8
36871.6
37192.8
37516.0
37840.8
38166.2
38490.2
38812.4
39136.4
39461.4
39788.2
40098.0
40423.6
40750.2
41076.8
41398.0
41721.4
42046.0
42371.8
42681.6
43006.2
43332.6
43659.0
43980.6
44303.6
44628.0
44954.0
