15085.6
15408.0
15726.6
16049.8
16368.0
16692.0
17009.8
17334.2
17651.8
17976.6
18294.0
18619.0
18936.6
19261.6
19579.2
19903.6
20221.4
20541.6
20861.0
21179.0
21499.6
21817.6
22139.2
22457.4
22780.0
23098.2
23421.6
23739.8
24063.8
24381.6
24706.2
25025.8
25365.0
25722.6
26064.2
26385.8
26726.2
27056.0
27377.6
27710.2
28045.0
28363.0
28686.8
29021.0
29352.4
29676.6
30011.2
30343.0
30677.8
30997.4
31322.4
31653.4
31975.2
32294.6
32616.8
32936.2
33259.0
33578.0
33901.2
34220.0
34543.6
34862.2
35186.2
35504.6
35828.8
36147.0
36471.6
36789.4
37114.2
37431.8
37756.8
38074.2
38399.4
38717.0
39041.8
39359.6
39682.6
40000.8
40319.6
40639.6
40957.6
41278.8
41597.0
41919.0
42237.4
42560.4
42878.8
43202.4
43520.6
43844.8
44162.4
44487.0
44804.4
