15031.8
15360.2
15691.6
16021.2
16352.6
16680.2
17011.6
17339.4
17671.8
17999.2
18331.8
18659.0
18992.6
19320.2
19654.4
19969.8
20305.4
20633.6
20969.0
21285.6
21614.6
21945.8
22275.0
22606.2
22934.0
23265.2
23593.0
23925.4
24252.8
24585.2
24912.4
25260.6
25591.8
26001.0
26434.8
26782.2
27116.0
27443.8
27771.4
28101.0
28429.4
28758.0
29093.0
29420.2
29755.0
30082.2
30416.6
30744.2
31078.6
31406.4
31741.2
32069.2
32404.2
32732.6
33067.4
33395.8
33730.6
34059.0
34393.4
34721.8
35055.8
35383.8
35717.8
36045.6
36379.4
36707.0
37041.0
37368.4
37702.6
38018.2
38354.2
38682.4
39017.8
39334.4
39663.4
39994.6
40323.0
40654.4
40982.4
41313.8
41641.6
41973.8
42301.6
42633.8
42961.0
43294.6
43621.8
43955.6
44271.4
44607.4
44935.4
