15135.2
15460.2
15786.8
16116.6
16445.0
16756.8
17085.2
17417.2
17728.0
18054.8
18384.0
18711.2
19036.0
19362.4
19692.2
20020.0
20332.2
20660.4
20992.6
21303.0
21630.0
21959.6
22286.4
22611.0
22937.4
23267.4
23594.8
23907.2
24235.6
24567.6
24878.0
25212.2
25555.8
25911.8
26246.2
26571.0
26993.2
27340.2
27680.6
28021.2
28363.6
28689.8
29014.0
29340.8
29679.6
30010.4
30333.0
30657.0
30984.0
31312.8
31635.0
31959.8
32287.8
32614.0
32937.0
33262.6
33592.2
33917.0
34240.8
34566.8
34897.6
35221.8
35546.2
35873.0
36204.4
36528.8
36853.6
37181.0
37513.0
37838.0
38163.2
38490.6
38822.4
39148.0
39473.2
39800.6
40132.6
40459.2
40784.4
41111.8
41443.2
41770.2
42095.0
42421.8
42752.6
43079.4
43404.2
43730.8
44061.4
44388.8
44714.0
