15100.6
15423.6
15741.2
16064.4
16382.4
16706.0
17024.4
17348.2
17667.4
17991.6
18311.4
18635.6
18954.8
19278.8
19597.2
19920.8
20239.4
20564.2
20991.6
21326.2
21662.4
21991.8
22323.0
22652.8
22972.4
23291.0
23611.4
23929.6
24250.6
24569.0
24890.4
25213.2
25551.8
25896.6
26230.8
26564.0
26896.0
27319.6
27664.4
28003.8
28333.4
28664.8
28998.2
29328.2
29658.6
29989.8
30318.8
30637.6
30955.2
31275.6
31593.6
31914.8
32232.8
32554.6
32872.8
33195.2
33513.2
33836.0
34154.0
34477.4
34795.4
35118.8
35436.8
35760.4
36078.2
36402.0
36720.0
37044.0
37361.8
37686.0
38004.0
38328.0
38646.0
38970.2
39288.2
39612.2
39930.0
40253.8
40571.4
40895.2
41212.8
41536.0
41853.6
42175.2
42493.2
42811.4
43130.8
43448.2
43768.8
44086.2
44407.6
44725.0
