15198.4
15520.6
15842.6
16164.4
16486.4
16808.2
17130.2
17452.2
17774.0
18096.0
18418.0
18740.2
19062.2
19384.8
19711.8
20039.2
20364.6
20689.2
21013.0
21336.2
21659.2
21982.0
22304.4
22626.6
22948.8
23270.6
23592.4
23914.0
24235.6
24557.2
24878.8
25204.4
25604.2
25942.2
26295.8
26633.0
26960.4
27288.0
27614.2
27938.4
28261.4
28584.4
28919.2
29241.6
29582.0
29916.8
30239.6
30563.4
30898.2
31220.2
31542.6
31865.2
32187.6
32510.6
32836.6
33165.2
33491.4
33816.6
34141.2
34465.2
34789.0
35112.2
35435.4
35758.4
36081.4
36404.6
36727.8
37050.8
37374.0
37697.0
38020.6
38349.8
38677.2
39003.0
39327.4
39651.2
39974.6
40297.4
40620.0
40942.4
41264.4
41586.6
41908.8
42230.8
42553.0
42875.0
43197.2
43519.2
43841.4
44163.6
44486.0
44809.8
