15218.8
15553.6
15873.2
16192.0
16510.8
16830.0
17160.2
17494.4
17813.8
18132.8
18452.0
18782.6
19117.0
19436.8
19756.0
20074.6
20393.6
20724.0
21058.0
21377.6
21696.4
22015.6
22346.0
22680.4
22999.8
23319.0
23637.8
23956.6
24287.0
24620.6
24940.2
25267.6
25598.8
25957.6
26275.0
26662.6
26999.4
27332.0
27662.4
27991.8
28321.8
28643.6
28962.4
29292.2
29620.8
29953.8
30282.6
30611.4
30945.2
31264.8
31584.4
31914.8
32243.2
32576.4
32895.2
33214.2
33544.4
33874.6
34206.6
34536.0
34865.4
35182.4
35501.4
35833.8
36163.8
36493.8
36811.6
37135.0
37455.4
37786.0
38115.6
38451.0
38770.6
39089.8
39420.6
39751.4
40083.6
40413.4
40743.2
41059.8
41382.2
41703.4
42023.4
42354.0
42683.4
43000.6
43324.0
43644.4
43975.4
44305.2
44622.0
44944.0
