15299.4
15626.4
15953.2
16280.2
16615.6
16949.2
17281.8
17613.8
17945.6
18277.2
18608.2
18939.2
19269.6
19600.0
19930.6
20262.0
20594.8
20929.0
21267.4
21593.8
21920.4
22247.2
22573.8
22900.2
23226.4
23563.0
23897.2
24230.0
24562.4
24894.2
25231.4
25590.8
25930.0
26270.4
26700.4
27029.2
27362.6
27707.4
28040.0
28375.8
28709.2
29041.8
29373.2
29703.8
30034.0
30363.8
30693.6
31023.0
31352.4
31681.8
32011.0
32340.2
32669.4
32998.8
33328.6
33659.0
33990.2
34322.2
34655.0
34990.8
35324.0
35656.4
35988.2
36319.6
36650.6
36981.4
37311.8
37642.0
37971.8
38301.6
38631.2
38960.6
39289.8
39619.0
39948.0
40277.2
40606.6
40936.6
41267.4
41599.2
41932.2
42268.2
42602.0
42935.0
43267.4
43599.4
43930.8
44262.0
44593.0
44923.6
