15309.8
15632.6
15948.8
16268.4
16601.0
16923.6
17239.6
17559.0
17892.6
18211.0
18527.6
18848.4
19183.0
19498.6
19817.0
20138.8
20473.8
20789.8
21108.2
21429.8
21747.2
22066.0
22398.0
22731.0
23053.2
23369.2
23689.2
24022.8
24342.2
24659.0
24979.2
25325.6
25670.4
26086.2
26520.2
26855.0
27191.4
27521.4
27851.2
28182.2
28502.0
28835.0
29167.4
29500.8
29819.8
30149.2
30479.8
30811.4
31133.2
31468.6
31805.0
32121.4
32441.6
32776.0
33109.2
33426.4
33744.6
34076.2
34398.8
34715.6
35034.2
35366.4
35689.8
36005.8
36337.0
36656.6
36980.2
37296.6
37617.0
37949.6
38283.4
38598.8
38916.8
39238.2
39555.6
39873.6
40205.4
40528.2
40844.4
41175.2
41494.2
41817.8
42134.6
42454.0
42786.4
43109.6
43426.0
43745.6
44078.6
44400.6
44717.2
