15329.0
15662.2
15995.0
16333.2
16666.2
16999.2
17337.4
17670.6
18003.8
18341.8
18675.2
19008.4
19346.2
19679.6
20013.2
20350.8
20684.4
21018.0
21355.4
21689.2
22022.8
22360.2
22694.0
23028.0
23365.0
23699.0
24033.2
24370.0
24704.2
25038.8
25381.8
25716.8
26065.8
26397.2
26717.2
27038.0
27358.4
27678.2
28012.8
28335.6
28656.6
28989.8
29327.2
29647.8
29982.0
30320.6
30654.2
30987.4
31325.6
31647.0
31981.4
32315.0
32650.6
32984.0
33317.4
33653.4
33987.0
34320.8
34657.0
34989.6
35322.0
35657.8
35991.0
36323.4
36659.6
36993.0
37325.6
37662.0
37995.6
38328.8
38665.4
38998.8
39332.0
39668.6
40002.0
40335.4
40671.8
41005.6
41338.6
41675.2
42008.8
42341.6
42678.2
43011.8
43345.2
43681.6
44015.4
44348.6
44685.2
