15127.4
15456.0
15779.4
16107.8
16431.2
16759.6
17083.0
17411.4
17734.8
18063.4
18386.8
18715.0
19038.6
19367.0
19690.4
20018.8
20342.4
20670.6
20994.2
21322.4
21646.2
21974.4
22298.2
22626.2
22950.0
23278.2
23602.2
23932.2
24373.0
24721.0
25087.8
25411.2
25752.6
26090.6
26433.8
26774.8
27108.8
27438.6
27761.6
28091.8
28417.0
28755.6
29097.2
29420.4
29749.6
30075.4
30413.6
30755.2
31078.4
31408.6
31733.4
32072.2
32395.2
32721.8
33045.0
33372.2
33695.4
34022.6
34346.0
34673.4
34996.6
35324.2
35647.4
35975.0
36298.4
36626.0
36949.2
37277.0
37600.4
37928.2
38251.4
38579.4
38902.8
39230.6
39554.2
39882.0
40205.4
40533.4
40857.0
41184.8
41508.4
41836.4
42160.0
42487.8
42811.6
43139.4
43463.2
43791.0
44115.0
44442.8
44766.6
