15013.0
15331.4
15653.8
15972.2
16294.6
16613.0
16935.2
17253.8
17576.0
17894.6
18216.8
18535.4
18857.6
19176.0
19498.2
19816.8
20138.8
20457.6
20779.6
21098.2
21420.2
21739.0
22060.8
22379.6
22701.6
23020.4
23342.2
23661.0
23982.6
24301.4
24623.2
24942.0
25272.8
25632.4
25961.6
26280.2
26604.6
26924.2
27243.2
27565.4
27884.4
28205.8
28524.8
28844.8
29169.2
29487.8
29812.0
30143.0
30463.2
30781.4
31102.0
31420.4
31741.4
32060.0
32381.2
32715.6
33034.4
33355.4
33674.4
33995.6
34314.6
34635.6
34954.8
35275.8
35595.0
35915.8
36235.2
36556.2
36875.4
37196.8
37516.0
37838.2
38157.4
38481.2
38800.0
39125.0
39443.6
39768.4
40087.0
40411.2
40730.0
41053.8
41372.6
41696.0
42015.0
42337.8
42656.8
42979.4
43298.4
43620.8
43939.8
44262.0
44580.8
44902.8
