15156.6
15484.6
15811.6
16137.8
16463.4
16790.0
17120.0
17447.6
17774.2
18100.2
18425.8
18756.6
19074.8
19393.2
19721.4
20048.0
20373.8
20699.2
21029.8
21357.4
21684.0
22010.2
22336.0
22661.6
22992.4
23310.2
23628.0
23955.6
24281.8
24607.4
24932.8
25280.0
25610.0
25939.2
26269.6
26657.4
26981.6
27308.2
27634.2
27960.2
28290.8
28617.0
28942.4
29267.2
29591.8
29919.4
30246.8
30572.6
30897.8
31222.6
31547.2
31872.4
32201.4
32527.6
32853.0
33177.8
33502.4
33827.0
34156.6
34483.0
34808.8
35133.8
35458.4
35782.8
36109.8
36437.6
36763.4
37088.8
37413.6
37738.2
38063.0
38392.4
38718.6
39044.0
39369.0
39693.6
40018.2
40348.0
40674.6
41000.2
41325.4
41650.2
41974.6
42302.8
42630.2
42956.2
43281.4
43606.4
43931.0
44257.0
44586.0
44912.0
