15248.2
15569.6
15900.0
16228.8
16556.6
16885.8
17221.2
17543.0
17864.2
18194.8
18523.6
18851.4
19180.8
19516.4
19838.0
20159.2
20489.6
20818.4
21146.2
21475.8
21811.6
22133.2
22454.2
22784.6
23113.2
23441.0
23770.6
24106.4
24427.8
24748.8
25087.6
25438.0
25785.0
26142.2
26474.4
26812.8
27141.4
27468.0
27797.2
28125.2
28452.2
28779.0
29105.8
29432.6
29759.4
30086.4
30417.2
30745.0
31073.4
31402.2
31730.6
32059.4
32391.2
32721.2
33053.2
33393.0
33720.8
34052.0
34380.6
34709.6
35037.4
35364.4
35691.4
36022.6
36351.0
36679.0
37007.0
37334.0
37660.8
37987.4
38318.8
38646.8
38974.4
39302.2
39629.0
39955.4
40281.4
40611.8
40940.2
41267.8
41594.8
41922.2
42248.6
42574.6
42903.6
43232.4
43560.0
43887.2
44214.2
44541.4
44868.2
