15321.4
15645.2
15975.2
16289.8
16614.2
16944.6
17268.4
17592.0
17920.2
18244.4
18574.2
18889.2
19213.8
19543.8
19859.0
20184.2
20514.6
20838.4
21161.6
21490.0
21813.0
22142.6
22457.8
22782.4
23112.4
23437.4
23761.0
24090.0
24413.2
24741.4
25071.4
25426.2
25756.2
26126.2
26526.8
26868.8
27193.8
27517.8
27847.4
28171.4
28501.8
28826.4
29157.8
29482.6
29823.4
30147.2
30470.4
30798.0
31121.8
31450.8
31775.8
32099.4
32428.2
32752.4
33076.6
33403.6
33727.6
34057.4
34382.2
34705.8
35034.0
35358.2
35688.6
36013.8
36337.8
36666.6
36991.2
37321.6
37647.2
37971.6
38300.6
38625.4
38956.4
39282.0
39606.8
39935.6
40260.4
40591.4
40916.8
41241.2
41569.4
41893.8
42224.2
42549.0
42872.8
43201.2
43525.0
43854.8
44180.0
44504.0
44832.8
