15061.0
15383.2
15705.4
16027.2
16348.8
16670.6
17011.2
17333.6
17656.2
17990.0
18310.6
18633.0
18961.8
19285.4
19620.0
19941.8
20264.0
20603.0
20925.0
21247.6
21569.6
21903.6
22232.0
22556.0
22879.2
23201.8
23535.6
23856.8
24186.4
24509.6
24832.8
25162.8
25526.0
25859.4
26196.2
26515.4
26850.6
27192.2
27515.8
27839.6
28175.4
28516.2
28838.6
29162.4
29497.4
29836.4
30159.8
30494.6
30834.8
31158.6
31481.4
31804.2
32128.0
32461.0
32799.4
33121.0
33442.8
33764.8
34087.4
34428.2
34751.0
35074.0
35397.0
35730.2
36052.0
36380.4
36703.8
37026.6
37350.0
37683.6
38012.0
38336.8
38660.4
38994.8
39315.4
39637.4
39968.0
40291.6
40626.2
40948.2
41288.8
41612.4
41935.0
42256.8
42579.0
42901.6
43242.4
43565.2
43888.0
44211.2
44544.6
44866.6
