15081.8
15404.4
15714.8
16036.6
16357.0
16676.8
16999.2
17323.4
17644.6
17965.4
18286.2
18595.2
18916.2
19243.0
19565.4
19886.8
20197.0
20518.8
20839.2
21159.6
21485.8
21808.0
22129.2
22449.6
22769.6
23090.0
23415.4
23737.0
24058.4
24367.8
24689.2
25010.0
25353.6
25677.8
26029.6
26413.8
26818.2
27149.8
27473.8
27794.8
28115.0
28434.4
28758.4
29080.0
29400.2
29719.8
30039.2
30358.6
30683.4
31005.0
31325.6
31646.2
31965.6
32284.4
32608.2
32930.6
33251.8
33571.6
33891.4
34212.0
34535.8
34857.4
35178.2
35498.4
35818.0
36137.2
36459.4
36782.4
37103.0
37423.0
37742.8
38062.2
38381.8
38707.0
39027.8
39348.0
39667.6
39987.4
40306.6
40631.0
40953.4
41274.0
41593.6
41913.2
42232.6
42554.2
42877.8
43199.0
43518.8
43838.2
44157.6
44477.6
44802.2
