15273.4
15596.2
15916.0
16234.6
16556.4
16875.0
17198.4
17517.6
17836.6
18157.4
18475.8
18798.6
19117.4
19439.8
19759.4
20077.8
20399.8
20718.2
21041.6
21360.8
21679.6
22000.6
22319.0
22641.8
22960.6
23282.6
23602.4
23921.0
24243.0
24561.6
24885.0
25210.2
25550.2
25884.8
26210.8
26557.2
26885.8
27206.4
27527.4
27846.2
28168.8
28487.6
28810.8
29143.0
29474.8
29797.8
30116.6
30434.8
30755.8
31074.2
31397.0
31715.6
32034.2
32354.8
32673.0
32995.6
33314.2
33633.6
33953.6
34271.8
34594.0
34912.4
35234.4
35553.6
35871.8
36193.6
36511.8
36835.0
37153.8
37472.0
37793.2
38111.4
38434.4
38753.0
39071.6
39392.4
39710.6
40033.2
40351.8
40672.0
40992.0
41310.2
41632.4
41951.0
42274.0
42593.4
42911.6
43233.2
43551.8
43874.8
44193.8
44513.0
44833.8
