15255.6
15576.8
15903.6
16225.2
16548.0
16870.6
17192.2
17516.0
17838.0
18162.8
18484.8
18810.6
19132.2
19459.0
19780.6
20107.8
20429.6
20754.6
21077.0
21399.2
21722.6
22045.0
22369.4
22691.8
23017.2
23339.8
23666.0
23988.0
24315.0
24636.8
24964.4
25290.0
25617.6
25975.2
26377.0
26713.6
27053.6
27386.6
27712.6
28033.6
28361.6
28686.8
29022.2
29343.8
29666.8
29988.6
30312.2
30634.2
30958.8
31280.6
31606.4
31927.4
32254.2
32575.0
32901.0
33222.2
33543.8
33866.6
34188.2
34512.0
34833.6
35158.8
35479.8
35806.2
36126.8
36453.4
36774.2
37096.0
37418.4
37739.8
38063.6
38385.0
38710.0
39031.0
39357.2
39677.8
40004.4
40325.2
40647.0
40969.4
41290.8
41614.4
41935.8
42260.8
42581.6
42907.8
43228.6
43555.0
43875.8
44197.6
44520.0
44841.4
