15182.6
15509.0
15830.2
16151.2
16472.6
16794.6
17117.4
17441.4
17766.6
18092.4
18412.4
18733.0
19054.0
19375.8
19698.6
20022.8
20348.4
20672.2
20992.0
21312.8
21633.8
21955.8
22279.2
22604.4
22930.4
23237.6
23559.6
23881.4
24204.4
24528.6
24854.4
25200.2
25535.2
25862.6
26233.8
26615.0
26944.8
27278.6
27602.0
27926.8
28252.8
28579.8
28908.8
29236.4
29558.2
29878.8
30200.2
30522.0
30844.4
31167.8
31492.4
31818.0
32137.6
32458.2
32779.2
33100.8
33423.6
33747.8
34073.0
34393.2
34713.4
35034.2
35355.6
35678.2
36002.0
36327.0
36648.0
36967.8
37288.6
37610.0
37932.2
38255.8
38580.8
38902.8
39222.2
39543.0
39864.2
40186.4
40509.8
40834.6
41157.8
41477.0
41797.6
42118.8
42440.8
42764.0
43088.8
43413.2
43732.4
44053.0
44374.0
44695.8
