15212.4
15545.4
15879.6
16192.6
16522.0
16851.6
17182.0
17514.0
17847.8
18160.8
18490.6
18820.0
19150.2
19481.8
19814.8
20129.4
20457.2
20785.8
21115.6
21446.8
21779.8
22114.2
22427.0
22745.2
23076.6
23408.6
23742.0
24073.2
24386.8
24716.2
25056.2
25395.2
25735.2
26086.8
26415.2
26743.4
27176.4
27528.2
27877.8
28220.8
28553.2
28886.6
29217.2
29542.6
29869.8
30197.8
30526.8
30857.2
31189.2
31522.0
31848.2
32175.4
32503.4
32832.4
33162.8
33494.8
33827.8
34156.2
34483.2
34811.2
35140.2
35470.2
35801.8
36134.8
36468.6
36796.6
37124.4
37453.2
37782.6
38113.2
38445.2
38778.6
39113.0
39446.2
39774.2
40103.0
40432.2
40762.2
41093.0
41425.2
41758.4
42092.2
42406.0
42735.2
43064.6
43395.2
43727.2
44060.6
44393.6
44706.8
