15248.8
15555.2
15874.6
16192.6
16512.0
16832.4
17154.2
17477.0
17800.8
18107.8
18427.2
18745.2
19064.4
19384.8
19706.4
20029.2
20353.4
20675.4
20980.0
21299.4
21618.8
21938.8
22260.0
22582.6
22906.2
23229.4
23533.8
23853.2
24172.4
24492.2
24813.2
25148.6
25478.6
25812.4
26139.8
26492.6
26820.2
27141.0
27463.6
27786.8
28108.4
28426.4
28744.4
29064.8
29396.2
29727.0
30044.0
30362.2
30680.6
30999.8
31320.0
31641.4
31963.6
32286.2
32603.6
32921.2
33239.4
33558.0
33877.4
34198.0
34519.4
34842.0
35164.6
35482.0
35800.0
36118.2
36437.0
36756.6
37077.0
37398.8
37721.4
38044.6
38363.2
38681.2
38999.8
39318.8
39638.4
39958.8
40280.2
40602.8
40926.2
41249.6
41568.6
41887.2
42206.2
42525.6
42845.4
43166.2
43487.8
43810.4
44133.6
44457.2
44776.8
