15044.0
15372.8
15702.6
16034.2
16350.8
16666.8
16996.4
17326.2
17659.2
17991.6
18312.2
18633.6
18955.2
19287.6
19618.0
19947.4
20276.4
20605.0
20933.2
21261.4
21589.2
21917.0
22244.4
22572.0
22900.0
23228.4
23557.6
23888.4
24221.4
24552.8
24883.2
25220.2
25551.2
25912.0
26244.0
26576.8
26896.6
27211.6
27542.8
27874.0
28204.4
28534.4
28863.8
29192.4
29521.0
29849.2
30177.4
30505.4
30833.4
31161.2
31489.0
31816.6
32144.0
32471.2
32799.0
33130.2
33460.8
33780.0
34096.6
34428.6
34758.2
35087.0
35415.4
35743.6
36071.6
36399.8
36727.0
37054.2
37381.8
37709.4
38037.0
38364.6
38691.6
39019.0
39346.6
39674.4
40002.0
40331.2
40662.4
40978.2
41293.6
41622.0
41952.8
42283.0
42612.2
42941.0
43269.2
43597.4
43925.6
44253.8
44581.0
44908.2
