15256.6
15591.6
15922.6
16253.8
16591.2
16923.8
17255.0
17585.8
17922.6
18243.0
18574.4
18905.0
19242.4
19564.2
19896.2
20227.6
20565.2
20897.6
21228.6
21559.2
21896.2
22227.4
22558.2
22888.2
23224.2
23544.4
23876.0
24207.0
24544.4
24876.0
25215.6
25549.0
26116.2
26472.6
26814.0
27145.0
27476.0
27813.6
28144.4
28476.2
28813.6
29144.6
29476.6
29814.4
30145.8
30477.0
30807.6
31143.0
31474.6
31806.2
32143.6
32466.4
32798.6
33130.6
33467.8
33800.6
34131.6
34462.2
34799.6
35131.0
35461.8
35791.6
36127.8
36448.0
36779.8
37110.8
37448.4
37780.0
38110.6
38440.6
38777.0
39097.4
39429.6
39760.6
40098.2
40429.6
40760.4
41090.4
41426.6
41758.0
42089.2
42420.2
42755.0
43085.8
43416.2
43748.2
44072.4
44404.6
44735.8
