15327.0
15655.4
15984.2
16313.0
16641.6
16970.2
17298.6
17627.0
17955.6
18284.0
18612.6
18941.2
19270.0
19598.8
19927.8
20257.4
20589.0
20922.6
21254.8
21586.0
21916.6
22246.8
22576.6
22906.2
23235.6
23564.8
23894.2
24223.2
24552.0
24881.0
25212.4
25542.6
25916.4
26244.2
26577.2
26906.4
27236.2
27554.8
27869.8
28185.0
28514.0
28842.0
29171.0
29503.0
29817.4
30147.0
30476.4
30806.8
31140.2
31472.6
31804.0
32134.8
32465.0
32794.8
33124.6
33454.2
33783.4
34112.6
34441.8
34770.6
35099.0
35427.4
35756.4
36085.6
36414.6
36743.6
37072.4
37401.0
37729.6
38058.0
38386.4
38714.8
39043.2
39371.8
39700.2
40029.0
40358.6
40690.6
41023.8
41356.0
41687.4
42018.2
42348.6
42678.6
43008.4
43338.2
43667.8
43997.4
44327.0
44656.6
44986.2
