15243.4
15573.8
15908.6
16237.2
16567.8
16896.4
17226.4
17560.6
17889.0
18219.6
18548.0
18877.8
19211.8
19540.0
19871.4
20200.0
20530.0
20864.8
21193.4
21524.4
21853.0
22183.0
22517.6
22846.0
23177.6
23506.6
23836.6
24171.0
24499.6
24830.6
25187.2
25504.8
25839.8
26181.8
26509.2
26838.6
27169.2
27497.8
27827.8
28161.8
28477.8
28810.0
29141.0
29457.6
29793.2
30110.0
30444.2
30774.0
31104.8
31439.8
31768.8
32101.2
32430.0
32760.2
33095.2
33411.8
33746.8
34076.0
34407.0
34737.8
35067.4
35401.2
35730.2
36061.4
36395.2
36712.2
37048.0
37377.0
37708.6
38037.8
38368.0
38702.6
39031.4
39363.2
39692.8
40022.6
40356.8
40674.0
41008.0
41337.0
41667.4
42002.4
42331.2
42663.8
42992.8
43323.4
43658.2
43987.0
44319.0
44648.0
44978.2
