15303.2
15625.4
15949.8
16278.8
16705.8
17048.8
17389.8
17729.8
18064.4
18387.0
18725.0
19064.4
19405.6
19727.6
20052.4
20380.6
20703.0
21040.0
21365.0
21693.4
22015.2
22339.8
22668.0
22989.6
23314.0
23642.0
23963.4
24287.8
24615.8
24937.2
25270.2
25618.8
26053.4
26377.0
26699.8
27038.0
27377.4
27698.8
28022.0
28347.6
28676.2
28998.2
29321.8
29648.0
29972.0
30307.4
30644.0
30969.4
31296.4
31618.8
31956.2
32295.0
32623.8
32946.4
33271.6
33600.2
33922.0
34246.4
34574.6
34896.2
35220.2
35548.2
35869.8
36193.8
36521.8
36843.2
37167.4
37495.2
37816.8
38140.8
38468.8
38790.6
39114.6
39442.6
39764.4
40088.4
40416.4
40738.2
41062.4
41390.4
41712.2
42036.4
42364.4
42686.4
43010.6
43338.6
43660.6
43984.8
44312.8
44635.0
44959.2
