15114.2
15448.6
15780.2
16111.8
16442.4
16772.6
17102.6
17432.4
17762.2
18091.8
18423.8
18758.4
19090.0
19421.0
19750.0
20079.8
20409.0
20738.2
21067.2
21396.0
21725.0
22055.0
22390.2
22722.0
23052.6
23382.6
23712.4
24041.2
24370.0
24698.8
25027.8
25357.8
25687.8
26016.4
26354.8
26780.4
27131.4
27471.6
27799.2
28127.0
28455.2
28782.8
29116.4
29447.2
29776.4
30105.0
30433.4
30761.2
31089.0
31416.4
31743.8
32071.2
32398.4
32725.8
33053.0
33381.4
33715.0
34046.2
34375.8
34705.0
35033.4
35361.4
35689.2
36017.0
36344.4
36671.8
36999.2
37326.6
37654.0
37981.8
38314.6
38646.4
38976.4
39305.6
39634.2
39962.4
40290.4
40618.2
40945.8
41273.4
41601.0
41928.6
42256.2
42584.4
42917.6
43249.4
43579.4
43908.6
44237.2
44565.6
44893.8
