15190.2
15517.2
15836.6
16160.2
16487.4
16806.8
17130.8
17453.2
17774.4
18100.2
18420.0
18743.2
19070.0
19389.8
19713.2
20040.6
20360.0
20684.0
21010.2
21329.8
21654.6
21974.8
22297.4
22623.8
22943.4
23266.8
23594.0
23913.6
24237.2
24564.4
24883.8
25220.6
25559.8
25907.8
26220.6
26629.6
26957.4
27255.6
27571.4
27880.2
28187.2
28500.2
28824.4
29133.0
29458.4
29775.0
30097.4
30420.2
30728.4
31054.2
31364.0
31691.0
32008.4
32333.2
32658.4
32979.0
33303.8
33623.0
33943.8
34268.4
34589.0
34911.8
35237.0
35546.6
35872.8
36191.6
36515.6
36839.8
37149.2
37474.8
37793.6
38121.0
38446.0
38765.0
39089.4
39407.8
39728.2
40052.8
40371.6
40694.6
41018.6
41338.0
41661.4
41979.8
42301.4
42626.8
42945.4
43268.4
43587.4
43908.8
44234.4
44553.2
44876.2
