15189.8
15516.2
15836.0
16156.2
16483.0
16803.0
17123.0
17450.0
17770.0
18090.0
18417.0
18737.2
19057.0
19383.6
19704.0
20023.8
20348.6
20669.6
20989.2
21309.2
21633.0
21952.6
22272.4
22597.6
22917.4
23237.6
23563.6
23883.4
24203.6
24530.2
24850.0
25177.4
25523.4
25853.8
26231.4
26623.8
26971.4
27303.0
27637.2
27971.4
28311.8
28644.8
28974.4
29308.6
29646.4
29978.8
30314.8
30649.4
30986.4
31319.6
31647.6
31982.0
32321.6
32655.2
32986.4
33318.2
33641.6
33976.0
34297.4
34635.0
34956.0
35296.2
35617.0
35951.8
36276.2
36608.6
36936.6
37258.4
37598.8
37920.6
38255.6
38590.4
38911.0
39249.4
39570.0
39909.6
40230.8
40552.8
40891.4
41212.2
41552.8
41873.6
42195.4
42532.8
42854.2
43194.2
43515.0
43850.6
44174.4
44507.0
44834.8
