15224.2
15555.2
15867.0
16194.6
16523.2
16853.6
17183.6
17496.0
17824.4
18154.0
18485.4
18811.4
19138.0
19465.2
19793.8
20124.4
20453.0
20765.6
21094.2
21423.8
21755.2
22080.6
22407.6
22735.2
23064.2
23395.2
23707.4
24035.2
24363.4
24693.6
25042.4
25386.0
25740.2
26117.0
26449.4
26775.4
27105.8
27431.6
27758.0
28085.0
28413.0
28742.2
29073.2
29403.6
29729.8
30056.6
30384.2
30713.2
31044.2
31370.8
31697.4
32024.2
32352.6
32682.8
33011.2
33337.2
33663.0
33990.8
34320.4
34650.8
34964.0
35292.0
35621.0
35951.8
36277.8
36604.4
36930.4
37258.6
37588.8
37915.0
38241.2
38567.2
38895.2
39225.4
39552.2
39878.0
40204.6
40532.6
40862.4
41175.4
41503.0
41830.8
42160.4
42491.6
42817.2
43142.6
43469.6
43798.4
44129.2
44442.4
44770.4
