15121.8
15437.2
15753.4
16072.2
16394.6
16707.6
17025.0
17345.4
17658.8
17975.8
18295.4
18615.4
18929.2
19247.2
19569.0
19882.4
20199.6
20520.4
20836.4
21152.6
21471.2
21793.6
22106.6
22423.8
22744.2
23057.4
23374.4
23694.0
24012.0
24326.8
24645.0
24976.2
25317.6
25658.0
26013.4
26387.4
26814.6
27156.2
27491.2
27816.4
28143.4
28470.0
28797.2
29125.2
29455.6
29784.6
30116.2
30449.4
30766.6
31093.4
31421.2
31742.6
32075.4
32389.2
32706.6
33026.4
33345.2
33660.4
33979.0
34309.4
34622.2
34937.4
35255.4
35572.0
35886.4
36204.4
36526.2
36839.2
37156.2
37476.4
37789.6
38106.4
38426.0
38743.2
39058.6
39377.0
39708.6
40022.8
40337.4
40655.0
40973.6
41286.8
41604.2
41925.6
42238.4
42555.2
42875.4
43188.2
43505.0
43824.6
44141.0
44456.6
44775.2
