15038.2
15369.6
15697.0
16029.4
16356.8
16688.0
17015.4
17345.8
17673.4
18003.0
18330.6
18659.8
18988.0
19316.6
19647.4
19962.8
20290.8
20619.6
20947.2
21274.8
21604.0
21931.8
22264.6
22579.2
22909.0
23236.8
23569.4
23896.6
24228.6
24555.8
24886.0
25216.0
25553.0
25908.2
26233.2
26630.4
26967.2
27308.0
27634.8
27962.6
28293.8
28620.0
28950.6
29276.6
29605.8
29932.0
30260.6
30586.8
30915.2
31241.6
31569.8
31896.0
32224.2
32550.6
32878.4
33205.0
33532.8
33859.8
34187.4
34515.0
34842.4
35172.0
35498.6
35830.6
36156.6
36487.8
36814.0
37144.4
37470.4
37800.2
38126.4
38455.6
38781.8
39110.8
39437.0
39765.6
40092.0
40420.2
40746.6
41074.8
41401.4
41729.4
42056.2
42384.0
42711.4
43039.0
43367.6
43694.8
44026.8
44353.2
44684.8
