15011.8
15338.8
15668.6
16002.0
16317.0
16648.0
16980.6
17294.8
17626.2
17959.6
18286.4
18614.6
18946.8
19273.4
19601.4
19932.2
20259.8
20587.2
20917.0
21250.2
21565.4
21895.6
22228.6
22544.4
22874.8
23207.6
23534.4
23863.0
24195.4
24521.8
24850.2
25193.8
25541.0
25888.6
26303.6
26638.2
26972.6
27300.2
27630.8
27964.8
28292.0
28620.8
28951.0
29284.2
29611.2
29940.0
30271.0
30605.2
30932.8
31262.6
31595.2
31924.0
32252.8
32583.8
32918.2
33245.8
33575.4
33907.4
34239.8
34567.6
34897.6
35231.0
35558.2
35887.2
36218.4
36552.2
36866.2
37198.2
37531.6
37845.8
38177.6
38510.4
38837.0
39166.8
39499.8
39814.0
40144.6
40478.0
40804.6
41133.4
41464.8
41792.8
42120.4
42451.0
42785.0
43098.8
43430.2
43764.2
44078.4
44409.8
44743.8
