15209.4
15532.6
15861.2
16185.2
16508.6
16835.6
17159.0
17488.6
17801.8
18125.8
18454.8
18779.2
19102.2
19430.2
19753.8
20077.8
20404.2
20727.4
21056.4
21380.8
21703.8
22031.6
22355.4
22682.6
23008.0
23331.6
23660.4
23984.6
24308.4
24635.4
24959.2
25306.6
25679.8
26004.0
26332.4
26743.8
27088.8
27424.2
27763.4
28097.6
28424.2
28761.6
29087.4
29429.4
29764.2
30102.6
30437.0
30763.8
31087.6
31414.8
31740.0
32063.2
32392.0
32716.0
33039.4
33366.8
33690.4
34019.8
34344.6
34668.2
34996.4
35320.6
35649.2
35974.8
36298.8
36627.6
36952.2
37280.2
37606.4
37930.4
38259.6
38584.2
38911.0
39237.2
39561.0
39890.2
40214.2
40537.8
40864.8
41188.2
41517.4
41841.8
42164.8
42492.8
42816.4
43140.2
43466.6
43789.6
44118.6
44442.8
44765.8
