15086.4
15425.6
15746.6
16070.6
16405.8
16743.0
17075.6
17410.0
17749.6
18070.2
18409.8
18742.6
19077.2
19415.8
19736.8
20076.6
20409.4
20744.2
21079.4
21412.2
21749.4
22081.8
22416.4
22756.0
23076.4
23415.8
23748.2
24083.0
24421.8
24742.4
25093.8
25417.8
25760.8
26112.0
26446.8
26779.6
27116.2
27436.8
27762.0
28084.6
28423.8
28744.0
29073.2
29396.4
29733.8
30066.2
30400.6
30739.8
31061.2
31399.8
31733.2
32067.4
32407.2
32728.4
33067.2
33400.4
33735.0
34074.8
34395.8
34734.8
35067.8
35402.4
35742.2
36063.0
36402.4
36735.4
37070.2
37410.2
37731.0
38070.6
38403.6
38738.8
39078.6
39399.8
39739.4
40071.8
40406.2
40745.2
41065.4
41388.6
41723.6
42061.6
42394.2
42728.6
43067.8
43388.6
43728.2
44061.0
44395.6
44731.8
