15113.2
15435.4
15753.4
16075.4
16393.0
16715.2
17033.2
17355.0
17673.0
17995.2
18313.0
18635.0
18953.4
19275.2
19593.2
19915.2
20233.6
20555.4
20873.6
21195.6
21513.6
21835.6
22154.0
22475.8
22794.0
23116.0
23434.4
23756.0
24074.6
24396.2
24714.6
25047.0
25404.8
25757.8
26092.0
26430.0
26750.6
27068.4
27386.6
27705.8
28023.0
28342.4
28660.2
28980.6
29316.2
29633.4
29957.4
30288.8
30620.4
30944.0
31260.4
31584.2
31900.6
32224.2
32540.8
32864.2
33180.8
33504.0
33820.8
34144.0
34460.6
34784.0
35100.6
35424.0
35740.8
36063.8
36380.6
36703.8
37020.8
37344.0
37660.8
37984.0
38301.0
38624.0
38941.2
39264.2
39581.2
39904.4
40221.4
40544.4
40861.6
41184.6
41501.8
41824.6
42141.8
42464.8
42782.0
43104.8
43422.2
43745.0
44062.2
44385.0
44702.4
