15096.2
15419.8
15748.0
16071.6
16399.2
16722.6
17050.4
17373.8
17700.6
18023.2
18350.0
18661.6
18991.0
19313.8
19641.4
19964.8
20292.0
20615.2
20942.2
21265.4
21592.6
21915.6
22242.6
22566.4
22892.2
23215.0
23540.8
23864.6
24190.4
24515.0
24840.4
25188.8
25513.0
25887.4
26213.0
26595.6
26936.6
27263.2
27588.4
27915.4
28240.2
28569.4
28896.4
29234.0
29561.8
29885.2
30212.2
30535.8
30862.4
31186.2
31512.6
31836.8
32163.0
32488.2
32813.6
33142.0
33466.2
33795.4
34119.0
34447.6
34770.8
35098.6
35421.8
35749.2
36072.2
36399.2
36722.2
37049.0
37372.0
37698.8
38021.8
38348.6
38671.8
38998.4
39321.8
39648.2
39971.8
40298.0
40622.4
40948.0
41274.8
41599.6
41928.6
42252.6
42581.4
42905.0
43233.0
43556.4
43884.0
44207.2
44534.4
44857.6
