15014.6
15340.4
15662.2
15988.4
16310.4
16633.8
16961.8
17283.0
17607.4
17935.6
18246.2
18574.8
18897.0
19220.6
19549.4
19870.8
20196.0
20519.2
20841.8
21168.6
21490.4
21814.2
22142.6
22463.8
22788.6
23114.8
23436.8
23762.8
24085.0
24408.2
24736.0
25059.4
25391.6
25719.4
26183.4
26588.8
26930.0
27266.6
27590.0
27913.4
28241.4
28581.6
28921.6
29243.8
29567.6
29896.2
30236.6
30557.6
30882.4
31205.4
31528.2
31855.2
32177.0
32501.0
32829.6
33151.0
33475.8
33799.8
34122.4
34449.0
34771.2
35095.0
35423.6
35745.0
36069.6
36398.0
36719.6
37045.2
37368.2
37691.4
38018.8
38341.2
38665.6
38994.4
39316.2
39641.0
39969.8
40291.8
40617.6
40941.4
41264.8
41592.2
41915.2
42239.6
42568.4
42891.0
43216.0
43545.8
43868.0
44193.6
44523.2
44845.6
