15158.2
15492.6
15827.8
16163.8
16500.4
16819.8
17152.8
17485.8
17819.2
18153.2
18487.8
18823.4
19159.6
19496.6
19815.0
20148.2
20481.4
20815.0
21149.2
21484.0
21819.8
22156.2
22493.2
22831.2
23148.8
23482.4
23815.8
24149.6
24484.0
24819.2
25166.8
25510.4
25841.4
26247.4
26599.0
26929.6
27261.8
27595.4
27930.0
28264.8
28599.8
28935.0
29270.4
29606.6
29943.4
30280.8
30618.8
30957.4
31295.8
31633.6
31951.0
32284.8
32618.6
32953.0
33288.4
33624.8
33961.8
34299.6
34616.8
34950.2
35283.4
35617.2
35951.6
36287.0
36623.0
36959.8
37278.0
37611.2
37944.2
38277.6
38611.8
38946.6
39282.4
39618.8
39955.8
40273.8
40607.0
40940.2
41273.8
41608.2
41943.2
42279.0
42615.4
42952.6
43290.6
43608.2
43941.8
44275.2
44609.0
44943.6
