15046.4
15364.2
15681.8
16004.6
16323.2
16641.0
16958.6
17281.4
17600.0
17918.0
18235.6
18558.4
18877.2
19195.0
19512.8
19835.8
20154.4
20472.4
20790.0
21113.0
21432.0
21750.0
22067.8
22390.8
22709.4
23027.6
23345.2
23668.2
23987.2
24305.4
24623.2
24946.0
25272.0
25593.8
25934.0
26254.4
26571.4
26890.8
27209.2
27527.4
27845.8
28166.6
28484.4
28803.0
29126.2
29444.8
29763.2
30083.4
30404.0
30722.4
31040.8
31362.6
31682.6
32001.0
32319.6
32642.8
32962.6
33281.0
33599.6
33923.6
34243.0
34561.4
34880.0
35203.6
35522.6
35841.2
36159.6
36482.8
36801.6
37120.0
37438.4
37761.2
38079.8
38398.2
38716.6
39039.0
39357.6
39675.8
39994.0
40316.2
40634.6
40952.8
41271.0
41593.2
41911.6
42229.6
42547.6
42870.0
43188.2
43506.4
43824.2
44146.6
44464.8
44783.0
