15241.4
15573.0
15903.2
16235.0
16570.6
16902.2
17233.4
17566.0
17902.4
18218.8
18551.2
18886.0
19218.4
19549.0
19881.2
20216.6
20549.2
20867.2
21201.4
21536.4
21853.0
22186.0
22522.4
22838.6
23170.6
23505.0
23836.2
24166.4
24498.2
24834.0
25201.4
25555.4
25917.4
26233.0
26623.4
26968.0
27310.4
27641.6
27970.4
28299.4
28630.4
28974.0
29317.4
29644.8
29973.6
30303.8
30632.4
30961.0
31290.4
31622.8
31950.6
32279.6
32610.2
32938.4
33267.2
33597.0
33930.0
34257.6
34586.8
34917.8
35246.0
35574.8
35904.8
36236.4
36564.2
36893.6
37225.2
37553.2
37882.4
38212.6
38541.8
38870.4
39200.2
39532.8
39861.0
40190.4
40521.2
40850.0
41179.2
41509.6
41842.6
42171.0
42500.8
42832.0
43161.6
43491.2
43832.8
44163.0
44491.4
44820.6
