15244.6
15578.0
15913.6
16232.0
16569.6
16887.4
17223.6
17554.0
17887.0
18218.4
18549.8
18885.0
19215.6
19548.6
19881.0
20212.8
20548.2
20879.2
21212.4
21549.6
21867.6
22205.0
22522.8
22858.4
23188.8
23521.4
23854.0
24185.2
24520.2
24850.8
25191.2
25540.2
25882.0
26272.0
26602.6
26935.2
27272.4
27591.0
27928.8
28246.8
28582.2
28913.0
29245.2
29580.8
29911.4
30244.4
30579.4
30897.4
31234.6
31552.4
31888.8
32219.0
32551.8
32882.2
33213.4
33548.8
33878.8
34211.4
34541.4
34872.6
35208.2
35538.0
35870.4
36200.2
36531.4
36867.2
37196.8
37530.0
37859.8
38191.2
38526.6
38856.2
39189.6
39519.4
39850.8
40185.2
40515.2
40848.6
41178.2
41509.6
41840.8
42171.4
42506.2
42836.0
43168.4
43498.8
43829.8
44165.2
44494.8
44827.6
