15223.2
15558.6
15899.2
16233.2
16567.4
16905.8
17239.8
17579.8
17905.6
18240.6
18581.0
18907.0
19242.4
19583.6
19909.2
20244.8
20586.6
20911.8
21247.2
21589.0
21924.2
22259.6
22599.4
22933.8
23271.0
23607.8
23942.6
24284.2
24608.4
24943.6
25302.4
25633.0
26144.4
26513.2
26860.4
27193.8
27533.6
27868.6
28211.0
28545.2
28885.6
29221.4
29556.8
29895.6
30229.8
30571.2
30896.0
31231.2
31573.0
31898.0
32233.4
32575.2
32900.0
33235.4
33577.2
33901.8
34239.2
34581.0
34915.6
35250.8
35590.0
35924.4
36264.8
36590.8
36926.2
37267.8
37593.2
37928.8
38270.6
38595.6
38931.0
39272.6
39597.4
39934.8
40276.8
40611.4
40946.6
41285.8
41620.2
41960.8
42286.8
42622.2
42963.8
43289.4
43624.8
43966.6
44291.6
44627.0
44968.6
