15167.8
15495.8
15823.8
16154.0
16481.6
16814.6
17130.4
17458.8
17791.6
18119.6
18447.2
18777.4
19104.8
19437.0
19765.2
20092.6
20423.6
20751.6
21080.8
21398.4
21727.0
22056.0
22385.2
22712.8
23044.8
23373.2
23701.2
24031.4
24359.4
24692.4
25012.8
25332.0
25682.4
26048.8
26385.2
26724.0
27051.4
27379.0
27708.6
28036.4
28368.6
28697.0
29028.2
29356.8
29684.8
30015.6
30343.6
30675.4
31003.6
31331.4
31662.6
31990.4
32319.0
32648.2
32976.0
33308.0
33636.2
33964.0
34294.4
34622.2
34955.2
35283.6
35611.6
35942.2
36270.0
36602.8
36918.8
37247.2
37580.4
37908.6
38236.6
38567.0
38894.6
39227.0
39555.4
39883.4
40214.6
40542.8
40873.0
41202.4
41530.6
41862.8
42178.2
42506.8
42838.8
43167.0
43496.2
43825.8
44153.8
44486.4
44814.8
