15039.8
15358.6
15680.4
15999.2
16321.0
16639.8
16961.4
17280.4
17602.0
17920.8
18242.4
18561.4
18882.8
19201.8
19523.2
19842.2
20163.6
20482.6
20804.0
21123.0
21444.4
21763.4
22084.8
22403.8
22725.2
23044.2
23365.6
23684.6
24006.0
24324.8
24646.2
24965.2
25296.0
25645.0
26020.6
26408.4
26742.2
27074.0
27409.2
27728.8
28062.4
28398.6
28718.4
29051.2
29386.6
29705.2
30027.4
30367.0
30685.8
31020.6
31339.0
31662.6
32000.2
32319.2
32646.6
32965.6
33291.2
33609.8
33934.2
34252.8
34576.4
34895.0
35218.0
35536.6
35859.4
36177.6
36500.4
36818.8
37141.4
37460.0
37782.4
38101.0
38423.2
38742.0
39064.2
39383.0
39705.0
40023.8
40345.6
40664.6
40986.4
41305.2
41627.0
41946.0
42267.6
42586.6
42908.2
43227.2
43548.8
43867.6
44189.2
44508.2
44829.6
