15106.8
15439.2
15772.2
16105.6
16439.2
16773.8
17109.2
17445.2
17781.6
18119.0
18447.0
18768.6
19089.0
19422.2
19754.4
20087.0
20419.8
20753.0
21086.4
21421.2
21756.4
22092.2
22428.6
22765.2
23102.4
23430.4
23752.6
24073.2
24406.4
24738.6
25075.6
25411.8
25744.4
26097.4
26437.0
26767.8
27099.0
27430.6
27761.4
28092.4
28423.8
28756.2
29088.8
29422.0
29756.0
30080.2
30399.0
30731.2
31062.4
31394.0
31726.4
32057.6
32389.0
32720.6
33053.0
33386.2
33720.0
34054.6
34390.8
34709.6
35041.8
35373.0
35704.0
36035.6
36368.0
36699.0
37030.6
37362.6
37695.2
38028.2
38362.0
38696.6
39031.6
39350.0
39682.2
40013.4
40345.2
40677.6
41011.2
41343.2
41675.0
42006.6
42339.4
42672.8
43006.8
43341.6
43677.0
43995.4
44327.6
44658.8
44990.4
