15049.4
15377.4
15702.2
16033.2
16357.4
16682.2
17009.4
17334.8
17664.8
17988.8
18314.2
18640.8
18965.0
19294.6
19618.8
19944.6
20271.4
20596.2
20926.0
21250.4
21579.0
21894.4
22219.6
22550.2
22864.0
23189.8
23520.0
23844.2
24173.4
24498.6
24823.0
25165.4
25493.0
25937.4
26345.0
26685.4
27011.0
27336.2
27664.8
27989.4
28329.2
28653.2
28982.6
29320.6
29657.4
29999.2
30323.0
30647.8
30975.0
31299.6
31630.4
31954.4
32279.0
32606.4
32931.2
33262.0
33586.2
33911.4
34238.4
34563.4
34894.0
35218.2
35545.6
35871.8
36196.8
36526.8
36851.4
37183.4
37508.4
37833.6
38162.2
38487.6
38819.4
39144.2
39471.6
39798.6
40124.4
40454.8
40780.2
41113.0
41438.2
41764.0
42092.2
42417.4
42748.6
43073.2
43403.4
43729.0
44053.6
44382.8
44707.0
