15285.0
15604.4
15927.0
16246.2
16568.0
16887.4
17208.8
17528.4
17849.2
18169.8
18490.0
18814.6
19134.0
19458.2
19777.6
20100.6
20419.8
20742.0
21061.4
21383.0
21702.4
22023.6
22343.8
22664.4
22988.0
23307.8
23632.4
23951.8
24275.2
24594.8
24917.2
25238.2
25566.8
25905.6
26280.8
26609.4
26929.8
27252.2
27572.2
27894.0
28216.0
28536.2
28860.0
29179.0
29501.0
29820.6
30153.8
30488.8
30808.0
31129.2
31448.4
31769.4
32089.2
32409.8
32730.4
33050.6
33375.2
33694.4
34018.4
34337.4
34660.4
34979.8
35302.0
35621.4
35943.0
36262.6
36583.8
36904.0
37224.6
37548.6
37868.2
38192.8
38512.2
38835.6
39155.2
39477.6
39797.4
40119.2
40439.2
40760.6
41081.6
41402.4
41727.6
42047.4
42371.6
42691.4
43014.6
43334.6
43657.0
43977.2
44298.8
44620.2
44941.2
