15225.4
15549.2
15872.4
16197.6
16506.4
16829.8
17153.4
17476.6
17801.6
18110.6
18434.0
18757.6
19080.6
19405.6
19714.6
20038.0
20361.6
20684.6
21009.4
21318.4
21641.8
21965.6
22288.4
22613.4
22922.4
23245.8
23569.4
23892.4
24217.2
24526.2
24849.6
25183.0
25521.0
25850.8
26198.0
26596.4
26918.2
27240.6
27563.6
27886.6
28210.2
28534.8
28861.0
29170.0
29493.4
29817.4
30140.2
30465.0
30792.4
31101.6
31425.2
31749.4
32072.8
32398.4
32708.2
33031.6
33355.8
33678.8
34003.8
34314.0
34637.2
34961.0
35285.2
35609.4
35935.0
36244.4
36568.4
36892.6
37216.0
37541.2
37850.8
38174.2
38498.4
38821.4
39146.2
39473.2
39781.8
40105.4
40429.0
40752.6
41078.0
41386.8
41710.2
42034.0
42357.2
42682.4
42991.2
43314.8
43638.4
43961.6
44286.6
44595.4
44919.0
