15050.4
15377.6
15705.2
16033.2
16343.2
16667.6
16991.2
17315.0
17638.8
17962.8
18287.2
18611.8
18937.0
19263.0
19588.4
19913.0
20238.0
20564.0
20890.4
21217.4
21544.8
21872.6
22183.6
22508.0
22831.8
23155.6
23479.4
23803.4
24127.6
24452.0
24776.8
25106.2
25436.2
25772.8
26217.8
26542.8
26868.0
27191.8
27515.4
27839.0
28162.4
28486.2
28811.0
29136.4
29472.4
29795.4
30118.6
30442.2
30766.0
31090.2
31414.8
31740.0
32065.8
32392.0
32719.0
33056.6
33382.0
33708.4
34035.6
34363.4
34692.0
35030.6
35357.0
35684.2
36012.0
36340.0
36668.0
36996.4
37325.4
37653.6
37979.8
38307.0
38634.2
38961.8
39289.6
39617.4
39945.6
40273.8
40602.2
40930.8
41259.6
41588.6
41898.6
42223.2
42547.4
42871.6
43195.6
43519.8
43844.4
44168.6
44492.8
44817.8
