15005.0
15333.8
15657.4
15982.4
16308.6
16632.4
16962.8
17286.4
17610.2
17938.0
18261.2
18589.0
18913.8
19237.8
19567.2
19890.6
20214.2
20541.4
20864.6
21194.4
21508.4
21833.4
22163.4
22487.4
22811.2
23139.4
23462.8
23787.2
24113.4
24436.8
24767.2
25097.6
25451.0
25886.2
26254.6
26595.0
26920.0
27243.4
27560.2
27874.4
28197.4
28527.6
28851.4
29182.8
29507.2
29832.8
30159.4
30484.0
30814.4
31138.2
31462.6
31790.2
32114.0
32445.2
32769.2
33093.0
33421.6
33745.2
34070.0
34396.2
34720.0
35050.2
35373.8
35697.4
36025.2
36348.4
36675.2
37000.2
37325.2
37654.6
37977.6
38301.6
38628.8
38952.6
39283.0
39607.2
39931.2
40259.2
40571.4
40896.0
41225.0
41548.4
41872.0
42198.8
42522.6
42852.4
43166.0
43491.0
43821.8
44145.4
44469.2
44797.2
