15191.0
15523.8
15841.8
16171.6
16499.8
16827.8
17155.0
17490.0
17821.0
18138.4
18468.0
18796.4
19124.2
19455.6
19788.0
20117.4
20445.8
20773.8
21101.2
21436.4
21756.2
22087.4
22416.6
22744.8
23072.8
23406.8
23727.0
24058.6
24388.0
24716.2
25045.4
25402.8
25985.0
26339.0
26665.6
26993.2
27319.8
27632.8
27960.0
28273.4
28607.4
28936.6
29265.2
29593.0
29928.2
30258.4
30587.2
30915.4
31243.0
31573.2
31906.6
32236.6
32565.4
32893.8
33221.6
33556.8
33876.6
34207.8
34536.8
34865.2
35193.2
35526.4
35846.6
36178.2
36507.6
36835.8
37163.8
37492.0
37826.2
38156.2
38485.0
38813.2
39141.0
39474.4
39794.2
40125.8
40455.0
40783.2
41111.2
41439.2
41773.8
42092.8
42423.4
42752.4
43080.6
43408.6
43744.0
44075.0
44404.4
44733.0
