15125.4
15451.2
15779.8
16107.2
16432.8
16760.8
17086.6
17412.2
17741.2
18066.2
18391.6
18721.0
19045.8
19372.6
19702.4
20015.8
20344.2
20676.2
21000.8
21328.6
21659.8
21972.8
22302.2
22629.2
22954.8
23283.2
23609.8
23935.8
24264.2
24590.4
24915.0
25256.2
25601.2
25928.4
26260.4
26586.8
26912.4
27231.6
27544.6
27864.0
28176.0
28494.0
28806.2
29124.6
29453.0
29777.6
30096.2
30422.0
30747.6
31077.2
31402.0
31728.8
32058.8
32372.4
32701.2
33033.2
33358.0
33684.4
34015.8
34328.8
34658.6
34984.8
35311.0
35639.8
35965.6
36292.0
36621.0
36947.0
37273.4
37602.6
37928.6
38255.2
38584.4
38910.8
39237.6
39566.4
39895.4
40220.8
40548.4
40874.2
41199.8
41528.6
41854.2
42179.4
42508.4
42833.4
43159.6
43489.0
43814.0
44139.8
44469.4
44795.0
