15222.4
15554.6
15889.8
16219.8
16552.4
16888.0
17219.0
17551.6
17888.6
18234.6
18562.4
18894.8
19230.6
19559.8
19892.4
20228.6
20558.8
21023.4
21378.8
21731.2
22070.8
22412.2
22756.8
23084.8
23427.8
23770.0
24116.2
24444.8
24776.8
25127.2
25481.4
25811.8
26204.2
26540.8
26872.4
27204.8
27549.2
27880.2
28211.8
28554.4
28887.8
29217.8
29548.8
29891.6
30226.6
30556.2
30898.8
31232.0
31562.2
31893.8
32227.6
32558.2
32890.2
33234.2
33568.2
33898.0
34230.8
34567.4
34897.0
35229.4
35565.8
35895.6
36227.8
36563.4
36893.4
37225.6
37560.6
37890.6
38222.6
38567.0
38896.6
39227.2
39559.8
39889.8
40221.0
40554.2
40884.4
41216.0
41551.0
41897.0
42225.0
42556.2
42891.6
43220.2
43552.0
43887.4
44216.2
44548.4
44884.0
