15054.6
15380.4
15707.0
16034.8
16365.0
16696.8
17023.0
17349.6
17677.4
18007.0
18340.0
18667.2
18993.8
19321.4
19650.4
19982.8
20311.2
20637.8
20965.2
21294.0
21625.6
21955.6
22282.4
22609.6
22937.8
23268.4
23705.0
24047.6
24392.8
24733.8
25088.8
25438.0
25785.6
26119.6
26459.8
26872.4
27218.2
27560.8
27901.0
28240.6
28579.8
28919.2
29259.4
29600.2
29941.4
30278.8
30603.4
30930.2
31267.8
31605.8
31933.6
32259.2
32585.8
32924.0
33262.2
33589.0
33918.0
34244.0
34570.2
34897.0
35224.8
35554.6
35880.2
36206.8
36533.8
36861.8
37192.2
37517.6
37844.4
38171.6
38500.2
38830.8
39156.6
39483.6
39811.2
40140.0
40471.0
40797.0
41124.2
41451.8
41780.4
42111.2
42437.2
42764.4
43092.0
43420.4
43751.0
44076.8
44403.8
44731.2
