15054.4
15378.2
15701.8
16031.2
16355.2
16678.8
17002.0
17331.2
17655.2
17978.4
18301.2
18629.6
18953.8
19277.0
19599.8
19923.8
20249.8
20573.0
20896.0
21218.6
21546.2
21869.6
22193.0
22515.6
22844.2
23167.8
23491.2
23813.8
24142.6
24466.6
24789.8
25114.2
25459.6
25780.2
26118.2
26438.6
26761.6
27084.2
27406.8
27730.2
28057.2
28381.4
28705.4
29029.2
29358.4
29682.4
30006.6
30330.4
30659.8
30984.0
31308.2
31632.2
31961.8
32286.0
32610.0
32933.8
33263.2
33587.2
33910.8
34234.2
34563.6
34887.4
35210.8
35533.8
35863.0
36186.8
36510.2
36833.2
37161.6
37485.8
37809.4
38132.4
38457.2
38782.8
39106.2
39429.4
39752.6
40080.0
40403.4
40727.0
41050.0
41378.6
41702.0
42026.6
42349.6
42678.6
43002.2
43326.4
43649.8
43979.0
44302.8
44627.2
44950.8
