15276.6
15606.6
15939.4
16249.8
16578.6
16909.8
17239.4
17552.0
17882.0
18214.6
18525.0
18853.8
19184.8
19514.6
19827.0
20157.0
20489.6
20800.2
21128.8
21459.8
21789.6
22102.0
22431.8
22764.6
23075.2
23403.8
23734.6
24064.6
24377.0
24706.8
25058.2
25400.2
25741.8
26097.0
26422.6
26750.2
27075.8
27402.4
27733.2
28045.8
28373.8
28700.8
29029.8
29343.0
29671.6
29999.8
30324.2
30650.6
30977.6
31305.8
31630.6
31957.8
32284.8
32614.0
32926.8
33254.8
33582.8
33906.8
34233.4
34560.2
34889.0
35202.0
35530.2
35858.0
36182.0
36508.6
36835.2
37164.2
37477.2
37805.4
38133.0
38457.0
38783.4
39110.2
39439.0
39752.0
40080.0
40407.6
40731.6
41057.8
41384.6
41713.2
42026.4
42354.2
42681.8
43005.6
43332.0
43658.6
43987.2
44300.2
44628.0
44955.6
