15231.0
15551.8
15878.0
16200.8
16523.8
16853.8
17174.8
17500.0
17825.6
18148.0
18475.6
18798.2
19122.2
19454.4
19778.0
20209.2
20552.8
20895.0
21229.8
21561.8
21896.8
22236.8
22556.6
22882.2
23223.6
23544.2
23870.0
24211.2
24531.4
24856.8
25213.6
25564.8
25886.6
26235.6
26584.8
26917.2
27252.4
27578.6
27900.4
28225.6
28563.4
28897.4
29220.8
29556.6
29896.2
30217.2
30541.8
30880.6
31201.2
31525.8
31864.8
32185.4
32509.6
32831.8
33156.6
33493.2
33827.0
34149.2
34474.6
34796.0
35119.4
35441.6
35764.4
36090.0
36411.4
36734.8
37057.4
37380.0
37716.0
38037.0
38359.2
38685.4
39006.0
39329.2
39650.6
39973.2
40299.6
40620.4
40943.8
41265.4
41588.2
41914.6
42235.6
42559.6
42881.6
43205.0
43531.2
43852.8
44177.2
44500.0
44823.4
