15281.8
15603.6
15924.8
16246.4
16568.6
16891.8
17216.0
17541.8
17868.8
18178.4
18500.0
18821.2
19142.8
19465.0
19788.2
20112.4
20438.0
20765.0
21074.6
21396.2
21717.6
22039.0
22361.4
22684.8
23008.8
23334.2
23661.0
23971.0
24292.6
24613.8
24935.4
25264.6
25625.4
25931.8
26332.0
26699.8
27032.4
27370.2
27691.8
28013.4
28337.2
28670.2
28990.6
29311.6
29633.2
29955.6
30278.8
30603.6
30929.6
31253.2
31575.2
31895.4
32215.4
32536.0
32857.4
33179.6
33503.2
33828.6
34154.4
34477.2
34799.2
35119.2
35439.6
35760.2
36081.6
36404.2
36728.2
37054.0
37379.4
37702.8
38025.6
38346.2
38666.8
38987.6
39309.2
39631.8
39956.0
40281.8
40608.8
40917.6
41238.6
41559.2
41880.2
42202.0
42525.0
42849.8
43176.0
43501.0
43825.0
44148.2
44469.6
44790.6
