15105.8
15435.4
15765.4
16110.6
16450.6
16795.4
17124.8
17454.4
17791.4
18122.4
18464.0
18807.6
19137.2
19467.2
19812.0
20152.4
20496.4
20826.4
21156.4
21492.4
21833.4
22179.4
22509.4
22839.6
23177.0
23508.4
23849.6
24193.4
24534.8
24870.4
25210.6
25575.4
25920.2
26288.6
26631.4
26963.0
27293.0
27622.4
27957.4
28287.6
28617.6
28954.4
29285.6
29627.4
29970.8
30301.2
30636.6
30969.0
31310.6
31654.4
31995.0
32340.8
32670.6
33000.8
33337.6
33668.0
34009.0
34352.4
34682.0
35012.6
35357.0
35697.0
36031.6
36362.0
36703.2
37047.0
37376.8
37706.8
38042.0
38372.4
38716.8
39048.2
39379.0
39727.2
40057.6
40388.2
40734.2
41064.0
41394.2
41731.6
42062.8
42404.4
42748.0
43077.0
43407.2
43752.4
44093.2
44437.8
44767.4
