15222.0
15549.6
15872.2
16200.8
16524.2
16853.6
17165.8
17489.2
17817.0
18139.6
18468.0
18791.6
19121.0
19433.0
19756.6
20084.2
20406.8
20735.4
21047.4
21371.2
21698.2
22021.2
22349.4
22672.0
23000.8
23324.6
23654.2
23966.6
24290.0
24618.0
24940.6
25285.0
25609.4
25965.8
26289.4
26613.6
26942.6
27257.0
27581.0
27909.4
28233.2
28562.2
28885.8
29214.6
29537.8
29866.4
30190.0
30519.4
30831.2
31154.6
31482.2
31804.8
32133.4
32456.0
32785.0
33097.2
33420.6
33748.8
34071.0
34399.6
34711.8
35035.4
35362.6
35685.4
36014.0
36336.4
36665.2
36977.6
37301.0
37628.8
37951.8
38280.6
38602.8
38931.8
39244.2
39567.8
39895.8
40218.0
40546.6
40869.8
41199.0
41511.2
41834.8
42162.8
42485.0
42813.6
43137.4
43467.0
43779.0
44102.4
44430.2
44752.6
