15136.0
15455.6
15781.8
16103.4
16424.4
16744.6
17064.4
17384.0
17710.0
18031.8
18352.8
18673.0
18993.0
19312.6
19638.6
19960.4
20281.2
20601.4
20921.4
21241.0
21567.0
21888.8
22209.6
22529.8
22849.8
23169.6
23495.4
23817.2
24138.2
24458.4
24778.4
25127.2
25453.8
25774.8
26206.8
26531.6
26866.0
27199.4
27527.0
27849.8
28182.8
28522.6
28844.0
29165.8
29498.4
29833.8
30154.6
30487.8
30826.2
31148.0
31470.6
31803.8
32141.8
32463.2
32784.0
33104.4
33424.6
33751.4
34073.6
34394.4
34714.8
35034.8
35354.8
35681.2
36003.0
36323.6
36643.8
36963.8
37283.4
37609.6
37931.2
38252.0
38572.2
38892.0
39211.6
39537.6
39859.2
40180.0
40500.2
40820.0
41139.6
41465.8
41787.2
42108.0
42428.2
42748.0
43067.6
43393.6
43715.2
44036.0
44356.2
44676.0
44995.6
