15090.0
15410.4
15746.6
16083.6
16404.6
16732.6
17053.2
17389.4
17729.8
18050.4
18377.0
18712.6
19035.0
19375.0
19696.0
20032.0
20372.2
20692.0
21018.4
21353.6
21676.0
22000.8
22323.4
22661.2
22995.6
23329.4
23666.4
23987.8
24311.4
24652.2
24972.4
25316.6
25659.8
26032.8
26410.4
26749.0
27082.6
27421.4
27753.4
28087.4
28424.6
28758.2
29091.8
29427.8
29763.4
30097.0
30432.8
30773.8
31094.4
31420.8
31741.8
32077.4
32416.8
32736.8
33073.4
33411.0
33743.8
34079.4
34419.2
34739.2
35065.6
35400.4
35734.8
36072.4
36394.2
36718.0
37059.2
37380.0
37716.8
38053.0
38386.4
38711.6
39048.2
39382.8
39709.0
40043.6
40378.0
40705.6
41026.4
41352.2
41687.2
42021.0
42357.8
42679.0
43002.4
43343.2
43663.0
43999.6
44337.0
44657.8
44985.6
