15064.2
15380.2
15710.8
16040.8
16374.2
16689.6
17009.2
17338.0
17667.4
17985.6
18302.2
18621.8
18953.2
19281.4
19611.0
19941.4
20257.6
20576.0
20906.6
21237.0
21553.2
21885.2
22219.4
22535.0
22865.6
23183.2
23501.2
23832.6
24165.2
24493.6
24811.4
25149.0
25465.2
25798.8
26201.2
26554.4
26895.4
27222.2
27550.4
27879.8
28211.8
28539.2
28868.2
29197.8
29529.2
29857.2
30186.6
30516.4
30848.6
31177.0
31506.6
31837.0
32165.4
32495.0
32825.2
33157.4
33486.2
33816.8
34146.8
34479.6
34795.6
35126.8
35459.4
35787.8
36118.4
36448.2
36780.8
37097.0
37428.2
37759.8
38087.8
38418.0
38748.4
39081.8
39398.0
39728.8
40060.6
40388.6
40718.4
41048.2
41382.0
41698.0
42029.0
42361.4
42689.8
43020.4
43350.2
43682.4
43998.2
44328.8
44660.8
44989.2
