15153.8
15488.4
15821.8
16154.8
16493.0
16816.2
17150.8
17484.0
17817.2
18154.8
18477.6
18811.8
19144.8
19478.2
19804.8
20129.8
20464.0
20796.2
21128.6
21468.2
21791.6
22114.6
22448.8
22780.8
23113.8
23440.0
23765.4
24099.8
24432.6
24765.0
25122.0
25459.4
25792.8
26142.8
26471.0
26808.4
27133.4
27457.4
27792.2
28125.6
28465.2
28788.0
29110.8
29444.8
29776.6
30114.0
30436.8
30760.0
31094.0
31425.6
31763.6
32088.0
32411.8
32745.6
33078.0
33409.0
33747.2
34080.8
34413.8
34746.4
35084.0
35408.8
35742.8
36075.6
36407.4
36743.8
37078.6
37411.6
37744.6
38076.8
38415.0
38748.6
39082.0
39415.2
39755.2
40079.2
40414.0
40747.6
41080.2
41419.2
41742.6
42077.0
42410.2
42742.6
43080.8
43403.4
43737.4
44070.0
44389.8
44725.6
