15212.2
15537.4
15861.0
16183.6
16505.4
16826.8
17147.8
17468.6
17789.6
18115.0
18440.2
18763.6
19086.2
19407.8
19729.2
20050.0
20370.8
20691.4
21013.6
21340.0
21664.0
21986.6
22308.6
22630.0
22951.0
23271.8
23592.2
23913.2
24239.8
24564.4
24887.4
25218.2
25580.0
25966.2
26323.0
26679.0
27020.6
27352.2
27674.0
28008.8
28335.0
28658.2
28991.4
29331.0
29663.8
29996.0
30317.6
30641.6
30978.2
31301.4
31624.2
31946.6
32268.6
32590.2
32911.8
33239.6
33564.8
33888.8
34212.0
34534.6
34856.6
35178.6
35500.8
35829.0
36154.0
36478.0
36801.0
37123.6
37445.6
37767.4
38090.6
38418.0
38742.4
39065.8
39388.2
39710.0
40031.6
40352.8
40674.4
41001.6
41326.2
41649.4
41971.8
42293.6
42614.8
42935.8
43256.8
43578.0
43905.0
44229.4
44552.4
44874.6
