15211.8
15545.6
15865.4
16195.8
16523.8
16851.0
17182.4
17504.4
17834.0
18161.8
18489.4
18817.2
19150.2
19469.0
19798.4
20126.2
20453.2
20787.0
21107.0
21436.8
21764.2
22091.2
22423.8
22744.8
23074.6
23402.8
23730.4
24059.4
24391.8
24710.4
25048.4
25380.2
25732.4
26076.6
26418.8
26761.2
27091.4
27420.4
27747.2
28074.0
28407.4
28726.4
29055.6
29382.2
29709.2
30042.2
30361.0
30680.2
31009.6
31337.4
31665.4
31998.0
32327.2
32655.4
32982.6
33311.4
33643.6
33962.0
34281.2
34610.4
34938.0
35266.8
35599.6
35927.8
36255.2
36582.4
36915.2
37235.2
37555.6
37885.4
38213.6
38540.8
38875.0
39204.4
39532.6
39860.6
40189.0
40504.8
40838.8
41167.4
41495.2
41822.6
42155.2
42475.6
42796.4
43126.4
43453.8
43781.0
44114.8
44435.2
44765.2
