15191.6
15517.0
15840.0
16166.8
16478.4
16806.8
17118.8
17442.8
17766.2
18088.2
18412.0
18733.8
19058.2
19379.2
19703.8
20024.8
20349.2
20671.0
20995.8
21317.8
21643.2
21955.0
22283.2
22595.6
22919.4
23243.0
23565.2
23889.2
24211.0
24535.6
24856.6
25191.2
25532.2
25856.4
26189.4
26567.6
26887.4
27211.6
27533.0
27858.0
28179.2
28504.0
28825.2
29149.4
29470.4
29795.0
30116.2
30441.0
30762.2
31087.4
31408.8
31734.4
32055.8
32381.8
32703.4
33029.6
33351.4
33677.6
33999.6
34326.0
34648.2
34974.6
35296.8
35623.2
35945.6
36271.8
36594.4
36920.4
37243.0
37569.0
37891.4
38217.2
38539.6
38865.2
39187.4
39512.8
39835.0
40160.4
40482.4
40807.8
41130.0
41455.6
41778.4
42104.6
42416.0
42744.6
43056.6
43380.4
43703.8
44025.8
44349.6
44671.2
44995.8
