15237.2
15566.8
15896.4
16226.6
16557.2
16876.0
17188.4
17515.8
17842.4
18169.2
18495.8
18822.6
19149.8
19477.2
19804.4
20131.4
20458.6
20786.4
21114.8
21443.4
21772.2
22101.2
22430.6
22760.2
23090.0
23420.4
23739.2
24051.8
24379.4
24706.2
25033.4
25362.0
25715.0
26044.0
26359.4
26806.8
27144.6
27484.8
27812.2
28139.6
28466.8
28794.0
29121.0
29448.2
29775.4
30103.2
30431.2
30759.6
31088.6
31418.0
31747.8
32078.0
32408.4
32739.2
33070.2
33401.4
33732.8
34064.2
34395.6
34727.0
35058.4
35389.8
35721.2
36052.6
36383.8
36715.0
37045.8
37376.6
37707.2
38037.8
38368.4
38687.4
39000.4
39328.0
39655.0
39981.8
40308.6
40635.4
40962.4
41289.6
41617.2
41944.4
42271.4
42598.8
42927.0
43255.4
43584.2
43913.4
44242.6
44572.0
44901.8
