15073.6
15405.8
15738.2
16070.4
16402.8
16735.0
17067.4
17399.6
17732.0
18064.2
18396.6
18728.8
19061.0
19393.2
19725.4
20057.6
20389.6
20721.8
21053.8
21385.8
21717.8
22049.8
22381.8
22713.6
23045.6
23377.6
23709.6
24041.4
24373.4
24705.4
25037.4
25369.2
25703.4
26110.0
26475.4
26810.8
27152.0
27491.0
27826.8
28272.4
28623.0
28990.2
29328.6
29664.4
29998.6
30332.0
30665.0
30997.8
31330.6
31663.4
31996.0
32328.8
32661.4
32993.8
33326.4
33658.8
33991.2
34323.6
34656.0
34988.2
35320.4
35652.4
35984.4
36316.4
36648.2
36980.2
37312.0
37643.8
37975.6
38307.6
38639.6
38971.4
39303.6
39635.6
39967.6
40299.6
40631.8
40964.0
41296.0
41628.2
41960.4
42292.6
42624.8
42957.0
43289.2
43621.4
43953.6
44285.8
44618.0
44950.2
