15256.2
15584.0
15908.6
16239.4
16563.6
16890.4
17216.6
17540.8
17870.8
18194.6
18522.6
18847.8
19172.0
19501.4
19825.0
20152.6
20477.8
20802.0
21131.4
21455.0
21781.2
22106.8
22431.0
22760.6
23084.2
23409.4
23735.6
24060.2
24390.2
24713.8
25068.0
25395.2
25726.2
26174.4
26507.0
26847.4
27172.8
27497.4
27825.6
28150.0
28480.2
28816.0
29144.2
29480.0
29807.8
30143.8
30471.2
30794.8
31126.0
31449.4
31773.6
32101.6
32425.2
32756.6
33080.2
33404.6
33732.4
34056.4
34387.6
34711.4
35035.8
35363.6
35687.6
36019.0
36342.8
36667.6
36995.2
37319.6
37650.6
37974.8
38300.2
38627.4
38952.4
39283.2
39607.6
39937.4
40262.8
40588.2
40917.8
41242.6
41575.2
41899.8
42225.4
42553.8
42879.2
43210.6
43535.2
43866.8
44191.8
44516.8
44846.0
