15106.4
15439.2
15777.8
16104.6
16432.0
16768.0
17101.0
17434.0
17766.6
18106.0
18442.0
18765.8
19090.6
19425.6
19759.0
20091.8
20430.8
20767.0
21101.4
21435.4
21768.4
22101.8
22441.0
22766.2
23092.0
23427.2
23760.2
24093.2
24425.8
24765.2
25107.4
25446.0
25782.2
26126.6
26448.4
26768.8
27089.4
27411.2
27744.0
28076.2
28396.2
28733.6
29059.0
29385.0
29720.2
30054.0
30387.0
30720.6
31040.2
31380.0
31705.0
32030.6
32366.0
32700.0
33033.2
33365.6
33704.8
34030.8
34356.8
34682.6
35018.2
35352.2
35685.2
36018.0
36357.6
36682.8
37008.6
37344.2
37678.2
38011.0
38343.6
38683.2
39018.4
39352.4
39674.8
40008.8
40341.8
40676.0
41014.4
41349.0
41683.0
42016.2
42348.8
42688.0
43013.8
43340.6
43675.6
44008.6
44341.4
44673.6
