15006.8
15326.2
15645.6
15965.0
16284.4
16603.8
16923.2
17242.6
17562.0
17881.4
18200.8
18520.2
18839.6
19158.8
19478.2
19797.6
20117.0
20436.2
20755.6
21075.0
21394.2
21713.6
22033.0
22352.2
22671.6
22990.8
23310.2
23629.6
23948.8
24268.2
24587.4
24906.8
25227.8
25560.2
25877.8
26205.6
26522.8
26952.6
27293.2
27626.2
27958.4
28290.0
28625.8
28957.8
29289.8
29621.2
29952.8
30288.2
30620.4
30940.2
31260.0
31579.8
31899.8
32219.6
32539.8
32860.0
33179.8
33499.6
33819.2
34139.0
34458.6
34778.4
35098.4
35418.2
35738.0
36057.6
36377.2
36696.8
37016.2
37335.8
37655.4
37975.0
38295.0
38614.8
38934.4
39253.8
39573.4
39893.0
40212.4
40532.0
40851.6
41171.2
41490.8
41810.6
42130.4
42449.8
42769.4
43088.8
43408.4
43727.8
44047.4
44367.0
44686.6
