15212.8
15527.4
15855.0
16181.8
16510.6
16841.8
17175.2
17488.0
17816.4
18145.4
18476.4
18809.0
19121.4
19449.8
19778.8
20110.0
20442.8
20755.0
21083.6
21413.0
21744.4
22077.4
22389.8
22718.6
23048.2
23379.4
23712.8
24025.6
24354.0
24683.0
25026.8
25369.8
25712.8
26063.6
26400.0
26727.6
27060.0
27373.4
27691.0
28022.8
28354.4
28666.6
28983.0
29313.0
29644.2
29976.8
30289.0
30617.4
30946.4
31277.4
31610.2
31922.4
32251.2
32580.6
32911.8
33244.8
33557.0
33886.2
34215.6
34546.8
34880.0
35192.2
35521.2
35850.8
36181.8
36515.0
36827.2
37156.4
37485.8
37816.8
38130.8
38458.6
38785.8
39115.2
39447.0
39761.2
40088.4
40416.8
40746.8
41079.0
41406.0
41732.0
42059.8
42388.8
42719.8
43033.6
43361.4
43689.2
44018.8
44350.4
44682.0
