15042.2
15368.4
15695.8
16024.2
16355.0
16681.4
17009.0
17337.8
17669.0
17995.6
18323.4
18652.6
18984.0
19311.0
19639.0
19968.4
20300.6
20626.2
20953.4
21282.0
21612.6
21939.2
22267.0
22596.0
22927.6
23255.2
23583.4
23913.2
24373.8
24718.8
25060.6
25405.8
25765.6
26104.2
26526.2
26872.6
27210.4
27537.4
27877.6
28209.4
28536.2
28863.0
29202.8
29541.4
29881.0
30213.0
30538.2
30864.6
31193.2
31525.8
31850.4
32177.0
32506.0
32836.2
33161.0
33488.2
33817.8
34146.6
34472.0
34799.4
35129.8
35458.0
35783.8
36111.6
36442.6
36770.8
37096.8
37424.8
37756.2
38084.0
38410.2
38738.2
39070.0
39398.0
39724.4
40052.8
40384.8
40713.4
41040.2
41368.6
41700.2
42029.2
42355.8
42684.4
43016.0
43345.6
43672.6
44001.2
44332.6
44663.8
44990.6
