15323.4
15653.8
15974.0
16293.2
16612.0
16930.8
17259.4
17576.0
17894.0
18222.2
18554.6
18874.2
19193.0
19512.8
19841.6
20168.2
20501.0
20820.0
21138.6
21457.2
21786.6
22113.6
22429.0
22747.0
23080.0
23399.4
23718.8
24048.0
24375.6
24705.2
25043.8
25368.4
25699.4
26045.6
26453.8
26781.0
27102.2
27424.8
27755.2
28082.2
28408.6
28741.6
29069.8
29397.4
29724.6
30057.4
30376.4
30705.8
31033.8
31362.0
31694.6
32023.0
32350.8
32678.2
33011.2
33330.4
33659.6
33975.8
34292.8
34621.4
34952.4
35272.2
35592.0
35910.8
36240.2
36567.0
36895.0
37213.6
37536.0
37856.0
38184.8
38512.4
38827.8
39144.8
39475.4
39805.8
40134.0
40450.0
40767.0
41095.4
41423.8
41744.0
42064.4
42383.6
42712.4
43040.2
43367.8
43684.6
44004.8
44326.0
44646.0
44975.2
