15072.6
15392.8
15717.0
16035.0
16357.6
16675.6
16997.0
17315.2
17635.6
17959.2
18277.4
18600.2
18918.2
19239.6
19557.6
19878.2
20198.6
20517.6
20841.0
21159.0
21480.8
21798.8
22119.8
22438.2
22758.4
23082.2
23400.4
23722.8
24040.8
24362.2
24680.2
25000.6
25342.0
25684.2
26038.8
26376.6
26697.0
27017.4
27337.6
27656.6
27977.0
28302.2
28620.6
28943.0
29263.0
29583.2
29907.6
30226.0
30548.0
30867.0
31188.0
31513.0
31831.4
32154.8
32473.6
32795.2
33115.4
33436.0
33761.0
34079.6
34402.2
34721.6
35042.8
35368.4
35687.0
36010.4
36329.4
36651.0
36972.2
37292.2
37617.0
37935.4
38257.6
38576.4
38897.4
39221.2
39539.6
39863.0
40181.0
40502.8
40821.0
41141.8
41465.0
41783.2
42106.4
42424.4
42746.0
43064.0
43384.8
43705.0
44024.2
44347.8
44665.8
44987.6
