15199.2
15532.0
15850.2
16180.6
16516.0
16846.8
17176.8
17512.0
17831.0
18161.6
18491.6
18824.8
19154.2
19483.8
19817.6
20147.8
20477.4
20811.6
21130.2
21460.8
21795.6
22127.0
22456.6
22792.4
23112.4
23443.4
23773.2
24107.4
24437.4
24766.8
25114.4
25446.2
25807.2
26140.8
26471.0
26887.0
27237.6
27580.8
27926.6
28255.4
28584.4
28916.0
29245.0
29578.2
29908.6
30237.8
30572.0
30902.8
31232.2
31566.4
31897.6
32227.4
32561.8
32893.2
33223.4
33558.8
33890.4
34220.8
34556.6
34888.2
35218.8
35554.6
35886.2
36216.8
36552.2
36883.8
37215.0
37549.6
37881.2
38214.2
38548.2
38879.8
39217.0
39538.2
39870.4
40203.0
40536.8
40868.2
41204.6
41537.6
41869.2
42206.0
42538.2
42869.6
43205.2
43537.0
43868.4
44203.0
44534.4
44868.2
