15271.4
15598.0
15919.2
16243.0
16569.2
16890.4
17213.8
17539.6
17860.8
18184.0
18509.8
18830.4
19153.4
19478.4
19800.0
20123.0
20447.8
20769.6
21092.4
21417.2
21739.4
22062.0
22386.6
22709.4
23031.8
23356.2
23681.6
24003.6
24328.2
24655.0
24976.8
25308.2
25643.2
25994.2
26331.6
26745.8
27085.6
27419.4
27754.0
28080.0
28401.2
28725.8
29061.4
29395.6
29720.8
30042.0
30365.4
30691.4
31012.2
31335.4
31661.2
31982.0
32305.0
32630.6
32951.4
33274.4
33599.8
33920.6
34243.4
34568.8
34889.6
35212.4
35537.6
35858.6
36181.2
36506.4
36827.4
37150.0
37475.0
37796.2
38118.8
38443.6
38764.8
39087.4
39412.4
39733.6
40056.2
40381.0
40702.4
41025.0
41349.6
41671.2
41993.6
42318.4
42640.0
42962.6
43287.2
43609.0
43931.4
44256.0
44578.2
44900.6
