15279.2
15601.0
15922.8
16246.2
16572.2
16892.8
17215.0
17540.4
17861.6
18183.6
18507.6
18834.2
19155.0
19477.6
19802.2
20122.2
20443.4
20767.8
21093.6
21414.0
21736.8
22061.8
22382.8
22705.0
23030.2
23356.4
23677.4
24000.6
24326.8
24648.6
24971.2
25303.4
25646.6
25990.8
26323.0
26644.2
26966.4
27287.2
27609.4
27934.8
28255.8
28577.2
28899.6
29221.2
29543.6
29869.4
30190.2
30515.0
30836.6
31158.8
31484.0
31807.4
32129.2
32453.0
32780.2
33101.8
33424.6
33749.8
34077.0
34398.2
34721.4
35046.8
35367.0
35688.6
36012.8
36338.6
36659.4
36982.6
37307.6
37629.0
37951.4
38276.0
38602.8
38924.0
39247.6
39693.6
40039.0
40374.8
40708.8
41045.4
41364.6
41685.4
42008.4
42327.8
42648.6
42970.8
43290.4
43610.8
43932.6
44252.8
44573.2
44895.0
