15011.8
15342.6
15677.6
16009.2
16339.2
16670.8
17006.8
17340.2
17771.8
18115.4
18460.4
18802.0
19144.2
19489.0
19816.0
20144.0
20475.0
20806.2
21133.2
21463.2
21806.2
22152.0
22480.8
22809.6
23140.6
23476.0
23803.8
24133.2
24465.6
24797.6
25127.8
25461.2
25804.0
26133.2
26478.2
26918.6
27274.2
27614.8
27955.6
28296.0
28636.4
28977.6
29320.6
29664.4
29990.6
30320.0
30661.0
31003.6
31330.4
31658.8
31988.4
32316.4
32644.4
32973.2
33305.2
33632.2
33960.8
34291.0
34618.4
34946.6
35276.0
35619.2
35946.2
36274.6
36604.2
36935.4
37262.8
37592.0
37934.4
38264.0
38591.8
38921.2
39253.0
39581.0
39910.2
40252.4
40584.0
40912.2
41241.4
41572.4
41916.6
42244.4
42573.8
42904.2
43238.0
43566.0
43896.0
44227.6
44556.6
44886.4
