15126.0
15454.4
15778.0
16100.6
16422.8
16751.4
17074.8
17397.6
17720.0
18048.4
18372.0
18694.8
19017.2
19345.4
19669.0
19992.0
20314.4
20642.6
20966.4
21289.4
21611.8
21940.0
22263.6
22586.8
22909.4
23237.4
23561.2
23884.4
24207.4
24535.2
24859.0
25185.2
25549.8
25929.2
26267.6
26603.4
26938.0
27273.8
27600.2
27923.6
28246.6
28575.4
28898.4
29221.0
29547.6
29871.6
30206.6
30546.8
30869.4
31192.0
31533.8
31857.4
32180.8
32503.6
32832.6
33156.2
33479.2
33802.0
34130.8
34454.4
34777.6
35100.4
35428.8
35752.4
36075.6
36398.6
36726.6
37050.2
37373.2
37696.2
38023.8
38347.0
38669.8
38992.6
39320.0
39643.0
39965.4
40287.8
40615.4
40938.2
41260.6
41582.6
41910.4
42233.2
42555.6
42877.4
43205.6
43528.2
43850.8
44172.6
44500.8
44823.6
