15060.6
15385.8
15712.8
16037.2
16367.0
16691.6
17019.0
17345.6
17670.2
18000.0
18324.2
18656.2
18969.6
19295.0
19625.4
19938.4
20263.4
20593.2
20917.4
21248.8
21573.6
21898.2
22226.6
22550.8
22881.8
23194.6
23519.8
23849.8
24174.2
24503.6
24818.6
25147.4
25500.0
25837.4
26221.2
26556.4
26898.8
27223.6
27548.4
27877.4
28202.0
28532.2
28856.4
29188.2
29512.0
29843.6
30167.8
30492.0
30820.2
31144.0
31475.4
31799.6
32123.8
32451.6
32775.6
33106.8
33431.0
33755.4
34083.0
34407.2
34738.2
35062.4
35387.4
35714.6
36039.0
36369.8
36694.0
37022.8
37348.6
37673.2
38003.2
38327.6
38659.8
38984.8
39309.8
39638.4
39963.2
40295.0
40619.8
40950.0
41276.2
41601.6
41931.4
42256.6
42589.2
42914.6
43241.8
43569.4
43895.0
44225.8
44550.8
44883.6
