15110.6
15431.6
15753.6
16061.6
16375.6
16695.4
17017.4
17325.4
17651.2
17960.2
18286.0
18594.8
18920.8
19229.6
19553.8
19864.6
20184.2
20505.4
20826.6
21137.2
21445.8
21770.0
22079.4
22404.2
22712.8
23039.0
23348.8
23669.6
23991.0
24298.2
24612.0
24932.0
25266.6
25604.6
25921.2
26254.0
26709.6
27023.4
27352.6
27672.0
27997.0
28315.8
28638.4
28956.8
29278.0
29596.6
29917.8
30236.4
30557.4
30876.4
31196.6
31515.4
31836.4
32158.2
32478.4
32801.4
33110.2
33431.8
33753.8
34076.8
34386.2
34708.2
35030.8
35355.0
35663.8
35986.6
36308.8
36633.4
36941.8
37267.0
37577.4
37897.6
38218.8
38526.4
38842.0
39161.8
39484.4
39792.8
40103.2
40426.4
40750.4
41059.0
41369.0
41693.4
42012.4
42333.4
42641.6
42958.0
43279.0
43603.4
43924.2
44236.6
44546.0
44872.2
