15282.6
15601.6
15918.2
16236.4
16556.2
16878.4
17201.0
17517.4
17835.4
18154.6
18476.0
18799.4
19116.0
19433.6
19752.2
20072.8
20395.8
20715.4
21032.4
21350.8
21670.6
21992.8
22316.6
22633.2
22951.0
23270.0
23591.2
23914.6
24234.0
24551.4
24870.0
25199.8
25537.6
25922.8
26433.6
26757.2
27089.8
27422.0
27753.8
28073.8
28406.0
28737.8
29068.2
29398.6
29729.4
30049.0
30381.2
30712.6
31044.4
31366.6
31700.8
32034.2
32356.2
32679.2
32995.2
33313.0
33632.0
33953.2
34276.2
34592.6
34910.0
35228.6
35549.0
35871.8
36189.6
36506.6
36824.8
37144.8
37467.4
37789.2
38105.4
38423.4
38742.8
39064.4
39387.6
39704.0
40021.6
40340.4
40661.2
40984.2
41302.0
41619.4
41937.8
42258.0
42580.6
42903.2
43219.8
43537.8
43857.0
44178.6
44502.2
44819.6
