15121.2
15441.4
15761.8
16080.2
16398.0
16715.6
17033.2
17355.8
17674.4
17992.4
18310.0
18627.4
18948.6
19268.4
19586.4
19904.2
20221.6
20539.0
20861.4
21180.0
21497.8
21815.4
22132.8
22453.8
22773.6
23091.8
23409.4
23726.8
24044.2
24366.6
24685.2
25003.4
25325.0
25657.2
25993.8
26433.4
26762.0
27097.4
27418.4
27739.8
28072.4
28408.0
28725.4
29044.6
29377.6
29710.6
30044.0
30367.6
30691.8
31015.4
31338.2
31660.0
31981.0
32301.2
32620.4
32939.0
33257.4
33575.4
33893.4
34211.2
34531.4
34853.2
35172.4
35491.0
35809.2
36127.2
36445.4
36768.6
37087.8
37406.4
37724.8
38042.8
38362.4
38684.0
39003.0
39321.4
39639.8
39957.8
40281.4
40600.6
40919.4
41237.8
41556.0
41879.6
42199.4
42518.0
42836.4
43154.6
43476.0
43796.4
44115.2
44433.2
44751.2
