15073.0
15405.8
15736.2
16057.0
16388.2
16720.0
17057.4
17375.4
17713.2
18031.8
18368.8
18698.0
19032.0
19350.2
19684.2
20014.0
20346.2
20664.8
20998.0
21330.2
21649.4
21985.0
22305.0
22643.6
22963.4
23301.0
23630.2
23964.6
24283.2
24617.6
24947.2
25281.2
25638.2
25967.0
26331.8
26670.4
27004.8
27334.4
27668.0
27998.6
28330.6
28667.4
28985.6
29321.2
29651.8
29983.8
30321.2
30639.2
30977.2
31296.0
31633.2
31962.4
32296.0
32627.8
32959.8
33296.6
33613.8
33933.4
34266.6
34603.6
34922.0
35259.8
35589.4
35924.0
36243.0
36577.2
36906.4
37238.8
37577.4
37895.0
38214.8
38547.8
38884.6
39203.0
39540.6
39870.6
40204.4
40533.8
40866.2
41184.0
41516.8
41848.4
42168.2
42501.4
42822.0
43156.4
43486.4
43822.8
44141.0
44477.8
44807.8
