15151.6
15478.0
15810.0
16137.0
16463.4
16791.0
17120.0
17446.4
17772.4
18103.2
18429.6
18755.8
19087.6
19414.0
19740.4
20073.0
20399.4
20725.8
21059.0
21385.6
21712.0
22045.4
22372.2
22698.8
23031.8
23359.0
23685.6
24018.2
24345.6
24672.4
25025.2
25346.8
25719.2
26055.4
26398.0
26738.4
27076.4
27422.0
27748.6
28075.6
28409.8
28737.4
29065.0
29399.6
29726.8
30054.6
30388.2
30715.2
31042.6
31376.0
31703.2
32030.6
32364.2
32691.4
33019.0
33352.6
33680.0
34007.6
34341.0
34668.4
34995.8
35329.0
35656.2
35983.2
36316.4
36643.2
36970.0
37303.2
37630.0
37956.4
38289.8
38616.4
38942.8
39276.4
39602.8
39929.4
40262.6
40589.4
40915.8
41247.8
41574.8
41901.4
42229.0
42558.0
42884.4
43210.4
43541.0
43867.4
44193.6
44525.4
44851.8
