15197.6
15525.6
15850.6
16175.0
16499.0
16822.8
17146.8
17469.8
17793.0
18115.8
18439.4
18767.0
19092.0
19416.6
19740.6
20064.4
20388.2
20712.4
21035.8
21358.4
21686.0
22011.8
22336.8
22661.4
22985.2
23309.0
23633.2
23956.6
24279.4
24603.4
24931.0
25266.6
25619.0
25949.8
26345.0
26655.2
26987.0
27313.0
27638.0
27962.4
28286.0
28609.4
28935.8
29266.4
29584.6
29902.8
30229.6
30554.8
30879.2
31202.8
31526.8
31853.6
32184.2
32503.8
32822.6
33150.2
33475.8
33800.4
34124.4
34448.0
34773.8
35101.6
35431.6
35761.0
36088.6
36414.2
36739.0
37066.0
37397.0
37716.8
38036.0
38355.0
38673.8
39001.4
39327.2
39652.0
39976.0
40301.0
40628.8
40959.8
41278.6
41597.4
41925.0
42250.8
42575.6
42899.8
43224.6
43552.4
43883.4
44202.2
44521.0
44848.6
