15188.8
15511.8
15834.4
16157.0
16479.2
16801.2
17123.2
17445.0
17766.8
18088.6
18410.2
18731.8
19053.4
19375.0
19696.6
20018.2
20339.6
20661.2
20982.8
21304.4
21626.2
21947.8
22269.6
22591.4
22913.2
23235.2
23557.0
23879.0
24201.2
24523.2
24845.6
25193.0
25522.4
25850.6
26194.2
26523.0
26843.4
27166.0
27488.2
27810.4
28132.2
28453.8
28775.0
29096.2
29417.2
29738.2
30059.4
30382.8
30706.8
31029.2
31350.0
31672.8
31998.6
32308.0
32629.8
32950.8
33271.8
33592.8
33916.0
34244.4
34569.8
34894.0
35217.6
35541.0
35864.0
36186.8
36509.4
36831.8
37154.2
37476.4
37798.4
38120.4
38442.2
38764.2
39086.0
39407.6
39729.2
40050.8
40372.4
40694.0
41015.4
41336.8
41658.2
41979.6
42300.8
42622.0
42943.2
43264.4
43585.4
43906.4
44227.4
44548.4
44869.4
