15221.6
15557.6
15888.8
16219.8
16556.4
16875.2
17206.8
17543.2
17864.0
18196.0
18526.8
18862.2
19193.2
19524.0
19859.6
20190.6
20521.2
20857.0
21188.2
21518.8
21855.0
22186.4
22517.2
22853.8
23185.4
23516.6
23853.2
24172.2
24504.2
24841.8
25174.6
25507.6
25882.0
26226.8
26576.2
26904.4
27233.8
27568.6
27898.2
28228.0
28561.8
28891.8
29222.0
29554.4
29884.4
30214.4
30547.2
30877.2
31206.0
31540.6
31870.6
32200.4
32536.0
32866.2
33196.2
33532.2
33851.0
34182.0
34510.8
34845.0
35174.8
35504.4
35839.6
36169.6
36499.2
36835.2
37165.4
37495.4
37831.4
38150.6
38481.6
38810.2
39144.8
39474.6
39804.0
40139.4
40469.4
40799.0
41135.0
41465.2
41795.0
42130.8
42461.4
42791.2
43125.6
43456.4
43786.6
44116.6
44449.4
44779.6
