15167.0
15499.4
15830.6
16162.6
16484.4
16805.0
17124.0
17455.2
17786.0
18117.2
18437.8
18761.4
19080.6
19412.0
19742.2
20072.6
20403.6
20723.4
21046.4
21381.6
21703.8
22038.6
22356.4
22687.8
23018.4
23349.4
23669.4
23992.6
24311.6
24642.0
24972.4
25307.8
25643.2
25986.2
26480.6
26804.0
27123.0
27454.0
27784.8
28115.0
28444.6
28774.2
29104.6
29435.0
29765.6
30095.8
30426.0
30757.0
31077.6
31400.4
31719.0
32050.2
32380.4
32711.2
33042.8
33363.2
33686.2
34004.2
34334.8
34653.2
34985.0
35306.0
35626.4
35944.0
36274.8
36593.6
36915.8
37232.6
37551.6
37882.8
38203.2
38525.8
38842.8
39173.4
39491.8
39813.4
40133.0
40451.0
40782.0
41101.6
41423.4
41741.2
42071.6
42389.6
42721.4
43042.2
43363.2
43680.2
44000.0
44331.6
44653.0
44970.4
