15120.0
15445.4
15776.0
16092.6
16409.2
16736.2
17061.8
17387.8
17717.0
18043.2
18368.6
18693.8
19024.0
19350.0
19675.6
20000.8
20331.2
20658.2
20984.2
21309.4
21639.8
21956.6
22283.8
22609.4
22934.6
23264.6
23591.2
23916.6
24241.8
24571.8
24898.6
25229.6
25557.4
25908.6
26232.0
26637.0
26971.4
27298.2
27624.2
27949.4
28279.0
28605.6
28933.2
29274.0
29599.2
29924.0
30248.6
30578.0
30903.8
31228.8
31553.4
31879.6
32207.2
32532.6
32857.4
33182.0
33511.2
33837.0
34162.2
34486.8
34813.8
35140.8
35466.2
35791.0
36115.4
36444.6
36770.2
37095.2
37419.8
37748.6
38075.0
38400.4
38725.0
39049.8
39378.4
39704.0
40029.0
40353.6
40683.2
41009.2
41334.4
41659.2
41984.6
42312.6
42638.2
42963.0
43287.6
43617.0
43943.0
44268.2
44592.8
44919.6
