15217.0
15550.2
15880.4
16216.0
16545.8
16879.8
17211.0
17543.0
17876.2
18207.2
18542.8
18873.8
19211.6
19531.6
19865.4
20199.6
20530.6
20866.4
21197.6
21535.6
21855.4
22175.8
22513.2
22843.8
23180.8
23500.8
23833.0
24167.4
24497.8
24834.4
25169.6
25517.6
25866.8
26197.8
26545.8
26887.2
27216.8
27552.4
27883.0
28215.0
28547.6
28877.8
29212.8
29543.2
29880.6
30200.4
30534.0
30867.6
31198.4
31534.0
31865.0
32202.8
32523.2
32843.8
33181.0
33511.6
33848.8
34169.0
34501.4
34835.6
35166.2
35502.8
35834.0
36171.8
36492.2
36825.6
37160.8
37492.2
37828.8
38160.8
38499.8
38820.4
39141.2
39478.4
39809.8
40147.8
40468.0
40801.8
41136.0
41467.2
41803.0
42134.2
42472.2
42792.4
43113.4
43450.4
43781.0
44118.6
44438.6
44771.2
