15238.8
15570.4
15902.2
16234.0
16566.2
16898.6
17231.0
17563.6
17896.4
18229.2
18562.2
18895.4
19228.6
19561.8
19895.2
20216.6
20535.2
20868.0
21198.0
21527.0
21857.0
22187.4
22518.2
22849.2
23180.4
23511.8
23843.4
24175.4
24507.4
24839.8
25182.2
25520.4
25894.2
26221.4
26633.4
26977.0
27321.0
27652.6
27984.0
28315.2
28646.6
28977.0
29307.6
29638.2
29969.0
30300.2
30631.8
30963.6
31296.0
31628.6
31961.6
32294.6
32628.0
32961.6
33295.2
33629.0
33962.8
34296.6
34630.6
34964.6
35298.4
35632.4
35966.4
36300.2
36634.2
36968.2
37302.0
37635.8
37969.6
38303.4
38636.8
38970.2
39303.4
39636.6
39969.8
40303.2
40636.4
40958.6
41275.8
41605.8
41935.0
42265.0
42595.2
42925.6
43256.0
43587.0
43918.0
44249.2
44580.8
44912.6
