15106.4
15437.0
15762.2
16089.6
16419.6
16734.6
17066.2
17390.8
17718.6
18045.0
18371.0
18700.6
19025.0
19352.6
19681.8
19996.8
20328.4
20653.4
20981.6
21307.8
21634.2
21964.2
22288.6
22616.0
22945.0
23270.4
23599.4
23924.0
24251.0
24581.2
24906.8
25245.2
25587.4
25939.8
26251.6
26603.8
26937.4
27264.8
27590.2
27917.2
28247.8
28572.2
28899.4
29229.6
29554.8
29882.8
30213.0
30538.6
30867.6
31193.4
31520.4
31850.6
32176.0
32504.0
32832.2
33158.0
33487.4
33812.2
34139.4
34469.8
34795.0
35123.4
35448.8
35775.4
36105.0
36430.2
36758.2
37085.0
37411.0
37740.0
38065.0
38392.6
38721.8
39036.2
39367.4
39682.4
40013.4
40338.0
40665.4
40995.2
41320.6
41649.4
41974.2
42301.2
42631.2
42945.6
43276.4
43601.4
43928.8
44258.8
44584.2
44913.0
