15197.2
15525.0
15848.4
16171.6
16495.2
16819.6
17145.2
17469.8
17794.6
18121.2
18449.2
18773.0
19096.4
19419.8
19744.4
20068.0
20392.2
20717.8
21044.8
21373.4
21684.0
22008.4
22333.0
22659.0
22983.6
23308.4
23635.0
23963.0
24273.8
24598.2
24922.8
25259.0
25616.8
25970.6
26378.0
26698.0
27026.2
27351.2
27677.0
28003.2
28340.0
28676.4
29000.8
29326.2
29662.8
29998.8
30324.2
30651.8
30990.6
31326.6
31651.8
31978.0
32305.2
32633.6
32957.0
33280.4
33604.4
33928.8
34254.6
34582.0
34907.6
35233.8
35561.0
35888.4
36210.2
36533.6
36857.6
37182.6
37509.8
37835.0
38160.0
38486.8
38814.6
39137.2
39460.4
39783.8
40108.4
40434.4
40759.4
41084.2
41410.8
41738.8
42061.8
42385.2
42708.6
43033.2
43358.8
43683.4
44008.2
44335.0
44663.0
44973.8
