15195.8
15526.0
15856.4
16181.2
16507.6
16834.2
17163.6
17477.0
17796.0
18126.0
18455.2
18769.8
19098.8
19427.8
19741.2
20069.8
20398.0
20727.8
21040.6
21360.2
21691.0
22016.4
22343.0
22669.8
22989.8
23304.2
23632.6
23961.0
24291.8
24604.8
24924.6
25272.0
25614.0
25966.6
26286.0
26657.8
26993.8
27318.4
27645.2
27973.0
28302.4
28633.8
28947.6
29276.2
29604.8
29934.8
30262.4
30588.4
30915.8
31244.4
31574.8
31900.8
32227.6
32555.4
32883.6
33196.8
33515.4
33846.0
34176.6
34490.2
34819.4
35148.2
35479.2
35792.4
36112.4
36443.4
36757.6
37086.4
37414.8
37745.2
38058.4
38387.4
38716.2
39029.4
39347.8
39678.4
40008.8
40322.2
40651.2
40980.2
41311.2
41624.4
41944.4
42275.4
42589.4
42918.4
43246.8
43577.2
43890.4
44219.4
44548.4
44861.4
