15252.4
15576.8
15900.8
16229.8
16556.0
16881.2
17205.4
17529.6
17858.6
18184.8
18509.8
18834.0
19158.2
19487.0
19813.2
20137.8
20462.0
20785.8
21114.6
21440.6
21765.4
22089.2
22412.8
22741.4
23067.8
23392.6
23716.6
24040.4
24368.4
24684.4
25018.2
25346.0
25671.4
25996.4
26323.0
26651.0
26979.6
27307.4
27633.2
27958.0
28282.0
28611.4
28936.4
29260.4
29584.0
29912.6
30238.8
30563.6
30887.6
31211.4
31540.2
31866.8
32191.8
32516.2
32840.0
33168.8
33495.8
33821.0
34145.4
34469.6
34799.2
35126.0
35451.2
35775.8
36100.0
36430.0
36756.4
37081.4
37405.8
37730.0
38059.6
38385.6
38710.4
39034.6
39358.4
39687.8
40013.8
40338.4
40662.4
40986.0
41315.6
41641.6
41966.0
42290.0
42613.4
42941.4
43267.4
43592.2
43916.2
44239.8
44564.2
44892.2
