15074.6
15397.4
15721.8
16048.4
16358.4
16684.0
17010.4
17331.8
17654.6
17980.0
18306.2
18627.0
18949.8
19274.6
19600.4
19921.4
20244.4
20568.8
20895.4
21205.0
21530.8
21857.2
22178.4
22501.2
22826.2
23152.0
23473.0
23795.8
24120.2
24446.8
24768.2
25097.2
25432.2
25770.4
26104.4
26532.8
26877.4
27211.8
27537.8
27866.6
28195.2
28523.4
28860.0
29182.4
29506.2
29831.2
30158.0
30478.8
30802.0
31126.8
31453.4
31774.2
32097.4
32422.2
32748.2
33069.2
33392.4
33717.4
34042.4
34363.4
34687.0
35012.2
35334.4
35656.4
35980.4
36306.2
36627.2
36949.6
37274.2
37600.4
37921.2
38244.0
38568.8
38895.4
39216.2
39539.2
39864.0
40190.4
40511.4
40834.6
41159.2
41485.6
41806.8
42130.2
42455.0
42781.4
43102.6
43426.2
43751.2
44077.6
44399.2
44722.8
