15163.2
15489.8
15819.2
16143.6
16469.6
16798.0
17123.2
17449.0
17776.6
18105.6
18430.8
18757.6
19088.2
19412.8
19739.2
20068.2
20393.2
20720.2
21047.4
21373.8
21699.0
22026.2
22357.0
22681.6
23008.2
23338.0
23662.6
23988.8
24317.4
24642.8
24969.6
25306.4
25660.0
26005.4
26341.4
26668.8
27082.4
27434.8
27775.2
28115.8
28456.6
28798.0
29140.2
29463.6
29790.0
30129.2
30469.2
30793.4
31118.8
31446.8
31772.4
32097.6
32425.0
32754.8
33079.0
33405.6
33735.6
34059.8
34386.0
34715.0
35039.6
35365.4
35693.6
36019.2
36344.6
36672.2
37002.6
37326.8
37653.6
37983.8
38308.2
38634.6
38963.6
39288.6
39614.6
39942.6
40270.8
40595.8
40923.2
41254.0
41578.6
41905.4
42234.8
42560.0
42886.4
43215.0
43543.8
43869.2
44196.8
44527.6
44852.8
