15275.6
15594.8
15929.4
16264.6
16600.4
16919.8
17254.2
17589.4
17925.2
18255.8
18588.2
18921.8
19256.6
19592.8
19911.6
20246.2
20581.2
20900.0
21233.4
21567.6
21903.0
22221.8
22555.6
22890.0
23225.8
23544.6
23878.8
24212.8
24549.4
24868.2
25211.6
25554.6
25910.4
26334.4
26655.4
26987.2
27320.6
27656.6
27990.8
28321.6
28654.0
28987.2
29321.2
29656.2
29992.2
30311.4
30646.0
30980.8
31317.2
31636.2
31970.6
32305.4
32623.0
32956.4
33290.2
33625.8
33943.8
34277.2
34611.4
34929.4
35262.6
35596.2
35931.4
36249.6
36583.6
36917.8
37253.4
37572.0
37906.2
38240.2
38576.4
38895.0
39229.6
39564.0
39900.0
40218.8
40553.2
40888.0
41206.8
41540.2
41874.4
42209.8
42528.6
42862.4
43197.0
43532.6
43851.4
44185.6
44520.4
44856.2
