15156.6
15487.4
15821.6
16150.4
16481.8
16810.2
17139.8
17472.0
17800.8
18131.6
18465.8
18794.6
19126.2
19454.6
19784.2
20116.4
20445.4
20776.0
21110.2
21439.2
21770.6
22099.0
22428.8
22761.0
23089.8
23420.6
23754.8
24083.6
24415.2
24743.6
25075.2
25416.0
25767.8
26146.6
26471.6
26804.6
27138.2
27453.6
27785.6
28115.0
28444.8
28777.0
29092.4
29423.8
29752.6
30082.2
30414.4
30743.8
31074.4
31408.4
31723.8
32056.8
32386.0
32716.4
33050.0
33379.2
33710.2
34039.4
34369.2
34701.2
35030.6
35361.4
35695.6
36011.4
36344.2
36673.6
37003.8
37337.6
37667.0
37998.0
38327.2
38657.2
38989.0
39318.6
39649.2
39983.4
40299.4
40632.0
40961.2
41291.2
41624.6
41953.6
42284.2
42613.4
42942.8
43274.6
43603.2
43933.2
44266.2
44595.2
44926.2
