15094.6
15425.4
15757.6
16224.2
16571.2
16915.0
17255.2
17598.6
17929.0
18259.6
18590.4
18921.2
19252.0
19582.6
19913.2
20244.0
20574.6
20905.4
21236.0
21566.6
21897.4
22228.0
22558.8
22889.4
23220.2
23551.0
23881.6
24212.4
24543.2
24873.8
25214.2
25548.4
25881.4
26217.0
26655.0
26974.4
27311.0
27647.2
27981.2
28314.2
28647.2
28980.0
29311.4
29642.2
29972.6
30302.8
30633.0
30963.2
31293.4
31623.6
31953.8
32284.2
32614.6
32944.8
33275.2
33605.8
33936.2
34266.6
34597.0
34927.4
35257.8
35588.4
35919.0
36249.6
36580.2
36911.0
37241.8
37572.4
37903.2
38234.0
38564.8
38895.6
39226.4
39557.4
39888.2
40219.0
40549.8
40880.6
41211.4
41542.2
41873.0
42203.8
42534.6
42865.4
43196.2
43527.0
43857.6
44188.4
44519.2
44849.8
