15100.0
15435.6
15771.4
16102.8
16433.4
16764.2
17095.0
17426.4
17758.4
18091.2
18425.4
18761.2
19097.2
19430.2
19760.4
20091.4
20422.2
20753.6
21085.4
21418.0
21751.8
22087.0
22423.4
22759.4
23090.4
23421.2
23752.2
24083.4
24415.2
24747.6
25087.6
25428.2
25792.4
26119.6
26454.0
26874.2
27215.6
27564.2
27899.8
28229.8
28560.8
28892.8
29227.0
29563.2
29896.0
30226.8
30557.8
30889.0
31220.6
31552.8
31886.0
32220.6
32556.4
32892.8
33225.2
33556.8
33888.4
34220.0
34551.8
34884.0
35217.0
35551.0
35886.4
36222.8
36560.4
36877.8
37210.2
37542.0
37874.0
38206.6
38539.8
38874.2
39209.8
39546.6
39884.4
40202.0
40534.8
40866.8
41199.2
41531.8
41865.2
42199.8
42535.4
42872.2
43210.4
43528.2
43861.4
44193.8
44526.4
44859.2
