15269.8
15586.4
15908.0
16224.8
16545.4
16862.4
17182.2
17499.8
17819.2
18142.6
18459.6
18783.2
19100.0
19421.8
19738.6
20059.4
20376.2
20696.2
21013.6
21333.0
21652.6
21970.8
22295.2
22612.0
22934.6
23251.4
23572.4
23889.2
24209.6
24526.6
24846.4
25192.6
25541.4
25861.4
26288.6
26628.8
26962.2
27292.6
27613.2
27932.6
28252.2
28585.6
28922.4
29241.4
29573.6
29907.0
30225.0
30557.2
30881.6
31198.6
31522.0
31841.2
32163.4
32501.4
32819.0
33142.0
33459.8
33781.4
34100.0
34420.8
34746.2
35064.0
35388.2
35705.8
36027.6
36345.4
36666.4
36985.0
37305.0
37630.2
37947.4
38270.6
38587.6
38909.2
39226.4
39547.0
39864.4
40184.4
40504.0
40822.6
41147.4
41464.2
41786.8
42103.8
42425.0
42741.8
43062.2
43379.6
43699.4
44018.2
44337.0
44661.6
44978.4
