15098.6
15424.6
15750.2
16076.2
16402.0
16727.8
17053.8
17379.6
17705.6
18031.4
18357.4
18683.4
19009.2
19335.2
19661.2
19987.2
20313.2
20639.2
20965.2
21291.2
21617.2
21944.2
22386.0
22740.0
23075.2
23411.2
23734.2
24057.4
24400.0
24728.2
25072.6
25406.4
25747.6
26159.0
26507.8
26855.0
27193.0
27520.0
27847.0
28173.4
28499.2
28824.2
29149.0
29473.6
29809.8
30132.8
30456.4
30780.8
31115.8
31438.6
31761.6
32085.0
32408.6
32732.4
33056.4
33380.6
33704.8
34029.4
34354.0
34678.8
35003.8
35329.0
35654.0
35979.4
36304.8
36630.2
36955.8
37281.4
37607.2
37932.8
38258.6
38584.6
38910.4
39236.4
39562.2
39888.2
40214.2
40540.2
40866.2
41192.2
41518.4
41844.4
42170.4
42496.4
42822.4
43148.2
43474.0
43799.8
44125.4
44450.8
44776.2
