15250.6
15583.0
15918.2
16251.2
16574.8
16916.0
17237.2
17576.4
17909.4
18244.2
18584.2
18905.2
19244.8
19577.8
19912.8
20253.0
20574.0
20913.8
21246.6
21581.8
21921.8
22242.4
22581.4
22914.2
23249.2
23588.6
23909.2
24248.8
24571.0
24908.2
25271.6
25593.4
25961.8
26285.4
26625.6
26947.4
27270.0
27606.0
27927.2
28253.0
28575.8
28911.6
29251.0
29571.4
29901.2
30223.2
30562.4
30895.8
31230.4
31570.4
31891.8
32231.2
32564.4
32899.2
33239.2
33560.6
33900.0
34233.4
34568.0
34908.0
35228.6
35567.8
35900.6
36235.2
36574.2
36895.0
37234.8
37567.4
37902.2
38237.8
38570.6
38908.0
39241.0
39575.6
39915.4
40236.0
40575.0
40897.2
41234.0
41566.2
41901.0
42240.2
42561.2
42899.8
43233.2
43567.6
43907.2
44228.4
44567.4
44900.8
