15140.0
15473.8
15791.0
16108.0
16440.0
16762.0
17077.8
17396.6
17729.0
18051.6
18367.8
18686.8
19019.6
19342.8
19658.8
19977.8
20311.2
20632.8
20948.8
21268.8
21592.6
21908.6
22228.2
22561.8
22885.6
23202.4
23533.6
23853.2
24188.0
24503.6
24821.2
25155.0
25497.8
25873.4
26366.8
26693.4
27028.2
27364.4
27681.4
28013.4
28343.4
28674.0
29006.2
29328.8
29664.4
29981.0
30311.8
30643.0
30973.8
31306.4
31631.8
31950.6
32281.2
32612.8
32946.2
33270.0
33586.0
33905.6
34238.8
34561.4
34877.6
35197.4
35530.6
35852.6
36169.8
36489.4
36822.8
37140.4
37457.4
37789.4
38111.8
38429.0
38759.0
39077.6
39400.2
39716.6
40036.0
40368.6
40691.8
41008.4
41327.8
41660.8
41982.6
42298.4
42618.2
42942.8
43259.6
43590.6
43910.4
44234.6
44551.4
44882.8
