15032.8
15352.8
15673.0
15999.6
16319.4
16639.6
16966.6
17286.4
17606.6
17933.6
18253.6
18573.6
18900.4
19220.6
19540.6
19866.6
20187.2
20506.8
20828.4
21151.0
21470.4
21790.4
22115.0
22434.6
22754.8
23080.4
23400.2
23720.4
24046.8
24366.6
24686.8
25029.0
25351.2
25676.8
26010.0
26458.4
26801.4
27134.6
27472.0
27804.4
28141.0
28476.2
28809.6
29144.4
29478.8
29819.6
30142.0
30483.2
30816.8
31158.2
31479.6
31814.8
32151.0
32487.6
32821.4
33155.4
33480.0
33813.0
34140.6
34463.0
34796.8
35122.0
35454.8
35783.6
36115.6
36444.0
36766.2
37099.6
37425.8
37759.4
38088.6
38422.2
38743.6
39079.4
39400.4
39738.6
40059.8
40399.6
40720.4
41054.4
41378.6
41712.0
42038.8
42361.2
42696.0
43020.6
43353.4
43681.6
44013.6
44343.0
44664.8
44999.8
