15204.4
15531.8
15865.6
16193.2
16527.4
16843.0
17178.4
17506.8
17842.0
18158.6
18487.8
18819.0
19148.6
19479.8
19807.4
20138.6
20466.4
20798.8
21126.2
21458.6
21785.8
22119.2
22446.8
22780.8
23096.4
23432.0
23760.2
24095.4
24412.2
24741.2
25082.0
25439.2
25781.6
26246.0
26602.6
26944.6
27272.6
27607.2
27933.8
28267.2
28593.8
28925.4
29253.2
29584.2
29912.6
30243.8
30572.6
30904.2
31233.4
31565.4
31895.2
32227.6
32557.6
32890.4
33220.6
33553.4
33883.8
34216.4
34546.6
34879.2
35208.8
35541.2
35870.4
36202.8
36532.0
36864.2
37193.6
37525.8
37854.0
38185.8
38513.8
38846.4
39174.2
39506.6
39833.8
40167.4
40494.8
40828.6
41144.4
41480.2
41808.4
42143.8
42460.8
42789.8
43121.0
43449.6
43781.0
44109.2
44440.4
44768.2
