15178.2
15499.6
15823.8
16152.4
16473.8
16798.8
17122.0
17444.6
17771.4
18093.0
18416.2
18744.6
19054.6
19382.6
19704.8
20029.0
20357.6
20679.0
21003.6
21331.6
21653.2
21979.0
22301.0
22624.2
22951.8
23273.4
23597.4
23926.0
24247.6
24572.6
24896.0
25223.8
25561.6
25901.2
26425.4
26774.4
27099.4
27428.8
27751.0
28077.0
28415.4
28754.8
29081.0
29403.8
29729.4
30069.4
30391.8
30715.8
31044.4
31365.8
31690.4
32017.2
32339.0
32665.0
32987.4
33311.0
33639.0
33960.4
34284.8
34613.6
34935.0
35260.2
35583.2
35906.4
36233.4
36555.8
36879.8
37208.6
37530.2
37855.0
38183.2
38505.2
38831.0
39154.0
39477.4
39805.0
40127.6
40452.0
40781.0
41103.0
41428.0
41757.4
42079.6
42405.2
42731.6
43054.6
43381.4
43704.8
44029.0
44357.2
44680.6
