15190.8
15519.6
15848.2
16177.0
16504.6
16831.6
17159.0
17486.4
17814.2
18141.6
18468.6
18795.4
19122.4
19449.4
19776.4
20103.4
20430.4
20757.8
21088.8
21418.6
21747.8
22076.4
22404.6
22732.6
23060.4
23388.2
23715.6
24043.2
24370.8
24698.6
25026.6
25357.4
25704.8
26040.4
26380.6
26721.2
27049.6
27377.8
27706.2
28034.4
28362.6
28690.2
29017.6
29344.8
29672.0
29999.4
30327.2
30655.6
30984.6
31315.8
31647.8
31978.0
32307.8
32636.8
32965.4
33293.8
33622.0
33949.6
34277.2
34605.4
34933.4
35261.6
35590.2
35919.6
36250.2
36566.4
36882.0
37211.2
37540.0
37869.6
38202.8
38520.6
38838.0
39171.6
39503.0
39833.2
40162.4
40491.2
40819.8
41147.6
41475.6
41804.0
42132.4
42460.4
42788.4
43116.6
43445.4
43775.0
44107.4
44423.8
44739.8
