15143.0
15459.8
15777.0
16094.6
16412.4
16730.4
17048.6
17366.6
17684.6
18002.4
18322.0
18642.8
18961.8
19280.0
19597.8
19915.4
20232.6
20549.6
20866.6
21184.4
21502.6
21821.4
22140.0
22458.6
22777.0
23095.2
23413.4
23735.2
24055.2
24374.0
24692.2
25014.4
25340.8
25685.6
26041.8
26370.8
26771.6
27098.4
27429.0
27757.2
28085.2
28416.4
28745.2
29073.6
29401.6
29729.6
30060.8
30378.4
30697.0
31026.0
31342.4
31658.8
31975.4
32292.0
32608.8
32926.2
33255.4
33572.0
33889.8
34210.6
34529.4
34848.0
35166.0
35483.8
35801.2
36118.6
36435.8
36752.8
37069.8
37386.8
37704.0
38021.6
38339.8
38670.2
38991.2
39310.8
39629.6
39948.0
40266.0
40583.8
40901.4
41218.8
41536.0
41853.2
42170.6
42487.8
42805.4
43123.2
43441.0
43758.8
44076.6
44395.4
44716.6
