15151.4
15466.8
15798.6
16129.8
16445.2
16777.2
17106.2
17422.6
17754.6
18080.8
18408.4
18739.2
19070.0
19385.4
19718.2
20049.6
20375.6
20706.0
21037.8
21363.2
21692.0
22023.2
22354.0
22671.0
23003.8
23333.0
23660.0
23991.2
24323.4
24649.2
24978.4
25324.8
25671.2
26089.2
26421.8
26757.0
27072.6
27385.8
27706.6
28021.0
28352.4
28684.2
28998.0
29328.6
29659.6
29974.0
30304.8
30636.2
30951.4
31282.6
31614.4
31929.8
32261.4
32593.4
32908.8
33240.6
33572.4
33887.8
34219.8
34551.4
34866.8
35198.8
35530.2
35845.8
36177.8
36508.4
36824.2
37156.4
37484.4
37811.2
38141.8
38474.0
38800.0
39129.2
39460.4
39787.8
40115.6
40446.4
40778.2
41093.2
41424.8
41756.0
42071.4
42404.0
42736.0
43062.4
43392.8
43724.6
44050.8
44379.4
44710.6
