15283.6
15596.8
15913.8
16233.6
16547.8
16864.6
17183.6
17506.0
17819.0
18136.4
18457.4
18770.6
19087.6
19407.4
19723.4
20039.4
20358.2
20689.2
21002.2
21317.4
21635.4
21949.8
22265.2
22583.6
22905.6
23218.4
23535.6
23856.2
24169.6
24486.4
24808.4
25152.6
25486.4
25809.2
26184.6
26633.6
26979.4
27321.0
27647.2
27975.2
28302.6
28630.2
28958.0
29287.0
29617.2
29948.6
30282.4
30607.8
30934.8
31252.4
31582.6
31913.2
32232.0
32547.2
32865.6
33195.8
33509.6
33824.6
34142.8
34464.2
34776.8
35094.2
35415.2
35728.2
36045.0
36364.8
36678.6
36995.2
37314.4
37636.4
37949.4
38267.0
38588.0
38901.4
39218.4
39539.4
39870.8
40183.4
40498.8
40817.6
41130.0
41445.8
41764.8
42078.6
42394.8
42713.6
43035.2
43348.2
43665.6
43986.6
44300.0
44616.8
44936.6
