15322.4
15654.8
15982.4
16310.0
16640.0
16967.6
17299.4
17627.6
17955.2
18286.2
18613.6
18942.0
19271.2
19598.6
19930.8
20246.0
20574.2
20906.4
21233.8
21560.6
21890.6
22217.8
22549.8
22865.8
23194.2
23527.0
23854.6
24182.0
24512.6
24840.0
25190.6
25519.6
25891.6
26244.8
26568.4
26901.0
27229.8
27558.0
27890.4
28218.8
28552.8
28881.6
29212.4
29541.8
29870.0
30201.6
30516.6
30845.0
31176.2
31504.0
31833.8
32162.8
32490.4
32822.4
33137.6
33466.0
33797.8
34125.4
34453.0
34782.6
35110.0
35442.6
35770.2
36097.6
36427.8
36755.2
37083.6
37412.2
37739.6
38071.6
38399.2
38726.8
39056.6
39384.2
39716.6
40032.2
40360.6
40693.4
41021.2
41348.6
41678.8
42006.6
42334.8
42663.2
42990.6
43322.4
43649.8
43977.2
44306.8
44634.4
44966.8
