15141.4
15464.0
15789.8
16119.6
16442.6
16770.0
17093.0
17418.0
17747.6
18070.4
18397.0
18721.8
19045.8
19374.6
19697.4
20023.2
20353.4
20677.0
21004.6
21328.4
21653.4
21982.8
22306.0
22632.4
22962.8
23274.0
23604.4
23927.4
24253.8
24582.2
24905.8
25246.6
25615.8
25976.6
26406.6
26745.2
27083.0
27410.6
27734.0
28062.0
28385.2
28710.4
29048.6
29388.4
29729.8
30051.6
30389.2
30718.6
31041.2
31367.6
31692.0
32016.2
32345.4
32668.2
32994.2
33324.4
33647.2
33975.0
34298.4
34623.8
34953.8
35277.0
35603.6
35933.8
36257.2
36585.4
36909.4
37235.0
37565.2
37888.6
38215.4
38546.8
38870.4
39198.2
39523.4
39848.6
40178.2
40501.6
40828.0
41158.8
41481.6
41808.8
42132.6
42457.4
42786.6
43109.2
43435.4
43764.8
44087.8
44415.4
44738.2
