15134.6
15471.2
15801.8
16132.2
16467.0
16797.4
17128.4
17461.0
17791.2
18128.6
18448.2
18779.4
19116.6
19447.0
19777.6
20112.4
20442.6
20773.6
21106.4
21436.6
21774.0
22093.4
22424.6
22761.8
23081.2
23412.6
23749.0
24068.8
24400.2
24736.6
25074.6
25434.4
25763.6
26113.0
26439.4
26892.6
27252.2
27593.8
27940.2
28268.6
28601.2
28943.0
29290.6
29619.0
29966.6
30295.4
30624.8
30960.2
31289.4
31619.0
31952.8
32282.4
32612.0
32944.6
33274.2
33606.4
33937.2
34266.8
34603.2
34932.8
35262.6
35597.4
35927.0
36257.0
36590.0
36919.8
37254.8
37585.2
37915.4
38251.6
38581.8
38912.0
39246.2
39576.6
39909.4
40241.2
40571.6
40908.8
41239.4
41570.2
41904.8
42235.6
42572.4
42903.8
43235.0
43571.4
43902.6
44234.4
44568.0
44899.0
