15160.4
15481.8
15800.6
16122.0
16441.0
16762.4
17081.4
17402.8
17721.8
18043.2
18362.2
18683.6
19002.8
19324.0
19643.4
19964.8
20284.0
20605.4
20924.6
21245.8
21565.2
21886.4
22205.8
22527.2
22846.4
23167.8
23487.0
23808.2
24127.6
24448.6
24768.2
25096.4
25444.8
25790.6
26117.8
26435.4
26755.4
27080.0
27399.8
27722.0
28041.6
28366.2
28684.6
29006.6
29325.2
29646.6
29983.4
30301.2
30625.2
30943.0
31266.6
31584.4
31908.0
32225.8
32549.8
32868.4
33191.8
33510.2
33833.0
34151.4
34474.2
34792.6
35115.0
35433.4
35756.0
36074.4
36396.6
36715.0
37037.4
37355.8
37678.0
37996.6
38318.8
38637.6
38959.8
39278.8
39601.0
39920.2
40242.4
40561.8
40883.8
41203.4
41525.4
41845.0
42166.8
42486.8
42808.4
43128.4
43450.0
43770.0
44091.4
44411.4
44732.6
