15092.6
15422.6
15754.2
16090.0
16407.0
16741.6
17071.0
17402.6
17738.2
18055.2
18390.2
18719.4
19051.0
19382.4
19712.2
20046.0
20375.2
20706.6
21042.2
21359.2
21694.4
22023.6
22355.4
22686.2
23016.2
23350.2
23679.4
24011.0
24346.4
24663.6
24999.0
25332.2
25695.8
26021.0
26359.6
26689.8
27006.4
27341.2
27657.2
27990.8
28319.6
28649.2
28971.6
29289.0
29622.2
29951.4
30281.8
30617.0
30946.4
31278.8
31608.6
31939.0
32273.6
32589.8
32924.0
33253.2
33584.0
33919.2
34236.2
34571.8
34901.0
35232.8
35563.6
35893.4
36227.4
36556.4
36887.6
37222.0
37539.0
37875.0
38204.4
38536.6
38866.8
39196.8
39531.2
39860.0
40191.6
40524.2
40853.8
41187.8
41504.4
41838.0
42167.8
42498.6
42833.6
43163.0
43495.2
43826.2
44156.2
44490.4
44819.6
