15118.8
15448.6
15778.6
16108.8
16438.8
16769.0
17099.4
17429.6
17760.0
18090.4
18420.8
18751.4
19081.8
19412.4
19743.0
20073.6
20404.2
20734.8
21182.6
21530.0
21877.4
22218.2
22558.2
22886.2
23214.8
23543.8
23873.0
24202.2
24531.8
24861.6
25202.4
25536.0
25866.8
26194.4
26607.0
26935.8
27279.0
27608.8
27938.2
28268.6
28609.0
28948.8
29287.0
29613.6
29940.8
30268.0
30595.4
30923.0
31250.6
31578.6
31906.8
32235.0
32563.4
32892.2
33221.0
33550.0
33879.0
34208.4
34537.8
34867.4
35197.2
35527.0
35857.0
36187.2
36517.4
36847.8
37178.2
37508.6
37839.2
38169.8
38500.6
38831.2
39162.0
39492.8
39823.6
40154.4
40485.2
40816.0
41146.8
41477.6
41808.4
42139.2
42470.0
42800.6
43131.2
43461.8
43792.2
44122.6
44453.0
44783.2
