15072.8
15406.4
15733.4
16066.0
16393.2
16724.8
17052.4
17383.4
17697.0
18029.8
18357.0
18688.4
19015.6
19346.4
19674.0
20004.4
20333.0
20651.0
20978.8
21309.8
21637.2
21967.4
22295.2
22625.0
22953.4
23283.0
23612.6
23929.2
24257.2
24587.2
24915.0
25251.2
25589.4
25948.6
26277.0
26609.4
26937.6
27269.6
27583.4
27897.2
28226.6
28553.2
28881.4
29207.8
29536.0
29862.0
30190.2
30517.0
30845.4
31172.0
31500.4
31827.0
32155.2
32481.6
32809.8
33136.2
33464.2
33790.2
34118.4
34445.0
34773.4
35099.8
35428.0
35754.6
36082.6
36409.0
36737.2
37063.2
37391.4
37718.0
38046.2
38372.8
38701.0
39027.4
39355.6
39682.0
40010.4
40336.6
40665.0
40990.6
41318.8
41645.0
41973.4
42299.2
42627.4
42953.8
43282.0
43608.2
43936.8
44262.6
44590.8
44917.0
