15223.8
15542.2
15873.2
16206.0
16523.4
16844.2
17179.4
17507.2
17826.4
18151.2
18470.0
18801.2
19134.2
19464.8
19782.2
20106.0
20425.0
20756.0
21088.8
21406.6
21737.8
22061.4
22381.2
22712.0
23044.0
23362.0
23692.2
24023.6
24341.8
24672.4
24994.0
25349.4
25698.2
26091.6
26412.8
26732.0
27065.6
27382.6
27703.0
28019.8
28339.2
28663.6
28981.4
29312.8
29644.4
29980.4
30297.2
30629.4
30962.6
31279.2
31600.2
31936.2
32254.4
32585.4
32918.4
33235.6
33556.4
33891.6
34219.4
34538.4
34863.4
35182.0
35513.4
35846.4
36176.8
36494.2
36818.2
37137.0
37468.2
37801.0
38118.8
38439.6
38774.6
39102.6
39433.0
39754.2
40072.6
40403.0
40734.6
41070.2
41386.2
41707.6
42026.6
42357.0
42688.6
43006.6
43337.4
43659.4
43979.2
44309.8
44641.2
44959.0
