15057.0
15387.2
15700.0
16026.4
16354.2
16684.0
17014.2
17327.6
17654.8
17983.8
18314.6
18640.2
18966.2
19293.0
19621.2
19951.8
20277.8
20603.8
20930.0
21258.0
21588.6
21901.2
22228.6
22556.6
22886.4
23216.8
23542.4
23868.2
24195.4
24524.4
24855.4
25174.8
25511.6
25882.0
26285.8
26617.4
26945.0
27276.4
27602.2
27928.8
28256.0
28584.0
28913.2
29244.0
29575.8
29902.2
30229.4
30557.0
30886.0
31216.8
31547.0
31873.0
32200.4
32528.4
32858.0
33189.6
33502.0
33830.0
34158.6
34489.4
34818.8
35144.6
35471.8
35799.8
36129.6
36461.4
36773.4
37101.6
37430.4
37761.0
38090.6
38403.2
38731.8
39061.2
39392.8
39718.4
40044.8
40372.0
40700.6
41031.4
41358.2
41684.8
42012.2
42340.6
42671.0
42983.4
43311.0
43639.0
43968.6
44300.0
44626.0
44953.0
