15229.0
15549.8
15877.8
16198.2
16518.6
16843.4
17164.2
17492.4
17812.6
18133.2
18457.8
18779.2
19107.0
19427.4
19747.8
20072.6
20393.8
20721.0
21041.8
21362.2
21687.0
22007.2
22335.2
22656.6
22977.2
23302.0
23622.2
23950.2
24260.6
24582.0
24909.4
25242.6
25591.2
25967.4
26362.8
26700.8
27039.4
27362.8
27703.8
28025.2
28355.4
28677.4
29016.8
29337.6
29667.2
29990.0
30329.2
30650.8
30991.2
31313.0
31644.2
31966.0
32288.8
32614.8
32937.4
33266.2
33587.8
33917.2
34238.6
34560.0
34886.2
35207.2
35536.0
35856.6
36177.4
36502.6
36823.2
37151.6
37472.0
37792.4
38117.4
38437.8
38766.0
39086.4
39406.6
39731.6
40051.8
40380.0
40700.6
41020.8
41345.8
41666.0
41994.0
42314.8
42635.0
42960.0
43280.4
43608.2
43929.2
44249.6
44574.8
44895.0
