15258.2
15581.8
15907.8
16232.8
16558.2
16886.6
17211.0
17540.4
17853.4
18182.4
18506.8
18835.2
19148.0
19472.8
19798.8
20124.8
20450.0
20779.0
21103.2
21432.2
21756.0
22084.4
22408.0
22736.0
23048.0
23377.8
23701.6
24030.0
24353.4
24681.0
25004.6
25344.6
25694.2
26033.8
26432.6
26768.0
27092.6
27422.2
27746.2
28075.2
28400.0
28729.6
29069.2
29393.6
29719.8
30049.2
30373.2
30702.2
31025.8
31353.8
31677.2
32004.8
32328.0
32655.2
32978.4
33305.4
33628.6
33955.8
34279.0
34605.8
34929.2
35255.8
35579.4
35905.6
36229.8
36555.6
36881.4
37206.4
37535.2
37859.2
38188.2
38511.8
38840.0
39163.4
39491.0
39814.2
40141.4
40464.6
40791.4
41114.6
41441.4
41764.4
42091.2
42414.4
42741.2
43064.4
43391.0
43714.6
44041.0
44365.0
44691.0
