15157.0
15482.0
15805.6
16134.4
16457.6
16784.8
17101.2
17426.0
17753.8
18079.6
18403.0
18732.6
19056.0
19379.8
19707.6
20031.0
20361.6
20676.0
21000.8
21330.8
21645.4
21969.8
22300.2
22623.8
22947.2
23275.4
23599.0
23928.8
24243.8
24568.4
24899.0
25231.4
25582.8
25940.0
26385.8
26706.2
27034.4
27359.2
27689.2
28014.2
28338.0
28665.4
28989.8
29327.4
29650.4
29979.6
30303.6
30631.6
30956.8
31280.6
31610.0
31934.2
32258.0
32585.8
32909.6
33239.6
33564.4
33888.0
34216.6
34540.6
34870.6
35195.8
35519.8
35848.8
36173.2
36503.2
36828.8
37153.0
37482.4
37807.2
38137.8
38463.6
38788.0
39117.4
39442.2
39773.4
40099.0
40423.6
40752.4
41077.0
41407.8
41732.8
42056.8
42385.2
42709.2
43039.4
43364.2
43687.8
44016.8
44340.4
44668.4
44994.2
