15260.2
15590.4
15920.4
16237.6
16573.8
16890.4
17219.4
17542.0
17860.2
18190.4
18523.6
18852.2
19169.6
19502.0
19830.0
20164.0
20480.6
20809.6
21141.6
21458.2
21787.2
22118.0
22435.2
22770.2
23087.4
23406.2
23741.2
24058.6
24389.2
24722.6
25046.2
25401.2
25732.4
26051.2
26375.0
26695.8
27015.0
27332.0
27647.8
27963.0
28283.6
28599.0
28915.0
29248.2
29565.4
29900.8
30229.6
30558.2
30879.6
31197.0
31527.0
31859.2
32187.8
32504.8
32836.8
33165.0
33498.4
33815.0
34143.8
34475.6
34792.0
35121.4
35452.0
35768.6
36103.4
36420.2
36738.6
37074.6
37392.0
37722.0
38055.4
38372.6
38703.6
39034.6
39362.6
39680.6
40011.6
40340.0
40662.4
40980.0
41310.2
41642.8
41971.2
42288.4
42620.4
42948.4
43282.2
43598.6
43927.4
44259.4
44575.8
44905.0
