15310.0
15636.2
15968.2
16295.6
16621.8
16954.4
17270.4
17597.8
17924.2
18255.2
18581.6
18907.6
19239.8
19555.6
19882.8
20210.2
20540.8
20867.2
21193.4
21525.2
21852.6
22178.8
22511.2
22827.2
23154.4
23481.6
23812.2
24138.6
24465.0
24796.8
25131.2
25486.4
25835.6
26161.4
26491.2
26924.0
27269.2
27609.4
27952.2
28279.4
28614.6
28953.8
29296.8
29622.6
29951.0
30279.8
30605.8
30931.4
31262.2
31588.6
31914.0
32245.8
32572.8
32898.4
33230.2
33557.8
33883.6
34214.8
34543.0
34869.2
35196.6
35526.2
35852.6
36178.4
36509.6
36836.4
37162.2
37494.4
37821.6
38147.8
38480.4
38808.0
39134.4
39467.4
39795.4
40121.8
40455.2
40783.4
41110.0
41443.6
41771.8
42098.6
42432.2
42760.4
43087.2
43420.6
43748.4
44075.0
44408.4
44736.0
