15020.2
15346.4
15672.2
15992.4
16313.6
16635.2
16957.4
17280.4
17604.8
17930.2
18253.8
18573.6
18894.4
19215.6
19537.8
19861.2
20185.8
20511.6
20832.6
21153.6
21474.8
21796.2
22118.6
22442.6
22768.4
23077.8
23398.6
23720.0
24042.4
24366.0
24691.0
25034.8
25370.6
25704.6
26060.4
26454.8
26786.8
27120.6
27442.6
27766.4
28092.0
28418.2
28745.4
29072.4
29396.6
29716.4
30037.6
30359.2
30681.4
31004.4
31328.8
31654.2
31975.8
32295.8
32616.8
32938.4
33260.8
33584.6
33909.6
34234.0
34553.0
34873.8
35194.8
35516.6
35839.8
36164.2
36489.4
36808.6
37129.0
37449.8
37771.4
38094.2
38418.4
38743.8
39063.0
39383.4
39704.2
40025.6
40348.2
40672.4
40997.6
41317.2
41637.6
41958.4
42279.8
42602.4
42926.4
43251.6
43571.8
43892.0
44212.8
44534.2
44856.6
