15045.8
15367.4
15688.6
16009.8
16331.0
16652.0
16973.2
17296.2
17622.4
17946.6
18270.0
18592.6
18914.8
19236.6
19558.2
19879.4
20200.6
20521.4
20842.2
21162.8
21483.4
21804.0
22124.8
22446.4
22772.2
23096.8
23420.4
23743.2
24065.4
24387.2
24708.8
25034.6
25359.4
25689.4
26040.4
26418.4
26747.2
27082.2
27405.2
27738.8
28059.6
28381.2
28718.6
29041.2
29363.2
29685.8
30019.0
30355.8
30679.4
31002.6
31325.6
31648.0
31970.4
32293.2
32626.0
32946.8
33267.8
33588.8
33911.4
34237.8
34562.2
34886.0
35209.2
35532.2
35854.6
36176.8
36498.8
36820.4
37142.0
37463.4
37784.8
38106.8
38433.4
38758.6
39083.0
39406.6
39729.8
40052.6
40375.0
40697.0
41018.8
41340.4
41661.8
41983.2
42305.4
42632.2
42957.0
43281.0
43604.0
43926.6
44248.6
44570.4
44891.8
