15079.4
15407.4
15737.4
16049.2
16375.4
16702.4
17029.4
17359.2
17671.8
17996.6
18322.2
18649.8
18979.6
19303.8
19627.8
19953.6
20270.8
20585.6
20911.0
21236.0
21562.0
21890.0
22220.2
22543.2
22867.0
23191.8
23518.0
23847.0
24160.0
24484.0
24809.0
25147.8
25485.4
25824.6
26158.8
26488.8
26824.2
27151.0
27481.4
27804.2
28128.0
28453.0
28779.2
29106.8
29436.2
29765.6
30077.2
30403.4
30729.8
31058.0
31388.0
31711.2
32034.2
32358.8
32685.0
33013.6
33344.6
33655.4
33981.2
34307.4
34635.6
34965.8
35278.2
35603.6
35929.8
36257.6
36587.8
36898.4
37224.0
37550.0
37877.8
38207.8
38520.2
38845.2
39171.0
39498.6
39828.6
40141.4
40466.4
40792.2
41119.8
41449.6
41772.6
42096.2
42421.4
42748.0
43067.8
43381.2
43706.6
44032.6
44360.4
44690.4
