15026.6
15348.8
15671.4
15996.2
16324.8
16650.8
16975.6
17299.4
17622.8
17945.8
18268.4
18590.8
18913.0
19235.0
19556.8
19878.6
20200.2
20522.0
20843.6
21165.6
21487.4
21809.4
22131.4
22453.4
22775.6
23098.6
23427.0
23753.4
24078.6
24402.8
24726.6
25058.8
25386.4
25736.0
26100.4
26446.8
26781.6
27115.6
27450.0
27771.8
28094.0
28416.8
28756.2
29080.2
29414.8
29749.6
30071.6
30412.8
30738.0
31063.0
31387.2
31711.0
32034.2
32357.4
32680.2
33002.8
33325.8
33648.8
33971.8
34295.0
34618.0
34941.2
35264.6
35590.8
35919.8
36246.2
36571.6
36896.2
37220.2
37543.8
37866.8
38189.8
38512.6
38835.6
39158.4
39481.0
39803.6
40126.2
40448.8
40771.2
41094.2
41422.2
41749.6
42075.2
42399.6
42723.2
43046.4
43369.2
43691.8
44014.0
44336.2
44658.0
44979.8
