15123.4
15445.0
15769.2
16097.2
16419.2
16866.8
17216.0
17556.8
17891.2
18226.0
18562.0
18899.8
19228.4
19551.0
19887.6
20225.4
20553.2
20875.4
21200.0
21527.8
21849.6
22173.4
22500.8
22822.4
23145.8
23473.2
23794.6
24118.0
24445.4
24766.6
25097.4
25443.4
25781.4
26205.8
26545.4
26882.2
27207.6
27536.6
27859.0
28183.6
28510.8
28834.8
29157.2
29482.0
29821.6
30144.0
30466.8
30804.8
31144.0
31470.2
31793.0
32119.2
32448.8
32771.4
33108.6
33434.6
33756.0
34079.2
34405.8
34727.0
35050.2
35377.2
35698.4
36021.6
36349.0
36670.0
36993.4
37320.8
37642.0
37965.6
38293.0
38614.2
38938.0
39265.6
39586.8
39910.8
40238.4
40559.8
40883.8
41211.4
41533.0
41857.0
42184.8
42506.6
42830.6
43158.6
43480.4
43804.6
44132.6
44454.4
44778.6
