15229.4
15561.8
15878.8
16197.8
16517.6
16850.6
17167.0
17489.8
17807.4
18139.4
18456.0
18777.2
19107.8
19426.0
19743.8
20064.4
20397.8
20714.2
21037.2
21354.8
21686.4
22002.8
22324.4
22642.4
22973.4
23290.2
23611.2
23945.0
24261.4
24584.4
24901.8
25246.0
25590.2
25946.4
26283.0
26615.8
26949.2
27268.0
27601.8
27918.6
28242.2
28561.6
28892.0
29224.8
29541.4
29864.2
30183.4
30513.4
30846.6
31163.0
31486.4
31804.4
32137.0
32464.8
32793.6
33125.4
33442.2
33764.6
34082.8
34413.6
34747.6
35064.0
35387.8
35704.8
36028.2
36345.2
36668.6
36986.6
37318.6
37648.4
37966.0
38284.2
38603.8
38922.0
39252.0
39584.4
39900.8
40222.6
40540.2
40862.0
41179.6
41510.8
41827.8
42149.2
42482.8
42799.0
43121.6
43439.4
43771.8
44088.0
44410.2
44728.0
