15237.8
15550.6
15878.6
16207.2
16536.4
16849.0
17176.8
17505.2
17834.2
18147.4
18475.0
18803.4
19132.0
19459.2
19773.4
20102.4
20430.6
20760.6
21073.4
21402.0
21730.8
22060.0
22372.8
22700.6
23029.2
23358.4
23684.0
24009.8
24336.8
24664.0
24993.2
25343.8
25682.6
26010.0
26371.8
26815.0
27146.8
27473.0
27800.8
28128.4
28455.8
28783.8
29112.6
29435.2
29759.6
30085.2
30412.4
30741.2
31064.0
31388.8
31715.4
32043.4
32367.0
32691.2
33017.0
33344.2
33673.0
33996.0
34321.0
34647.8
34976.0
35300.8
35624.8
35950.6
36278.6
36607.0
36931.0
37256.2
37582.6
37910.2
38239.6
38552.6
38880.2
39208.6
39537.2
39861.6
40187.4
40514.2
40842.0
41171.6
41484.8
41812.4
42141.0
42470.0
42794.4
43120.0
43446.8
43774.8
44104.4
44429.4
44755.4
