15118.4
15446.2
15773.2
16099.6
16425.6
16751.4
17079.2
17409.2
17736.8
18063.6
18390.0
18716.0
19042.4
19372.4
19701.0
20028.2
20355.0
20681.2
21007.2
21333.4
21664.4
21992.4
22319.6
22646.2
22972.4
23298.2
23625.6
23955.6
24283.2
24610.2
24936.6
25265.6
25615.2
25958.0
26284.2
26658.4
26993.8
27321.0
27647.8
27973.8
28299.4
28627.6
28958.6
29297.6
29634.6
29964.4
30291.8
30618.4
30944.6
31270.4
31596.0
31921.8
32252.2
32579.8
32906.6
33232.8
33558.6
33884.2
34210.0
34540.4
34868.0
35194.8
35521.0
35847.0
36172.4
36498.2
36828.6
37156.2
37483.0
37809.4
38135.2
38460.8
38786.6
39117.0
39444.6
39771.4
40097.8
40423.6
40749.2
41075.2
41405.6
41733.2
42060.0
42386.2
42712.2
43037.6
43363.8
43694.0
44021.6
44348.4
44674.6
