15312.6
15641.8
15969.8
16303.8
16622.2
16951.4
17281.4
17612.2
17940.4
18269.6
18600.8
18929.0
19261.2
19591.2
19919.4
20254.0
20582.8
20910.8
21245.0
21563.4
21892.6
22226.8
22555.8
22884.0
23218.6
23547.6
23875.6
24209.8
24538.0
24866.0
25214.4
25544.6
25911.6
26278.2
26621.8
26962.8
27291.2
27619.2
27951.8
28280.0
28614.8
28943.6
29272.0
29604.8
29933.6
30268.6
30598.8
30927.8
31263.0
31592.6
31922.8
32255.8
32585.0
32914.0
33246.8
33576.0
33910.6
34241.0
34570.0
34905.4
35234.6
35563.2
35897.2
36226.2
36554.6
36887.0
37215.0
37543.0
37875.4
38203.8
38532.0
38864.2
39192.6
39520.6
39852.6
40180.8
40509.0
40841.0
41169.2
41498.0
41829.2
42157.0
42486.0
42807.6
43127.0
43456.8
43792.6
44122.2
44450.6
44785.2
