15286.8
15609.4
15937.8
16261.0
16583.8
16912.2
17225.2
17549.4
17873.2
18200.0
18523.4
18846.4
19174.0
19497.2
19820.0
20148.2
20471.0
20793.6
21121.8
21435.2
21759.4
22086.0
22411.6
22735.0
23060.2
23386.4
23709.8
24033.8
24360.8
24683.2
25033.4
25352.6
25678.0
26036.2
26414.4
26745.4
27069.8
27393.8
27722.4
28047.0
28374.6
28689.6
29014.6
29341.2
29667.2
29990.6
30319.6
30633.6
30958.0
31281.2
31609.6
31932.6
32255.4
32583.6
32896.8
33221.0
33546.0
33872.4
34195.6
34519.2
34846.2
35169.6
35492.4
35820.0
36142.8
36465.4
36793.4
37106.4
37430.4
37756.6
38082.2
38405.6
38729.4
39056.0
39378.6
39701.4
40028.8
40352.2
40675.2
41003.2
41326.4
41637.6
41962.4
42289.0
42612.2
42935.2
43262.6
43585.4
43908.0
44235.8
44549.0
44873.0
