15206.0
15534.2
15863.6
16190.8
16519.6
16847.2
17175.4
17504.4
17832.0
18164.8
18492.0
18823.8
19151.0
19481.8
19809.0
20138.8
20466.4
20796.4
21111.0
21442.4
21769.6
22099.4
22426.6
22755.8
23083.4
23412.6
23741.2
24069.8
24402.8
24717.8
25071.2
25387.4
25733.0
26067.6
26490.0
26817.4
27145.8
27476.0
27802.4
28131.6
28458.2
28786.4
29113.4
29440.6
29772.4
30098.6
30429.8
30756.0
31086.4
31412.6
31742.4
32068.8
32398.2
32724.6
33053.6
33380.0
33708.6
34035.0
34363.4
34690.0
35018.2
35344.8
35672.8
35999.8
36327.6
36655.0
36982.6
37312.2
37639.0
37971.0
38297.4
38628.6
38955.0
39285.4
39611.8
39941.6
40268.0
40597.2
40923.8
41252.6
41579.2
41907.8
42234.6
42563.0
42890.0
43218.2
43545.8
43874.0
44204.0
44531.2
44863.8
