15215.0
15543.8
15872.6
16201.6
16530.6
16859.6
17188.6
17517.8
17847.2
18176.8
18507.0
18841.0
19176.0
19509.6
19842.4
20174.2
20505.6
20836.6
21167.4
21497.8
21828.0
22158.0
22488.0
22817.8
23147.4
23477.0
23806.6
24136.0
24465.4
24794.8
25127.0
25458.4
25786.2
26123.6
26451.6
26784.2
27105.4
27419.2
27750.0
28085.6
28417.8
28739.0
29069.8
29399.6
29718.0
30049.2
30379.6
30709.6
31039.6
31358.0
31689.4
32019.8
32349.8
32679.6
33009.4
33339.0
33668.6
33998.0
34327.6
34657.0
34986.8
35303.6
35634.2
35963.8
36293.2
36622.6
36951.8
37281.0
37610.2
37939.2
38268.4
38597.6
38926.6
39256.0
39584.6
39912.8
40241.4
40570.4
40899.4
41227.2
41555.8
41884.6
42213.4
42542.6
42872.8
43201.6
43529.2
43857.8
44186.4
44515.0
44843.8
