15047.2
15379.2
15713.2
16027.8
16355.8
16684.6
17014.4
17346.0
17679.0
17994.4
18322.4
18651.0
18980.6
19311.8
19644.6
19978.4
20291.2
20620.4
20949.8
21280.4
21612.4
21946.8
22261.4
22589.6
22917.8
23248.0
23580.0
23895.2
24223.8
24551.4
24880.2
25222.6
25562.8
25919.6
26244.6
26573.0
26903.2
27337.6
27693.0
28036.6
28383.4
28716.4
29043.8
29370.6
29698.6
30027.2
30356.8
30687.6
31019.8
31352.6
31678.6
32005.8
32333.8
32663.0
32993.6
33325.4
33658.4
33986.6
34313.2
34641.4
34970.2
35300.4
35632.0
35965.0
36298.4
36625.8
36953.4
37282.0
37611.6
37942.4
38274.6
38607.8
38942.0
39271.0
39599.4
39928.2
40257.8
40588.4
40920.2
41253.0
41586.6
41919.0
42245.6
42572.8
42901.0
43230.6
43561.6
43894.0
44228.2
44542.8
44870.8
