15153.6
15482.8
15807.2
16134.4
16458.8
16784.6
17114.2
17438.6
17766.8
18091.2
18417.4
18745.4
19070.0
19398.6
19723.0
20049.6
20375.0
20700.2
21029.4
21354.2
21681.0
22006.0
22331.8
22661.8
22986.8
23314.8
23774.8
24123.8
24463.2
24802.8
25127.0
25458.8
25790.0
26126.6
26544.4
26879.8
27221.6
27545.6
27872.0
28202.8
28529.0
28868.0
29206.0
29533.4
29857.0
30184.4
30508.0
30833.8
31158.2
31482.8
31811.8
32135.4
32462.2
32786.0
33111.4
33438.2
33762.2
34090.4
34414.0
34740.2
35064.0
35389.0
35718.2
36042.0
36369.0
36692.8
37018.4
37344.4
37668.6
37997.0
38320.8
38647.0
38971.0
39296.2
39625.6
39949.6
40276.8
40600.8
40926.4
41253.8
41578.2
41906.4
42230.4
42556.8
42881.4
43206.6
43545.8
43869.2
44194.6
44521.2
44845.2
