15008.6
15337.2
15672.2
15987.2
16322.6
16638.2
16972.6
17299.8
17630.4
17960.8
18289.0
18623.8
18939.0
19274.2
19601.4
19932.6
20262.6
20591.4
20926.6
21241.6
21577.0
21892.8
22227.2
22554.6
22885.2
23216.2
23544.6
23879.4
24194.8
24529.6
24857.4
25197.8
25535.6
25871.2
26198.4
26532.2
26937.2
27273.4
27615.6
27960.6
28286.4
28619.6
28945.6
29278.0
29604.0
29935.0
30262.0
30591.0
30922.0
31249.6
31582.8
31909.6
32240.2
32570.2
32899.0
33234.0
33549.4
33884.2
34212.0
34543.2
34873.6
35203.0
35538.4
35854.0
36189.0
36517.6
36849.0
37181.4
37498.8
37834.2
38150.4
38486.6
38802.2
39137.4
39465.0
39796.4
40126.2
40455.6
40791.2
41106.6
41442.0
41757.8
42092.0
42419.4
42750.0
43080.8
43410.2
43745.0
44060.8
44395.4
44723.4
