15065.0
15390.2
15718.0
16049.4
16374.6
16703.6
17029.2
17355.8
17686.8
18011.6
18339.4
18670.2
18984.0
19316.4
19641.4
19968.8
20298.0
20623.6
20953.2
21278.6
21605.4
21937.0
22250.2
22581.4
22906.8
23233.8
23565.6
23890.6
24219.2
24545.2
24871.6
25215.6
25567.2
25989.0
26429.4
26770.4
27095.6
27427.0
27751.6
28079.8
28411.0
28735.2
29062.2
29393.4
29717.6
30045.0
30375.0
30699.8
31028.8
31353.6
31680.2
32011.6
32336.0
32664.0
32989.6
33315.6
33646.2
33970.6
34298.0
34627.2
34952.2
35281.4
35606.6
35933.2
36264.6
36589.2
36917.2
37243.0
37569.2
37899.4
38224.2
38551.4
38882.4
39207.2
39536.2
39861.6
40188.2
40519.4
40844.0
41171.8
41499.8
41825.4
42155.0
42480.6
42807.8
43139.4
43464.4
43792.6
44119.4
44445.6
44776.0
