15054.2
15385.0
15717.8
16046.8
16377.0
16709.4
17044.2
17373.2
17704.0
18037.0
18367.0
18696.0
19027.0
19360.2
19689.4
20019.8
20352.2
20687.4
21015.2
21345.2
21677.2
22005.6
22334.8
22665.6
22998.2
23326.4
23656.2
23987.2
24316.0
24645.4
24976.6
25325.0
25679.8
26039.6
26379.2
26790.8
27131.0
27472.0
27813.4
28145.0
28480.2
28808.2
29138.2
29470.4
29801.6
30129.6
30459.6
30793.2
31122.0
31450.6
31781.8
32113.6
32441.4
32771.2
33104.6
33433.4
33762.0
34093.0
34425.2
34752.8
35082.6
35415.8
35744.8
36073.4
36404.4
36738.0
37065.4
37395.0
37727.8
38057.4
38386.2
38716.8
39052.0
39380.0
39709.6
40041.8
40372.6
40701.4
41032.0
41366.6
41696.0
42025.6
42357.2
42691.8
43020.2
43350.8
43684.0
44015.6
44344.8
44676.0
