15181.0
15501.2
15822.6
16143.8
16464.8
16790.2
17110.0
17434.6
17754.0
18077.2
18396.6
18719.0
19038.2
19360.0
19679.4
20000.8
20320.2
20641.2
20961.0
21281.6
21602.8
21922.8
22247.6
22566.8
22891.0
23209.8
23533.0
23852.0
24174.4
24493.2
24815.2
25135.4
25464.4
25785.8
26117.0
26448.4
26772.4
27092.0
27417.2
27736.6
28060.8
28380.2
28702.0
29021.8
29342.0
29666.4
29984.8
30308.0
30626.4
30949.0
31267.4
31589.4
31907.8
32229.6
32548.0
32869.4
33187.8
33508.8
33827.4
34148.2
34466.8
34787.6
35106.2
35426.8
35745.6
36066.0
36385.2
36705.4
37024.8
37344.8
37665.6
37985.0
38309.0
38627.6
38951.8
39270.2
39593.6
39912.0
40234.6
40553.0
40875.0
41193.4
41515.0
41833.4
42154.6
42473.2
42794.2
43112.8
43433.6
43752.4
44073.0
44391.8
44712.4
