15151.6
15473.6
15795.6
16117.6
16439.8
16761.8
17084.0
17406.0
17728.2
18050.4
18372.4
18694.6
19016.8
19338.8
19661.0
19983.2
20305.4
20627.4
20949.6
21271.8
21594.0
21916.2
22238.2
22560.4
22882.8
23206.8
23633.4
23973.6
24308.2
24640.2
24971.8
25293.4
25615.2
25958.0
26278.2
26602.0
26921.0
27241.2
27561.6
27881.8
28202.0
28522.2
28842.6
29163.0
29483.2
29803.4
30123.8
30444.0
30764.6
31085.0
31405.8
31726.6
32047.6
32368.6
32689.8
33011.0
33332.4
33653.8
33975.2
34296.8
34618.2
34939.8
35261.4
35582.8
35904.4
36226.0
36547.6
36869.2
37190.8
37512.4
37834.0
38155.6
38477.4
38799.2
39121.2
39443.0
39764.8
40086.8
40408.8
40730.8
41052.8
41374.8
41697.0
42019.0
42341.0
42663.2
42985.2
43307.4
43629.6
43951.6
44273.8
44596.0
44918.0
