15100.4
15430.0
15761.0
16093.4
16427.4
16861.6
17203.0
17546.4
17885.8
18224.2
18563.2
18890.4
19219.2
19549.6
19881.8
20211.8
20539.6
20865.8
21192.2
21519.0
21846.4
22174.8
22505.0
22836.6
23169.6
23501.2
23830.0
24157.6
24484.6
24812.0
25145.0
25475.6
25812.0
26154.8
26495.8
26822.6
27150.8
27480.6
27812.4
28145.8
28479.8
28793.6
29121.2
29448.6
29776.2
30104.6
30433.8
30764.4
31096.2
31429.0
31758.8
32087.0
32413.6
32740.4
33067.6
33395.4
33724.2
34054.4
34386.4
34719.6
35053.8
35367.8
35695.8
36023.2
36351.0
36679.6
37009.4
37340.8
37673.6
38007.8
38323.0
38651.2
38979.0
39306.8
39635.2
39964.8
40295.4
40627.6
40961.4
41394.4
41735.8
42079.0
42418.4
42756.8
43095.6
43423.0
43751.8
44082.4
44414.6
44743.8
