15092.8
15414.4
15738.4
16060.2
16385.4
16706.8
17033.0
17354.4
17681.4
18002.8
18328.8
18650.8
18973.0
19296.2
19618.0
19942.2
20264.4
20589.6
20911.6
21237.8
21559.4
21886.6
22208.2
22535.8
22857.6
23184.2
23506.4
23829.2
24152.6
24474.8
24799.0
25122.6
25455.8
25815.6
26165.2
26557.0
26888.0
27212.6
27548.2
27869.8
28194.8
28535.4
28857.4
29183.8
29504.8
29830.6
30151.6
30478.0
30798.8
31125.0
31446.0
31767.6
32090.6
32412.0
32736.2
33057.6
33383.0
33704.0
34030.4
34351.2
34677.4
34998.4
35320.0
35642.6
35964.0
36287.8
36609.4
36934.4
37255.4
37581.6
37902.4
38228.8
38549.6
38871.4
39193.8
39515.2
39839.0
40160.4
40485.4
40806.4
41132.4
41453.2
41779.6
42100.4
42422.2
42744.6
43066.0
43389.6
43711.2
44036.0
44357.0
44683.2
