15198.0
15527.4
15856.0
16184.0
16511.6
16839.0
17166.0
17492.8
17819.4
18146.0
18473.0
18801.8
19133.0
19462.2
19790.6
20118.6
20446.0
20773.2
21100.2
21426.8
21753.4
22080.4
22407.8
22739.0
23069.4
23398.6
23726.8
24054.6
24382.2
24709.4
25039.0
25371.6
25727.4
26077.6
26419.4
26760.2
27090.2
27420.0
27749.0
28077.0
28404.4
28731.4
29058.0
29384.8
29712.4
30044.4
30374.2
30703.2
31031.4
31359.2
31686.8
32014.0
32341.0
32667.8
32994.4
33321.2
33649.0
33980.6
34310.4
34639.2
34967.2
35295.0
35622.2
35949.4
36276.2
36602.8
36929.4
37256.2
37584.0
37915.6
38245.2
38573.8
38901.8
39229.4
39556.8
39883.8
40210.6
40537.2
40863.8
41190.4
41518.6
41850.0
42179.4
42508.2
42836.2
43163.8
43491.2
43818.2
44145.2
44471.8
44798.4
