15100.2
15419.4
15737.0
16057.0
16374.4
16695.0
17012.4
17333.4
17651.0
17972.4
18290.2
18612.0
18930.0
19252.2
19570.2
19892.8
20211.0
20533.8
20852.2
21175.0
21493.4
21816.4
22135.0
22458.0
22776.6
23099.6
23418.4
23741.4
24060.2
24383.4
24702.2
25044.4
25395.0
25745.6
26085.8
26424.2
26752.6
27073.2
27393.4
27711.6
28032.0
28350.0
28669.6
28988.4
29307.4
29629.4
29947.4
30269.0
30587.0
30905.6
31224.4
31541.8
31861.6
32179.0
32499.6
32817.0
33138.2
33455.6
33777.2
34094.6
34416.6
34734.0
35056.0
35373.6
35695.4
36013.2
36333.4
36651.6
36969.2
37288.4
37605.6
37925.8
38243.0
38564.0
38881.4
39202.8
39520.4
39842.2
40159.8
40481.8
40799.6
41121.8
41439.6
41762.0
42080.0
42402.0
42720.4
43042.0
43360.6
43680.2
43999.2
44317.4
44637.2
44955.0
