15199.0
15521.0
15839.2
16157.4
16475.2
16797.4
17115.6
17433.8
17751.8
18074.0
18392.2
18710.4
19028.2
19350.6
19668.8
19987.2
20305.0
20627.4
20945.6
21264.0
21582.0
21904.6
22222.8
22541.2
22859.2
23181.6
23500.0
23818.6
24136.8
24459.4
24777.6
25098.4
25447.4
25766.4
26094.8
26411.0
26729.0
27046.6
27370.2
27689.4
28007.2
28325.0
28646.8
28965.4
29283.8
29607.6
29926.2
30244.6
30562.8
30885.4
31204.2
31522.6
31840.8
32163.6
32482.2
32801.0
33119.4
33442.0
33760.8
34079.6
34398.4
34720.8
35039.6
35358.4
35678.0
35999.6
36318.6
36637.4
36958.2
37279.0
37597.6
37916.4
38239.6
38559.2
38877.6
39195.8
39519.8
39838.8
40156.8
40474.8
40798.2
41117.0
41435.0
41752.6
42076.0
42394.6
42712.4
43030.0
43353.2
43671.8
43989.6
44307.2
44630.4
44949.0
