15255.4
15577.0
15894.4
16217.0
16534.4
16857.6
17175.2
17499.0
17817.0
18141.4
18459.6
18783.8
19102.2
19426.2
19744.2
20068.4
20386.8
20711.2
21149.6
21491.6
21826.0
22155.6
22484.8
22816.8
23134.4
23456.2
23773.8
24096.4
24414.0
24737.2
25060.2
25401.8
25742.2
26071.2
26421.4
26740.0
27160.4
27505.2
27839.0
28172.6
28506.6
28841.8
29171.6
29501.6
29835.0
30152.0
30476.0
30793.8
31117.4
31435.0
31758.8
32076.2
32400.0
32717.4
33041.0
33358.6
33681.0
33999.0
34318.6
34638.0
34956.4
35276.8
35595.2
35916.4
36234.8
36556.4
36875.0
37197.2
37515.8
37838.4
38157.2
38480.0
38798.8
39122.0
39440.8
39763.8
40082.4
40405.6
40723.8
41047.2
41365.0
41688.4
42006.0
42329.4
42646.8
42970.0
43287.2
43610.6
43928.0
44251.0
44568.6
44890.0
