15209.2
15527.0
15849.8
16167.6
16490.4
16808.2
17131.0
17448.8
17771.4
18089.2
18411.8
18729.6
19052.2
19370.0
19692.6
20010.4
20333.0
20650.8
20973.4
21291.2
21613.8
21931.6
22254.2
22572.0
22894.4
23212.2
23534.8
23852.6
24175.2
24493.0
24815.4
25136.2
25469.6
25802.6
26201.8
26563.4
26903.2
27236.2
27573.6
27892.2
28228.0
28566.0
28884.0
29209.2
29544.2
29863.6
30199.2
30530.0
30850.8
31172.2
31504.2
31830.0
32149.8
32485.0
32804.6
33126.8
33446.8
33769.0
34089.2
34411.0
34731.8
35052.8
35374.8
35694.8
36020.6
36338.8
36665.0
36982.8
37308.0
37625.6
37950.2
38267.8
38591.8
38909.4
39233.0
39550.8
39874.2
40191.8
40515.0
40832.8
41155.8
41473.6
41796.6
42114.4
42437.2
42755.0
43077.8
43395.6
43718.2
44036.2
44358.8
44676.6
44999.2
