15319.6
15646.8
15973.0
16298.6
16623.8
16952.0
17280.8
17607.4
17933.4
18259.0
18584.2
18915.2
19242.6
19569.0
19895.0
20220.8
20546.8
20877.4
21194.6
21512.4
21840.4
22167.0
22492.8
22818.4
23149.8
23477.0
23803.6
24130.0
24456.0
24783.6
25126.8
25456.6
25784.2
26114.2
26439.8
26812.6
27147.6
27473.2
27799.0
28129.6
28456.2
28782.0
29107.0
29431.4
29757.0
30085.6
30411.6
30737.2
31062.2
31386.8
31711.6
32041.4
32367.8
32693.4
33018.6
33343.2
33667.8
33997.2
34324.2
34649.8
34975.2
35300.0
35624.6
35951.4
36279.4
36605.4
36930.8
37255.8
37580.4
37905.8
38235.2
38561.4
38887.0
39212.2
39537.0
39862.0
40191.8
40518.4
40844.2
41169.4
41494.4
41819.4
42149.4
42476.2
42802.0
43127.4
43452.6
43777.6
44107.8
44434.6
44760.6
