15278.2
15602.0
15929.8
16253.6
16581.6
16905.4
17233.2
17557.2
17885.0
18209.0
18536.6
18861.0
19188.6
19512.6
19840.4
20164.6
20492.2
20816.6
21144.2
21468.6
21796.2
22120.6
22448.0
22772.6
23100.0
23425.0
23752.6
24077.4
24535.8
24896.8
25234.6
25577.6
25929.8
26285.2
26619.2
26945.6
27271.4
27595.4
27923.4
28267.2
28590.4
28920.2
29246.2
29584.0
29925.4
30248.4
30578.0
30904.2
31242.6
31585.0
31907.6
32238.2
32561.0
32890.6
33213.2
33542.6
33865.2
34194.4
34517.0
34846.0
35168.6
35497.6
35820.2
36149.0
36471.8
36800.6
37123.2
37452.2
37775.0
38103.8
38426.6
38755.4
39078.2
39407.0
39729.8
40058.6
40381.6
40710.4
41033.4
41362.2
41685.0
42013.8
42337.0
42665.6
42988.8
43317.4
43640.6
43969.0
44292.4
44621.0
44944.2
