15064.0
15395.6
15726.0
16057.0
16391.0
16720.4
17052.0
17381.2
17712.0
18046.8
18375.8
18708.8
19038.0
19369.0
19699.6
20029.8
20364.0
20693.4
21025.4
21355.0
21687.0
22021.4
22350.6
22682.4
23011.2
23342.0
23673.0
24002.8
24336.6
24665.8
24997.6
25353.6
25683.8
26016.8
26406.6
26745.0
27075.8
27409.0
27744.4
28074.4
28406.8
28737.0
29067.8
29402.2
29732.2
30064.2
30398.4
30728.8
31062.4
31392.6
31724.6
32057.4
32388.2
32723.2
33053.6
33386.2
33720.8
34051.8
34386.6
34717.2
35050.0
35386.6
35704.6
36041.2
36372.0
36705.4
37036.8
37368.4
37703.8
38034.6
38367.6
38700.2
39031.6
39366.8
39697.6
40030.6
40366.6
40684.8
41022.0
41340.0
41676.0
42006.4
42339.0
42670.4
43001.4
43336.6
43666.8
43999.6
44330.8
44662.0
44997.2
