15071.6
15394.8
15714.0
16032.2
16355.4
16664.4
16984.0
17302.8
17624.0
17942.2
18260.2
18582.2
18900.6
19218.4
19541.2
19859.2
20177.0
20499.4
20818.2
21136.2
21459.0
21778.4
22097.0
22420.0
22729.0
23038.4
23357.6
23681.8
24000.0
24317.8
24641.0
24959.0
25305.6
25620.0
25972.4
26333.2
26739.2
27040.4
27363.2
27696.4
28025.2
28346.6
28665.6
28992.8
29315.0
29649.4
29967.2
30285.2
30609.0
30926.8
31244.8
31568.2
31886.2
32204.0
32525.0
32844.0
33162.0
33480.6
33801.2
34119.2
34437.2
34758.8
35077.0
35394.8
35717.4
36035.4
36353.4
36676.4
36994.6
37312.6
37636.2
37954.4
38272.6
38596.4
38914.8
39233.2
39557.0
39875.6
40194.2
40518.0
40836.8
41155.4
41479.0
41798.0
42116.6
42440.0
42759.0
43077.6
43400.8
43719.6
44038.0
44361.2
44679.8
44998.0
