15286.0
15616.2
15944.2
16278.6
16596.2
16925.4
17260.0
17578.4
17908.0
18243.4
18571.2
18899.0
19232.0
19559.2
19886.4
20218.0
20545.2
20873.0
21203.4
21531.0
21863.8
22182.0
22510.4
22840.6
23170.2
23498.4
23832.6
24150.2
24479.4
24814.0
25150.4
25510.2
25846.0
26346.0
26669.2
27003.4
27332.8
27661.6
27992.2
28320.6
28654.4
28982.4
29313.0
29641.4
29969.4
30303.2
30630.6
30958.4
31290.4
31618.0
31946.8
32277.4
32607.2
32942.8
33270.6
33599.4
33932.8
34260.8
34589.4
34921.0
35251.2
35586.6
35914.6
36242.6
36575.8
36903.4
37231.0
37562.4
37890.2
38221.0
38550.0
38878.0
39212.0
39529.4
39858.6
40193.0
40522.2
40850.2
41183.2
41510.6
41838.0
42169.4
42496.6
42824.8
43155.0
43482.4
43817.0
44134.0
44462.4
44795.6
