15180.2
15508.6
15839.4
16170.0
16497.4
16816.8
17145.4
17473.0
17803.6
18137.4
18451.2
18782.6
19116.4
19443.0
19772.2
20104.4
20431.2
20759.8
21090.8
21424.4
21738.0
22070.0
22403.6
22717.4
23049.4
23382.8
23697.0
24029.0
24362.2
24688.8
25023.8
25368.2
25718.4
26100.2
26458.8
26799.6
27126.4
27456.4
27790.2
28117.0
28445.4
28775.4
29108.6
29435.4
29763.8
30094.6
30428.6
30755.8
31085.4
31418.0
31745.6
32074.4
32405.6
32740.0
33067.4
33397.0
33729.6
34057.4
34386.4
34717.0
35051.0
35378.0
35707.0
36038.8
36366.0
36694.6
37024.2
37357.0
37683.8
38012.2
38344.8
38659.0
38989.2
39322.4
39649.2
39976.8
40308.2
40634.8
40962.4
41292.8
41624.8
41939.4
42271.2
42602.0
42929.4
43258.0
43591.0
43917.6
44245.4
44577.2
44903.8
