15016.4
15343.4
15673.2
15999.4
16323.4
16650.6
16980.8
17306.6
17632.4
17959.4
18289.4
18616.0
18941.2
19267.8
19597.6
19923.2
20247.2
20574.6
20904.8
21219.4
21547.0
21875.8
22208.0
22532.0
22857.4
23185.4
23517.0
23831.0
24159.4
24489.0
24821.4
25147.8
25480.0
25820.2
26219.0
26543.6
26871.4
27198.2
27529.6
27854.0
28181.0
28508.2
28837.6
29169.8
29483.8
29812.0
30141.2
30473.8
30799.4
31125.0
31453.6
31785.4
32100.0
32428.2
32757.6
33090.4
33415.0
33742.4
34070.6
34402.2
34731.8
35057.6
35384.8
35714.6
36043.8
36368.2
36695.2
37024.4
37356.4
37670.2
37999.2
38330.0
38658.8
38982.2
39309.4
39639.4
39968.8
40293.6
40621.2
40950.4
41282.4
41596.0
41924.4
42254.6
42582.0
42905.8
43233.0
43563.2
43890.8
44215.8
44542.8
44872.4
