15087.8
15427.0
15750.4
16073.8
16406.4
16737.0
17075.2
17398.8
17720.8
18053.2
18384.0
18722.6
19045.4
19367.4
19699.6
20031.6
20351.0
20689.0
21021.6
21341.6
21673.0
22010.8
22334.2
22656.4
22989.0
23308.6
23640.2
23977.8
24300.4
24622.2
24954.4
25279.2
25641.2
25988.0
26303.6
26639.2
26962.8
27286.6
27610.2
27932.8
28254.4
28586.4
28924.4
29247.8
29580.4
29911.0
30249.0
30572.0
30905.0
31236.8
31575.4
31899.0
32232.0
32564.2
32903.2
33228.0
33561.8
33893.8
34232.6
34556.8
34880.2
35213.6
35545.8
35884.8
36218.0
36550.2
36888.8
37214.4
37548.2
37880.6
38219.6
38544.6
38867.6
39200.6
39532.2
39870.6
40194.0
40516.0
40849.0
41180.8
41518.8
41841.8
42163.8
42496.8
42828.2
43165.6
43488.2
43821.0
44152.2
44490.2
44813.4
