15071.8
15393.0
15715.2
16048.6
16380.6
16712.8
17032.8
17354.2
17687.4
18020.2
18355.2
18677.4
19000.0
19323.8
19663.8
19990.0
20316.2
20642.8
20969.4
21305.0
21638.2
21971.0
22292.8
22626.8
22948.0
23269.8
23603.4
23935.4
24267.8
24587.8
24909.6
25278.8
25605.8
25963.6
26336.8
26673.0
26999.8
27325.2
27648.6
27971.8
28295.4
28633.4
28967.6
29301.0
29633.2
29965.4
30298.4
30619.0
30940.0
31272.6
31605.4
31939.0
32278.0
32604.2
32930.4
33256.4
33582.4
33908.6
34244.4
34578.0
34911.2
35233.0
35556.0
35889.8
36221.8
36554.0
36887.8
37208.8
37531.2
37866.0
38205.0
38530.6
38856.8
39183.2
39509.0
39834.8
40160.6
40486.2
40812.0
41147.2
41480.2
41812.8
42145.6
42466.2
42787.6
43110.4
43443.0
43774.8
44107.2
44442.4
44763.4
