15197.2
15515.6
15835.6
16157.0
16481.0
16800.4
17120.0
17441.2
17764.8
18087.6
18405.8
18726.6
19049.4
19374.6
19692.0
20012.2
20334.2
20659.2
20976.6
21296.6
21618.2
21943.0
22260.4
22580.4
22901.8
23226.4
23544.4
23864.4
24185.8
24510.0
24828.6
25152.0
25488.6
25835.4
26178.8
26716.4
27053.2
27392.2
27730.4
28055.0
28375.2
28708.4
29042.0
29376.2
29708.2
30040.8
30361.8
30685.0
31010.8
31328.4
31648.6
31970.8
32296.2
32613.8
32933.8
33255.4
33580.4
33898.4
34218.4
34539.6
34864.2
35183.4
35503.2
35824.4
36148.6
36468.8
36788.2
37109.2
37432.6
37756.8
38074.8
38395.2
38717.8
39043.6
39361.2
39681.2
40003.0
40328.2
40646.2
40966.2
41287.6
41612.4
41931.4
42251.4
42572.6
42896.8
43217.4
43537.0
43858.0
44181.4
44506.6
44824.8
