15207.2
15540.2
15861.8
16190.2
16513.6
16836.4
17159.6
17493.2
17820.2
18145.8
18469.6
18804.0
19124.6
19447.2
19786.0
20108.0
20430.2
20753.4
21086.6
21415.4
21738.6
22061.6
22395.4
22716.4
23038.4
23367.6
23692.0
24025.6
24347.2
24669.0
25021.0
25349.0
25688.0
26029.8
26354.8
26686.2
27021.8
27345.0
27678.6
28018.2
28340.8
28665.6
29000.4
29337.6
29660.8
29996.8
30337.4
30660.6
30983.8
31317.8
31639.4
31978.2
32300.2
32623.0
32946.2
33279.4
33608.4
33931.6
34254.2
34577.6
34911.0
35251.0
35573.2
35895.2
36217.2
36539.0
36860.8
37201.4
37523.6
37846.2
38180.0
38500.8
38824.0
39152.2
39476.0
39810.0
40131.2
40453.2
40792.8
41115.4
41438.0
41771.8
42092.8
42422.2
42745.6
43068.2
43391.8
43725.0
44065.2
44387.2
44709.4
