15079.2
15402.4
15726.4
16050.0
16367.6
16686.6
17006.0
17326.2
17647.2
17969.2
18292.0
18616.0
18940.0
19258.6
19577.2
19896.6
20216.4
20537.2
20858.8
21181.6
21505.4
21829.6
22149.0
22467.4
22786.6
23106.4
23427.0
23748.6
24071.2
24395.0
24719.2
25063.4
25398.0
25743.2
26078.4
26419.0
26752.0
27071.4
27391.2
27713.4
28045.2
28376.4
28696.2
29018.4
29351.2
29682.8
30002.8
30325.4
30657.6
30989.0
31309.2
31631.8
31964.0
32285.0
32607.0
32930.0
33253.8
33577.8
33896.2
34215.0
34534.4
34854.6
35175.4
35497.2
35820.0
36143.6
36467.6
36786.4
37105.0
37424.4
37744.2
38065.0
38386.6
38709.2
39032.8
39356.8
39676.2
39994.6
40313.8
40633.8
40954.2
41275.8
41598.4
41921.8
42246.0
42566.2
42884.2
43203.4
43523.2
43843.8
44165.2
44487.6
44811.0
