15236.0
15558.6
15879.0
16199.0
16519.0
16839.4
17164.6
17477.2
17800.0
18121.4
18442.0
18761.0
19084.2
19398.0
19714.2
20038.0
20358.4
20678.6
20998.8
21321.8
21646.4
21968.0
22288.8
22609.0
22928.8
23254.2
23568.2
23891.8
24213.2
24532.6
24852.4
25196.8
25514.6
25840.2
26171.6
26643.0
26971.0
27309.4
27631.8
27953.0
28273.4
28593.2
28918.2
29238.8
29558.8
29878.4
30198.0
30519.4
30843.8
31164.6
31484.4
31804.2
32123.6
32443.4
32769.0
33091.0
33411.2
33730.6
34050.0
34369.6
34694.8
35016.2
35337.2
35657.0
35976.0
36295.2
36620.0
36941.8
37262.6
37583.0
37902.4
38221.2
38542.0
38865.6
39186.6
39506.8
39827.0
40146.2
40465.2
40790.4
41111.6
41432.0
41752.0
42071.8
42391.0
42715.6
43037.6
43358.4
43678.4
43998.0
44317.6
44641.8
44964.0
