15021.0
15337.0
15658.8
15989.8
16302.4
16621.2
16949.4
17278.2
17591.8
17908.6
18237.6
18565.2
18887.6
19200.4
19517.4
19847.8
20170.0
20483.8
20810.8
21128.4
21452.8
21785.2
22097.4
22416.0
22744.8
23066.4
23378.8
23707.0
24025.6
24350.0
24663.8
24991.8
25322.4
25659.8
25984.8
26372.6
26701.2
27157.6
27497.4
27834.0
28167.0
28498.8
28823.2
29149.0
29475.2
29801.2
30128.6
30457.6
30788.4
31122.0
31434.4
31753.2
32083.4
32412.6
32746.4
33063.4
33390.8
33717.4
34036.4
34369.6
34685.8
35012.0
35338.4
35656.4
35980.2
36293.4
36621.6
36940.6
37270.6
37582.6
37900.8
38228.6
38557.2
38871.8
39187.8
39516.4
39844.4
40166.0
40479.0
40795.6
41126.2
41448.0
41761.8
42088.8
42406.2
42730.6
43062.6
43374.8
43693.4
44022.4
44344.0
44656.2
44984.6
