15212.2
15542.0
15871.0
16199.2
16527.2
16855.0
17182.8
17511.6
17844.0
18174.4
18503.8
18832.4
19160.4
19488.2
19815.8
20143.4
20472.0
20804.4
21134.6
21463.8
21792.2
22120.2
22448.0
22775.6
23103.4
23432.2
23764.8
24095.2
24424.4
24752.8
25085.2
25417.8
25749.2
26091.0
26433.4
26861.6
27199.4
27543.4
27887.6
28216.0
28543.8
28871.0
29197.8
29524.6
29855.6
30185.8
30514.8
30842.8
31170.6
31497.8
31825.0
32151.8
32478.6
32805.6
33134.2
33465.4
33794.8
34123.4
34451.2
34778.6
35105.8
35432.6
35759.4
36086.2
36414.0
36745.6
37075.4
37404.0
37732.0
38059.6
38386.8
38713.8
39040.8
39367.6
39695.4
40027.2
40357.2
40686.0
41014.2
41341.8
41669.2
41996.4
42323.6
42651.2
42979.8
43312.0
43641.8
43970.6
44298.8
44626.4
44954.0
