15282.8
15609.6
15933.2
16259.4
16587.2
16910.4
17234.8
17561.0
17888.2
18211.4
18536.0
18862.2
19191.0
19514.2
19839.6
20166.4
20489.8
20813.8
21139.6
21466.4
21789.6
22114.2
22440.0
22768.6
23092.0
23417.4
23743.8
24067.6
24391.6
24717.0
25055.2
25397.4
25773.2
26093.6
26418.0
26833.0
27177.8
27521.6
27857.2
28181.4
28508.6
28846.6
29184.8
29523.8
29846.0
30169.8
30495.2
30821.8
31144.2
31468.6
31795.2
32118.2
32442.2
32767.4
33095.8
33418.4
33742.8
34068.8
34392.8
34717.0
35042.2
35369.8
35693.4
36018.4
36344.8
36674.0
36997.8
37323.4
37650.6
37990.2
38313.8
38638.6
38965.0
39293.6
39618.0
39943.8
40271.2
40601.2
40926.0
41252.4
41580.2
41910.2
42235.0
42561.4
42889.2
43219.4
43544.2
43870.6
44199.0
44529.6
44854.6
