15086.4
15408.0
15725.6
16032.0
16351.8
16672.0
16993.0
17315.4
17639.0
17961.8
18280.0
18586.2
18905.8
19225.8
19546.6
19868.6
20192.0
20516.4
20822.0
21140.4
21459.4
21779.0
22099.4
22421.2
22744.2
23068.2
23374.4
23692.8
24011.4
24331.0
24651.4
24973.2
25310.8
25642.0
26000.2
26325.4
26647.8
26979.8
27301.8
27624.8
27947.2
28265.6
28584.0
28903.8
29234.2
29552.8
29872.8
30203.0
30521.0
30839.8
31159.4
31480.2
31802.0
32124.8
32444.8
32761.8
33080.0
33398.4
33717.4
34037.4
34358.4
34680.6
35003.4
35323.4
35640.6
35958.8
36277.4
36596.6
36916.6
37237.8
37560.0
37883.0
38205.4
38523.0
38841.2
39160.0
39479.0
39799.0
40119.8
40441.8
40764.6
41088.2
41410.8
41728.8
42047.6
42366.8
42686.2
43006.4
43327.4
43649.4
43972.2
44295.8
44618.8
44936.6
