15053.4
15370.6
15686.0
16013.4
16330.0
16644.6
16973.8
17290.4
17606.0
17934.2
18261.8
18580.2
18894.4
19223.4
19541.2
19856.0
20184.2
20501.4
20815.6
21131.8
21462.0
21776.8
22105.2
22421.6
22737.2
23064.8
23381.0
23695.6
24013.6
24341.8
24673.0
24986.8
25324.6
25679.4
26030.6
26351.8
26682.2
27012.0
27326.4
27646.6
27962.0
28280.0
28609.6
28942.6
29257.4
29574.8
29905.8
30238.6
30551.4
30869.2
31201.4
31531.8
31846.2
32177.6
32509.2
32824.4
33140.6
33470.8
33786.8
34102.8
34432.6
34765.8
35078.0
35395.0
35717.2
36029.6
36347.4
36681.2
36994.4
37312.0
37643.2
37957.0
38273.4
38604.0
38918.8
39234.6
39564.6
39880.4
40196.2
40526.0
40843.8
41158.2
41477.0
41794.6
42111.2
42440.8
42773.4
43086.8
43404.2
43735.4
44049.4
44365.8
44696.2
