15284.6
15607.8
15924.8
16247.8
16564.8
16887.8
17205.0
17528.0
17845.0
18168.0
18485.2
18808.0
19125.4
19448.2
19765.4
20088.2
20405.6
20728.4
21045.6
21368.4
21685.8
22008.4
22325.8
22648.6
22966.0
23288.6
23606.0
23928.6
24246.2
24568.8
24886.2
25222.0
25585.6
25946.6
26274.0
26593.2
26911.0
27231.4
27548.4
27870.2
28187.0
28508.4
28825.2
29146.6
29466.0
29798.2
30133.6
30451.6
30774.6
31092.8
31415.2
31732.8
32055.0
32372.8
32694.8
33012.4
33334.4
33652.0
33974.0
34291.4
34613.6
34931.0
35253.0
35570.6
35892.6
36210.0
36532.2
36850.0
37172.0
37489.6
37811.8
38129.6
38451.6
38769.4
39091.6
39409.4
39731.4
40049.6
40371.6
40689.4
41011.6
41329.8
41651.6
41969.6
42291.8
42609.8
42931.8
43250.2
43572.0
43890.2
44212.0
44530.4
44852.2
