15212.2
15545.2
15881.8
16199.8
16533.8
16869.8
17200.2
17532.8
17868.0
18198.4
18530.6
18864.6
19198.2
19529.4
19862.8
20199.2
20517.8
20851.6
21188.0
21518.8
21851.2
22185.8
22517.6
22849.0
23182.4
23519.0
23837.6
24171.8
24508.4
24838.8
25177.0
25520.2
25855.0
26250.0
26587.2
26923.2
27254.4
27588.0
27924.4
28243.2
28576.8
28911.6
29248.2
29566.4
29900.6
30237.2
30567.6
30900.0
31234.6
31565.0
31896.2
32230.0
32548.4
32881.0
33215.6
33546.0
33876.8
34210.4
34542.4
34873.2
35206.0
35542.2
35859.8
36193.6
36529.6
36859.8
37192.0
37527.0
37856.8
38188.0
38522.0
38841.2
39173.6
39508.0
39837.8
40168.8
40502.8
40821.4
41154.0
41488.8
41819.0
42149.8
42483.4
42814.2
43145.0
43477.8
43813.2
44130.6
44465.2
44797.2
