15049.0
15380.8
15710.2
16045.0
16362.6
16694.0
17026.6
17356.0
17673.2
18006.0
18335.8
18670.0
18987.8
19318.2
19650.8
19980.6
20298.0
20630.4
20947.6
21277.8
21608.8
21925.2
22242.0
22575.0
22904.8
23221.0
23543.6
23873.0
24202.8
24522.4
24839.8
25171.6
25512.0
25900.4
26241.2
26573.2
27014.8
27364.0
27696.0
28028.0
28358.6
28687.8
29019.0
29347.8
29680.8
30008.8
30341.2
30669.8
30998.4
31330.2
31658.6
31993.4
32311.2
32641.2
32975.2
33293.0
33623.4
33956.0
34285.8
34602.6
34924.8
35254.0
35570.0
35890.8
36209.2
36527.4
36856.8
37187.8
37503.8
37820.2
38153.4
38469.8
38786.6
39121.4
39438.2
39755.0
40087.2
40405.6
40722.4
41039.2
41356.2
41676.8
42006.6
42323.2
42645.2
42963.2
43293.0
43611.0
43930.4
44247.8
44577.4
44909.0
