15214.6
15546.4
15871.2
16195.6
16524.0
16848.0
17179.4
17504.2
17829.2
18157.0
18481.2
18812.2
19125.2
19450.6
19780.0
20104.0
20435.0
20759.8
21084.8
21413.2
21737.0
22067.6
22381.2
22706.4
23036.4
23361.0
23687.0
24013.8
24338.4
24668.4
24981.4
25342.0
25709.6
26161.4
26506.0
26841.4
27180.8
27504.4
27835.6
28160.4
28492.0
28817.0
29160.0
29495.4
29824.2
30149.4
30489.4
30812.8
31144.0
31468.6
31793.0
32121.2
32445.2
32776.6
33101.2
33425.8
33753.8
34078.0
34409.2
34733.8
35059.0
35386.4
35711.0
36041.8
36366.4
36693.6
37020.2
37345.4
37675.4
38000.0
38332.2
38657.8
38983.2
39312.0
39637.0
39968.6
40293.8
40623.8
40950.4
41275.8
41605.4
41930.2
42262.6
42587.4
42912.4
43240.4
43564.8
43895.8
44220.2
44545.6
44872.6
