15168.2
15492.2
15820.0
16143.8
16474.2
16798.4
17122.2
17451.0
17774.4
18098.2
18425.0
18748.6
19079.0
19402.8
19726.8
20054.8
20378.0
20702.6
21028.6
21352.2
21681.8
21994.8
22319.6
22650.0
22973.6
23297.2
23625.0
23948.2
24276.6
24601.2
24925.6
25269.8
25599.8
26112.8
26444.8
26765.0
27082.8
27397.2
27721.4
28033.2
28359.4
28684.0
29012.2
29337.4
29667.6
29992.0
30323.4
30648.2
30972.8
31302.0
31625.8
31952.0
32278.2
32602.4
32932.8
33256.6
33580.4
33908.2
34231.6
34562.2
34886.4
35210.2
35538.8
35862.2
36186.0
36512.6
36836.0
37166.6
37491.0
37815.2
38143.2
38466.8
38793.2
39119.0
39443.8
39773.4
40086.2
40410.8
40739.4
41063.0
41386.6
41713.8
42037.2
42367.0
42681.0
43006.0
43336.0
43660.2
43983.8
44312.2
44635.6
44960.2
