15022.4
15350.4
15678.0
16004.6
16332.6
16666.0
16984.4
17314.0
17642.8
17970.2
18296.6
18629.8
18961.0
19290.0
19618.0
19945.4
20272.4
20606.8
20926.6
21257.0
21585.6
21912.8
22240.0
22567.6
22901.6
23231.0
23559.4
23886.4
24213.6
24541.0
24875.0
25214.8
25548.8
26210.4
26523.2
26842.4
27160.8
27479.0
27796.0
28112.4
28441.0
28769.0
29104.2
29434.0
29762.2
30089.8
30417.0
30751.2
31071.4
31402.0
31730.4
32058.4
32386.0
32713.6
33048.0
33377.4
33705.8
34033.0
34360.2
34687.4
35021.6
35351.0
35679.4
36006.6
36333.6
36660.8
36995.0
37324.6
37652.8
37980.8
38308.0
38635.2
38969.4
39298.6
39627.0
39954.2
40281.2
40608.4
40942.6
41261.8
41591.6
41920.4
42247.2
42574.6
42905.2
43237.4
43566.4
43895.0
44222.6
44550.2
44884.6
