15313.6
15641.8
15964.6
16286.6
16612.0
16940.8
17251.6
17577.4
17905.6
18232.0
18553.8
18878.6
19206.6
19530.6
19852.4
20177.6
20506.2
20828.0
21152.0
21477.6
21806.6
22116.8
22442.8
22771.2
23096.8
23419.0
23744.0
24072.2
24395.4
24717.4
25053.6
25392.6
25735.2
26072.4
26445.2
26776.6
27104.8
27427.8
27751.8
28078.0
28406.8
28735.6
29056.6
29380.6
29706.6
30035.8
30356.8
30680.8
31006.8
31336.2
31657.4
31981.6
32308.0
32637.6
32959.4
33284.0
33610.6
33940.2
34262.6
34587.4
34914.0
35243.8
35566.4
35891.2
36217.8
36547.6
36870.4
37195.2
37521.6
37851.4
38174.4
38499.0
38825.0
39154.4
39478.0
39801.8
40127.4
40456.4
40782.0
41104.8
41429.8
41758.4
42081.2
42403.4
42729.0
43058.0
43368.8
43694.8
44023.0
44349.8
44671.6
44996.4
