15211.2
15538.4
15865.6
16192.8
16520.0
16847.2
17174.4
17501.6
17828.8
18156.0
18483.2
18810.4
19137.6
19464.8
19792.0
20119.2
20446.4
20773.6
21100.8
21427.8
21755.0
22082.2
22409.4
22736.6
23064.0
23391.2
23718.4
24045.6
24372.8
24700.0
25028.6
25362.6
25719.6
26092.2
26427.8
26755.6
27085.0
27414.2
27743.4
28072.2
28400.4
28728.2
29055.6
29383.0
29710.0
30037.0
30364.0
30691.2
31018.2
31345.2
31672.2
31999.2
32326.2
32653.2
32980.2
33307.0
33634.0
33961.0
34287.8
34614.8
34941.8
35268.6
35595.6
35922.4
36249.4
36576.2
36903.2
37230.0
37556.8
37883.8
38210.8
38537.6
38864.6
39191.4
39518.4
39845.4
40172.4
40499.4
40826.4
41153.4
41480.4
41807.4
42134.4
42461.4
42788.6
43115.6
43442.6
43769.8
44097.0
44424.0
44751.2
