15069.8
15395.2
15704.0
16027.6
16351.2
16674.4
16999.6
17308.4
17631.8
17955.4
18278.6
18603.6
18912.6
19236.0
19559.6
19882.6
20207.6
20516.6
20839.8
21163.6
21486.6
21811.4
22120.4
22443.8
22767.4
23090.4
23415.2
23724.4
24047.8
24371.4
24694.4
25033.8
25364.0
25696.0
26042.2
26367.2
26738.0
27078.4
27403.4
27726.0
28046.0
28367.6
28690.4
29014.2
29337.6
29662.6
29972.6
30295.6
30619.6
30943.6
31267.8
31593.6
31903.4
32227.2
32551.8
32875.2
33200.4
33510.6
33834.0
34158.2
34481.2
34806.0
35133.0
35442.0
35765.8
36090.0
36413.4
36738.8
37048.4
37371.8
37696.0
38019.0
38344.0
38653.6
38977.0
39301.0
39624.4
39948.8
40274.4
40583.4
40907.2
41231.0
41554.6
41879.8
42188.8
42512.4
42836.0
43159.4
43484.4
43793.4
44116.8
44440.4
44763.6
