15117.6
15436.8
15757.8
16077.2
16397.8
16718.0
17038.2
17362.2
17681.4
18005.6
18324.6
18647.8
18966.8
19289.0
19608.2
19929.8
20249.0
20570.2
20889.4
21210.2
21530.2
21850.6
22174.0
22493.4
22817.8
23137.0
23460.2
23779.4
24101.6
24421.0
24742.6
25063.0
25390.4
25744.4
26110.8
26433.8
26769.4
27089.4
27414.6
27734.4
28058.0
28377.8
28699.2
29020.4
29340.4
29664.6
29984.0
30318.4
30655.4
30974.2
31297.2
31616.4
31938.6
32258.0
32579.6
32899.0
33220.4
33540.0
33860.8
34181.4
34501.8
34826.4
35145.8
35470.0
35789.4
36112.4
36432.0
36754.2
37073.8
37395.6
37715.4
38036.6
38357.8
38678.4
39003.4
39323.2
39647.4
39967.2
40290.0
40610.0
40932.2
41252.2
41573.8
41894.8
42215.8
42541.2
42861.4
43185.8
43505.8
43829.2
44149.2
44471.6
44792.0
