15140.6
15466.2
15795.2
16128.2
16440.8
16771.8
17105.2
17430.4
17759.8
18093.2
18405.6
18736.8
19069.4
19382.4
19715.0
20041.4
20369.0
20700.2
21027.2
21353.8
21684.6
22013.8
22328.2
22661.4
22987.4
23314.8
23646.8
23972.6
24300.0
24631.4
24944.0
25283.0
25629.6
25961.0
26282.8
26624.0
26950.2
27280.0
27614.4
27941.0
28270.2
28602.0
28936.2
29262.6
29591.4
29923.4
30256.6
30583.6
30913.8
31248.0
31574.0
31902.8
32235.6
32561.2
32889.4
33221.2
33547.2
33875.0
34206.2
34519.2
34848.4
35181.6
35507.2
35835.8
36168.0
36480.8
36811.2
37145.0
37470.6
37798.8
38131.8
38444.2
38775.2
39109.0
39434.6
39763.4
40096.6
40409.2
40740.2
41073.8
41399.0
41728.4
42061.6
42374.0
42705.2
43038.4
43351.4
43683.8
44010.6
44338.0
44669.0
44997.6
