15300.6
15622.8
15947.8
16268.8
16591.4
16916.8
17227.8
17549.8
17877.0
18198.6
18519.6
18846.0
19167.8
19489.8
19816.4
20127.4
20450.0
20777.6
21089.4
21412.0
21738.6
22062.0
22383.6
22711.4
23033.6
23355.4
23682.6
23994.0
24317.0
24644.6
24957.4
25286.2
25631.8
25967.8
26301.6
26731.4
27069.8
27392.2
27718.0
28039.6
28362.6
28686.6
29009.4
29336.6
29658.2
29979.6
30305.2
30626.8
30948.2
31273.4
31595.2
31916.4
32241.8
32563.4
32884.8
33210.0
33531.8
33853.2
34178.4
34500.0
34821.6
35146.6
35468.4
35790.0
36115.0
36436.8
36758.8
37083.6
37405.4
37727.8
38052.4
38374.2
38698.0
39021.8
39343.6
39670.8
39993.6
40315.4
40643.6
40965.8
41287.8
41615.2
41937.4
42259.6
42586.0
42908.4
43231.4
43556.8
43879.4
44207.2
44530.6
44852.8
