15075.0
15410.6
15745.0
16076.0
16410.6
16747.4
17078.2
17412.4
17752.6
18071.2
18406.6
18746.4
19076.8
19410.2
19748.0
20081.6
20414.0
20860.6
21209.2
21560.2
21907.0
22245.6
22586.2
22929.6
23276.8
23608.8
23940.0
24276.0
24610.0
24940.4
25286.8
25630.4
26025.6
26353.8
26698.2
27046.4
27375.2
27708.6
28054.4
28392.8
28722.2
29054.8
29391.2
29724.0
30054.6
30398.8
30737.2
31067.0
31399.2
31736.8
32068.2
32399.8
32736.2
33069.8
33401.2
33736.4
34071.6
34402.0
34736.2
35075.6
35404.4
35737.8
36076.8
36406.6
36738.8
37076.0
37407.8
37738.8
38074.8
38408.2
38738.8
39073.4
39407.4
39737.4
40071.6
40407.0
40736.8
41070.6
41410.4
41727.8
42063.4
42399.2
42728.4
43061.4
43400.8
43730.0
44063.0
44401.4
44732.8
