15306.4
15624.8
15943.0
16261.0
16586.0
16907.6
17227.4
17546.2
17864.6
18182.8
18501.0
18819.2
19144.0
19465.0
19784.6
20103.4
20421.8
20740.0
21058.2
21377.6
21701.8
22022.2
22341.6
22660.0
22978.6
23296.8
23614.8
23938.0
24260.4
24580.6
24899.6
25226.4
25559.8
26042.8
26483.8
26833.0
27166.4
27503.8
27826.6
28158.6
28491.8
28816.4
29148.2
29480.2
29806.6
30139.4
30471.2
30809.2
31131.0
31464.6
31797.0
32124.0
32446.8
32767.6
33087.6
33407.4
33740.2
34064.4
34385.2
34704.6
35023.2
35341.4
35659.4
35977.4
36298.4
36621.8
36942.0
37261.2
37579.8
37898.0
38216.0
38534.0
38858.4
39180.4
39500.2
39819.2
40137.6
40455.8
40773.8
41091.8
41416.8
41738.0
42057.6
42376.4
42694.8
43012.8
43330.8
43649.4
43974.2
44294.8
44614.2
44932.8
