15152.8
15465.0
15791.2
16117.0
16443.4
16770.6
17099.2
17429.8
17758.6
18083.4
18410.2
18739.6
19066.6
19393.2
19727.4
20041.6
20369.8
20699.2
21024.6
21358.8
21674.0
22000.4
22333.2
22659.0
22990.0
23308.6
23624.2
23951.8
24282.0
24607.2
24941.0
25273.2
25610.2
25950.8
26276.2
26618.8
26959.4
27299.2
27624.2
27950.4
28276.8
28605.2
28932.2
29274.4
29599.2
29924.8
30255.6
30580.8
30906.8
31235.6
31562.6
31894.4
32221.0
32563.6
32888.8
33214.8
33544.0
33870.6
34197.0
34525.0
34852.2
35183.4
35510.4
35837.4
36166.2
36493.8
36825.8
37152.8
37479.0
37806.6
38131.6
38456.6
38783.6
39109.6
39436.4
39762.0
40087.8
40416.8
40741.6
41066.8
41394.8
41720.0
42045.2
42372.4
42699.0
43027.6
43352.6
43678.4
44007.6
44333.6
44658.6
44985.6
