15207.2
15534.8
15867.6
16195.2
16529.8
16845.2
17173.6
17505.0
17832.6
18165.4
18493.2
18827.8
19143.2
19471.8
19803.2
20130.8
20463.6
20791.6
21126.2
21441.8
21770.4
22101.6
22429.4
22762.0
23090.0
23424.6
23740.4
24068.8
24400.0
24727.8
25074.0
25401.8
25733.0
26083.8
26423.4
26748.6
27079.8
27407.2
27739.0
28068.2
28402.2
28718.0
29046.2
29376.6
29704.4
30035.8
30363.6
30695.8
31023.4
31357.8
31673.8
32002.4
32333.8
32661.8
32994.2
33321.8
33656.4
33972.4
34301.0
34632.4
34960.2
35292.6
35620.2
35954.8
36270.8
36599.4
36930.6
37258.6
37590.8
37918.4
38252.8
38568.8
38897.4
39228.6
39556.6
39888.6
40216.2
40550.6
40866.4
41195.2
41526.4
41854.2
42186.2
42513.8
42848.2
43164.0
43492.6
43823.8
44151.6
44483.8
44811.4
