15058.0
15381.2
15703.0
16025.6
16351.6
16673.0
16997.2
17319.6
17643.2
17969.2
18291.6
18616.2
18943.8
19265.6
19592.2
19931.6
20369.6
20716.0
21062.4
21395.6
21731.8
22052.2
22387.8
22723.6
23057.4
23380.4
23717.2
24038.8
24362.8
24700.0
25021.0
25352.4
25716.2
26104.2
26421.6
26750.8
27077.2
27400.8
27738.6
28080.4
28400.8
28726.0
29066.6
29388.8
29713.2
30052.2
30389.8
30710.4
31037.6
31376.4
31697.2
32024.4
32347.8
32671.0
33010.6
33333.2
33657.2
33988.2
34309.0
34634.2
34960.4
35282.0
35609.6
35931.0
36254.6
36584.0
36904.0
37229.6
37552.8
37875.4
38204.6
38524.6
38849.0
39173.8
39495.2
39822.8
40143.4
40467.2
40793.0
41114.0
41440.6
41762.4
42085.6
42415.2
42735.6
43061.0
43385.0
43707.4
44036.2
44357.2
44681.6
