15117.8
15446.8
15759.0
16087.0
16415.4
16739.6
17066.2
17392.8
17721.8
18034.0
18362.2
18690.4
19014.8
19341.2
19667.8
19996.8
20309.2
20637.2
20965.4
21289.8
21616.0
21942.8
22271.8
22584.2
22912.4
23240.6
23564.8
23891.0
24217.8
24546.8
24859.2
25198.0
25537.4
25919.0
26262.2
26583.8
26909.2
27234.4
27561.0
27890.4
28223.0
28534.0
28862.0
29191.6
29524.4
29835.4
30163.8
30494.2
30826.0
31137.8
31467.4
31799.8
32128.6
32442.2
32772.6
33105.6
33416.6
33745.4
34076.8
34406.8
34719.6
35049.2
35381.8
35692.8
36021.2
36352.4
36682.6
36995.2
37324.8
37657.2
37968.2
38296.6
38627.4
38957.6
39270.2
39599.6
39932.0
40242.8
40571.2
40902.0
41232.0
41544.8
41874.0
42206.2
42517.2
42845.4
43176.2
43506.0
43818.6
44148.0
44480.2
44791.0
