15061.2
15390.0
15702.6
16026.2
16354.2
16677.2
17006.2
17328.4
17657.4
17970.0
18293.4
18621.6
18944.4
19273.6
19595.8
19924.8
20237.2
20560.6
20889.0
21211.2
21539.6
21863.0
22192.4
22504.6
22828.2
23156.4
23479.2
23808.0
24130.4
24459.4
24771.8
25098.8
25438.0
25762.6
26117.2
26449.4
26772.4
27101.2
27424.8
27735.4
28064.6
28387.8
28716.2
29039.6
29367.6
29690.8
30019.4
30342.6
30671.6
30994.0
31323.0
31646.8
31975.6
32288.6
32612.2
32940.8
33263.2
33592.2
33904.4
34228.0
34555.8
34878.2
35206.6
35529.8
35859.0
36171.2
36494.8
36822.6
37145.0
37473.6
37797.0
38126.4
38438.4
38762.0
39089.8
39412.2
39740.8
40052.8
40376.4
40703.6
41026.4
41354.8
41677.2
42006.2
42318.4
42642.0
42970.0
43292.8
43621.4
43943.8
44272.8
44585.2
44908.6
