15255.8
15581.6
15903.0
16238.8
16575.4
16895.8
17221.4
17543.2
17879.2
18216.6
18537.2
18873.6
19207.2
19541.6
19865.6
20187.2
20523.0
20860.8
21181.0
21506.2
21839.8
22174.0
22510.6
22831.6
23155.0
23489.8
23823.8
24158.4
24492.6
24814.0
25153.2
25474.0
25820.2
26243.6
26569.0
26905.6
27238.0
27571.2
27907.4
28238.8
28572.2
28907.8
29239.4
29572.8
29908.6
30241.0
30575.2
30910.8
31242.6
31575.0
31909.8
32242.4
32576.4
32912.0
33245.4
33580.4
33916.8
34251.4
34574.2
34911.6
35232.4
35556.8
35891.2
36225.4
36560.0
36893.4
37228.2
37564.4
37886.0
38209.4
38548.4
38881.6
39216.8
39554.4
39875.0
40199.4
40533.6
40867.2
41202.6
41523.4
41846.6
42181.4
42515.4
42849.8
43183.8
43505.6
43831.6
44152.8
44488.8
44822.0
