15321.8
15660.4
15984.0
16318.6
16651.8
16984.6
17322.4
17645.6
17980.4
18313.0
18645.6
18983.2
19305.8
19640.2
19972.4
20304.6
20627.4
20954.8
21289.8
21623.4
21955.2
22294.2
22618.4
22941.8
23275.6
23608.0
23940.6
24261.4
24599.2
24933.0
25272.4
25612.0
25953.2
26298.6
26627.6
26961.4
27293.0
27625.2
27963.6
28286.2
28620.6
28952.8
29290.6
29613.0
29935.8
30269.8
30601.6
30940.2
31263.4
31586.4
31920.4
32252.2
32584.0
32921.8
33244.2
33577.8
33911.0
34243.0
34580.6
34913.4
35246.0
35577.8
35916.0
36240.0
36574.4
36907.8
37239.8
37578.4
37912.4
38245.6
38578.8
38913.0
39249.6
39583.4
39916.8
40249.4
40588.6
40912.2
41247.0
41580.6
41913.6
42251.8
42574.6
42908.8
43242.0
43574.2
43900.0
44225.8
44560.0
44894.0
