15268.4
15608.8
15953.0
16282.6
16612.0
16948.6
17289.4
17636.0
17965.8
18295.8
18631.0
18963.0
19304.2
19648.6
19979.0
20309.4
20654.4
20994.2
21338.8
21668.6
21998.4
22335.0
22676.2
23023.2
23353.0
23683.4
24019.8
24351.4
24693.0
25049.2
25417.0
25752.2
26129.0
26461.8
26796.2
27127.2
27457.0
27785.8
28120.4
28450.2
28779.8
29124.4
29454.0
29785.4
30129.6
30469.8
30813.2
31154.4
31490.4
31821.2
32151.8
32498.2
32838.0
33184.0
33513.6
33843.8
34180.2
34511.2
34852.0
35196.2
35525.8
35856.0
36200.4
36530.2
36860.2
37204.6
37544.8
37889.0
38218.6
38548.4
38884.2
39214.6
39544.4
39890.8
40231.8
40563.8
40896.8
41227.6
41575.6
41905.2
42235.2
42567.8
42901.8
43243.0
43588.0
43917.8
44248.0
44593.4
44933.2
