15287.6
15617.2
15928.8
16257.4
16582.0
16907.6
17236.6
17560.6
17886.4
18216.6
18528.2
18857.6
19182.0
19507.6
19837.4
20161.8
20488.6
20819.0
21130.8
21460.2
21784.6
22110.4
22440.2
22764.0
23090.4
23420.6
23745.2
24072.4
24400.8
24725.6
25063.6
25407.4
25761.8
26094.0
26433.6
26862.0
27195.8
27537.6
27876.6
28206.6
28529.8
28855.6
29184.8
29507.8
29833.4
30162.6
30485.8
30812.0
31136.0
31460.6
31788.6
32111.8
32437.4
32766.6
33089.8
33416.2
33740.0
34064.6
34392.6
34715.8
35041.2
35370.6
35693.8
36020.2
36344.4
36669.0
36996.8
37320.0
37645.4
37974.8
38298.0
38624.2
38949.2
39273.6
39601.0
39924.4
40249.8
40579.0
40902.4
41228.6
41555.2
41879.2
42206.4
42530.0
42855.4
43184.2
43507.8
43833.8
44163.2
44487.2
44814.0
