15311.6
15643.0
15979.6
16307.8
16640.4
16968.8
17299.4
17634.0
17963.0
18296.0
18624.4
18955.2
19286.2
19616.0
19950.0
20278.4
20609.8
20939.4
21270.2
21605.2
21933.6
22265.4
22595.4
22926.2
23262.0
23590.2
23922.4
24252.2
24583.2
24919.2
25249.0
25606.4
25947.6
26280.0
26691.4
27035.0
27384.6
27712.2
28045.4
28375.0
28705.2
29040.6
29368.6
29702.2
30032.0
30362.6
30700.4
31029.2
31362.6
31694.4
32025.2
32363.0
32692.6
33026.0
33360.4
33691.0
34027.4
34357.8
34690.6
35029.4
35360.4
35695.4
36030.0
36362.0
36699.8
37031.4
37365.0
37705.4
38023.0
38360.6
38692.6
39025.4
39365.2
39682.4
40019.8
40351.0
40683.8
41023.4
41340.0
41677.4
42008.2
42341.0
42680.0
42996.4
43334.6
43665.0
43997.8
44334.6
44651.6
44990.6
