15047.2
15374.6
15698.8
16022.0
16344.2
16665.8
16987.0
17308.0
17628.8
17950.2
18277.2
18601.4
18924.4
19246.6
19568.0
19889.2
20210.0
20530.6
20851.4
21177.8
21502.6
21825.8
22148.2
22469.8
22791.0
23111.8
23432.4
23753.0
24076.2
24402.2
24726.0
25058.0
25384.0
25741.6
26101.6
26530.4
26857.0
27181.2
27514.8
27846.8
28174.2
28498.0
28831.0
29164.6
29500.6
29823.6
30156.6
30495.0
30819.0
31143.0
31465.8
31787.8
32109.6
32431.2
32752.6
33079.0
33404.4
33728.6
34052.0
34374.6
34696.8
35018.6
35340.4
35667.8
35993.4
36317.6
36640.8
36963.4
37285.6
37607.2
37929.2
38257.2
38582.0
38905.6
39228.2
39550.2
39871.8
40193.0
40514.2
40838.6
41164.6
41488.2
41811.0
42133.0
42454.4
42775.6
43096.4
43417.4
43741.0
44067.0
44390.6
44713.4
