15004.2
15336.2
15667.8
15999.4
16330.6
16662.2
16982.4
17303.8
17637.2
17969.2
18300.6
18632.4
18965.2
19285.8
19607.6
19931.2
20266.0
20599.2
20931.4
21263.8
21585.2
21908.2
22228.0
22564.4
22898.2
23216.8
23536.8
23869.0
24200.4
24530.6
24861.0
25212.0
25543.4
25864.8
26201.2
26583.6
26920.6
27251.0
27581.2
27911.6
28242.0
28572.2
28902.6
29232.8
29563.2
29893.6
30224.0
30554.4
30885.2
31216.6
31546.2
31875.6
32205.4
32535.4
32865.4
33195.6
33525.8
33856.0
34186.4
34517.6
34847.8
35178.0
35509.2
35840.6
36172.2
36504.0
36836.8
37171.4
37491.6
37811.8
38144.0
38475.4
38805.8
39136.8
39468.8
39801.8
40121.4
40454.4
40786.4
41118.2
41450.0
41782.4
42115.0
42448.4
42785.0
43105.0
43426.0
43759.8
44091.4
44423.4
44742.8
