15270.8
15603.4
15943.2
16278.8
16613.2
16935.8
17270.0
17603.0
17940.2
18267.2
18595.0
18930.6
19264.4
19598.0
19931.2
20271.0
20597.6
20924.2
21260.0
21593.6
21926.4
22259.0
22598.2
22933.6
23267.4
23589.8
23923.8
24256.6
24589.2
24928.4
25275.0
25611.6
25952.6
26283.8
26621.8
26939.6
27259.8
27580.2
27901.6
28234.6
28566.6
28887.2
29225.0
29548.8
29883.4
30216.4
30548.6
30881.0
31219.0
31544.0
31869.4
32194.4
32529.6
32863.2
33195.8
33527.8
33867.0
34192.4
34518.6
34854.0
35188.2
35521.4
35854.0
36193.4
36519.4
36845.4
37181.0
37515.4
37848.6
38181.4
38521.0
38847.0
39173.6
39509.2
39842.2
40175.2
40508.0
40847.4
41173.8
41509.8
41843.8
42176.8
42509.2
42847.8
43184.0
43518.8
43840.6
44174.6
44507.2
44839.6
