15264.0
15588.2
15908.6
16233.0
16553.4
16877.4
17197.8
17522.2
17842.6
18166.8
18487.2
18812.0
19132.6
19456.4
19776.2
20099.8
20420.2
20744.0
21064.4
21388.2
21708.6
22032.6
22353.0
22677.0
22997.4
23321.4
23641.8
23965.8
24286.4
24610.4
24931.0
25266.6
25627.6
26018.8
26447.8
26779.4
27115.2
27436.2
27756.6
28078.0
28400.2
28736.6
29075.2
29395.0
29716.0
30036.8
30357.0
30678.4
30998.8
31320.6
31641.2
31963.2
32284.0
32606.2
32943.8
33263.2
33587.6
33907.2
34231.6
34551.4
34875.8
35195.4
35519.8
35839.6
36163.8
36483.6
36807.8
37127.6
37451.6
37771.6
38095.0
38415.0
38737.2
39057.4
39378.0
39698.8
40019.0
40340.6
40661.0
40982.8
41303.4
41625.6
41946.4
42269.0
42590.2
42913.0
43234.4
43557.4
43879.0
44202.2
44523.8
44847.0
