15038.0
15371.0
15704.4
16040.4
16373.2
16705.0
17044.4
17377.4
17709.6
18041.0
18378.2
18699.8
19033.4
19365.0
19703.0
20035.6
20368.0
20707.4
21031.2
21365.2
21697.6
22037.2
22370.2
22703.0
23034.4
23371.6
23704.2
24036.6
24376.0
24699.0
25037.2
25371.4
25704.2
26122.2
26467.2
26814.0
27146.2
27478.8
27819.0
28142.0
28475.4
28814.4
29138.4
29472.2
29805.0
30143.2
30476.2
30809.6
31149.8
31483.6
31817.6
32153.0
32489.0
32822.2
33155.0
33494.2
33827.2
34160.2
34497.8
34832.2
35165.0
35496.6
35835.2
36157.6
36491.6
36823.4
37162.2
37495.0
37828.2
38167.8
38501.4
38834.0
39165.4
39503.4
39825.4
40159.2
40490.8
40829.4
41162.0
41494.8
41833.2
42157.6
42491.8
42823.6
43162.6
43486.2
43820.2
44153.2
44493.2
44826.2
