15180.0
15499.4
15819.0
16138.4
16457.8
16777.4
17096.8
17416.2
17735.6
18055.0
18374.6
18694.0
19013.4
19332.8
19652.2
19971.6
20291.0
20610.4
20929.8
21249.0
21568.4
21887.8
22207.2
22526.6
22846.0
23165.4
23484.8
23804.2
24123.6
24443.0
24762.4
25086.2
25408.4
25727.0
26051.4
26370.4
26795.8
27130.6
27468.0
27803.6
28136.2
28468.0
28799.6
29136.4
29469.8
29801.2
30132.4
30450.4
30782.0
31099.8
31417.8
31736.0
32054.2
32372.4
32703.8
33021.6
33339.6
33657.8
33976.0
34294.2
34612.4
34930.6
35262.2
35580.0
35898.2
36216.4
36534.6
36852.8
37171.2
37489.4
37807.8
38126.2
38457.8
38775.8
39094.0
39412.2
39730.6
40048.8
40367.2
40685.6
41004.0
41322.4
41641.0
41972.8
42290.8
42609.2
42927.4
43245.8
43564.2
43882.6
44201.0
44519.6
44838.0
