15060.2
15387.4
15714.6
16042.4
16371.2
16699.0
17026.2
17353.4
17681.4
18009.8
18338.6
18667.6
18996.8
19326.4
19656.6
19975.2
20287.6
20615.0
20941.8
21268.4
21595.2
21922.2
22249.4
22576.8
22904.6
23233.4
23561.2
23888.4
24215.6
24543.6
24872.0
25209.8
25550.8
25875.8
26211.8
26645.6
26974.8
27319.6
27644.8
27970.6
28296.2
28621.8
28947.4
29273.0
29598.8
29924.8
30251.0
30577.6
30904.4
31231.8
31559.6
31887.8
32216.6
32546.0
32875.8
33206.0
33536.6
33867.4
34198.4
34529.6
34860.8
35192.2
35523.6
35855.0
36186.4
36517.8
36848.8
37179.6
37510.4
37841.0
38172.2
38502.4
38830.8
39158.8
39487.4
39816.4
40145.6
40475.0
40804.4
41134.2
41464.4
41794.8
42112.2
42425.0
42752.6
43079.4
43406.4
43733.6
44060.8
44388.4
44716.2
