15270.0
15594.2
15922.6
16246.0
16576.6
16890.2
17215.6
17543.8
17868.6
18198.0
18521.8
18852.4
19166.4
19492.0
19821.0
20145.6
20475.8
20800.0
21126.8
21452.2
21776.2
22104.0
22427.4
22757.6
23082.0
23413.4
23726.8
24052.4
24380.6
24704.4
25053.4
25380.2
25710.0
26086.6
26430.2
26754.2
27079.4
27411.2
27735.4
28067.6
28392.2
28724.8
29049.6
29382.0
29707.0
30039.4
30364.6
30692.0
31018.0
31342.0
31670.0
31994.0
32324.2
32648.2
32979.0
33293.0
33618.4
33947.4
34271.4
34602.4
34926.0
35251.4
35577.0
35901.2
36229.2
36553.6
36883.2
37196.8
37522.0
37850.0
38175.2
38504.4
38828.2
39159.6
39473.4
39798.8
40127.4
40452.4
40782.4
41106.4
41436.4
41751.0
42076.6
42405.8
42730.2
43061.2
43384.8
43710.2
44035.8
44360.0
44688.2
