15091.2
15409.0
15738.6
16066.2
16399.6
16727.8
17055.8
17390.4
17719.0
18047.4
18382.2
18699.8
19028.8
19357.0
19690.8
20019.2
20347.2
20682.0
20999.6
21329.2
21656.8
21989.8
22318.2
22646.2
22980.6
23309.2
23637.6
23972.4
24289.8
24619.0
24947.0
25295.6
25628.4
26081.0
26435.0
26773.6
27108.8
27438.4
27767.2
28103.0
28433.2
28761.8
29096.4
29425.6
29754.6
30088.6
30418.0
30747.0
31081.6
31411.2
31740.4
32075.6
32405.2
32734.6
33070.2
33399.6
33728.4
34064.2
34393.4
34722.0
35057.6
35375.6
35705.4
36033.2
36366.8
36695.4
37023.6
37358.4
37687.2
38015.6
38350.6
38668.2
38997.4
39325.8
39659.4
39988.0
40316.2
40650.8
40968.2
41297.8
41625.8
41958.6
42287.0
42615.2
42949.4
43278.2
43606.4
43941.2
44258.8
44588.0
44916.4
