15055.8
15380.6
15705.2
16029.2
16353.0
16676.8
17000.2
17323.8
17647.6
17972.0
18296.2
18620.2
18944.4
19272.2
19598.6
19924.0
20250.0
20574.4
20897.4
21220.8
21544.4
21868.2
22191.2
22514.0
22837.2
23160.2
23483.2
23806.6
24134.0
24459.4
24784.2
25115.4
25444.4
25771.2
26130.2
26471.4
26807.0
27131.8
27456.8
27781.4
28105.6
28429.0
28752.0
29075.0
29397.6
29720.4
30044.0
30368.4
30694.4
31022.6
31349.0
31674.8
32000.0
32324.6
32649.0
32973.0
33297.0
33620.8
33945.2
34270.4
34596.8
34926.8
35244.4
35562.2
35880.2
36198.2
36525.8
36851.4
37176.2
37500.4
37824.4
38148.0
38471.4
38794.6
39117.6
39440.8
39764.8
40089.4
40415.8
40743.8
41070.4
41396.2
41721.4
42046.2
42370.6
42694.8
43018.6
43342.6
43667.0
43992.4
44319.8
44649.0
44966.6
