15093.6
15418.4
15750.8
16075.2
16399.8
16728.2
17052.4
17384.0
17708.0
18032.2
18359.8
18683.6
19014.8
19338.6
19662.6
19990.2
20313.8
20644.8
20968.8
21293.0
21620.4
21944.0
22275.0
22599.0
22923.4
23250.8
23574.4
23905.4
24230.0
24554.8
24882.4
25213.4
25561.8
25931.2
26333.4
26672.4
27009.0
27338.2
27662.4
27994.2
28318.0
28647.4
28972.8
29316.2
29640.0
29982.0
30305.4
30631.0
30957.2
31281.8
31612.0
31935.8
32261.0
32587.8
32912.2
33242.8
33566.6
33892.0
34218.6
34543.2
34873.6
35197.6
35523.8
35850.0
36174.8
36505.0
36829.2
37158.8
37483.8
37808.8
38138.2
38462.6
38794.8
39119.2
39444.2
39772.6
40097.4
40429.2
40753.8
41080.0
41407.4
41732.8
42063.6
42388.4
42721.2
43046.2
43371.6
43700.4
44025.2
44357.0
44681.4
