15020.2
15342.4
15668.0
15990.8
16316.2
16637.6
16962.6
17283.8
17608.4
17930.2
18255.4
18577.4
18902.8
19214.6
19543.2
19855.4
20178.8
20502.6
20824.6
21148.8
21470.8
21795.8
22116.8
22441.6
22762.6
23087.0
23408.8
23733.8
24056.0
24381.2
24693.0
25036.0
25351.0
25686.6
26036.8
26347.4
26710.4
27043.4
27365.4
27686.8
28010.8
28332.0
28656.0
28977.0
29301.0
29622.0
29946.2
30267.4
30592.0
30913.2
31238.2
31559.6
31884.8
32206.4
32532.0
32853.6
33179.6
33501.4
33827.6
34149.4
34475.6
34797.6
35124.0
35446.2
35772.4
36094.8
36421.0
36743.4
37069.6
37392.0
37718.2
38040.6
38366.6
38689.2
39015.0
39337.4
39663.0
39985.4
40311.0
40633.2
40958.8
41281.0
41606.6
41929.0
42254.6
42576.0
42901.0
43222.0
43546.8
43868.4
44193.8
44515.6
44841.2
