15236.0
15554.0
15875.4
16193.6
16514.0
16837.8
17155.8
17478.6
17796.6
18118.0
18436.0
18756.6
19078.6
19397.0
19720.4
20038.2
20360.0
20677.8
20998.8
21317.8
21637.4
21961.4
22279.2
22601.6
22919.4
23240.8
23558.8
23879.2
24202.8
24521.0
24843.8
25165.6
25496.4
25845.6
26174.6
26519.2
26847.4
27171.4
27490.2
27814.8
28133.4
28456.0
28777.0
29097.6
29421.8
29740.8
30062.4
30383.4
30703.6
31028.2
31346.6
31668.8
31988.0
32309.6
32635.0
32953.2
33276.8
33595.8
33917.6
34238.4
34558.8
34883.8
35202.6
35525.2
35844.8
36166.4
36492.0
36810.6
37133.8
37452.8
37774.2
38097.0
38415.8
38740.0
39058.2
39380.2
39698.8
40019.8
40343.8
40661.8
40985.0
41303.0
41624.6
41942.8
42263.4
42585.6
42904.0
43227.4
43545.4
43867.0
44185.0
44506.0
44825.4
