15041.8
15374.0
15699.6
16014.2
16343.4
16673.8
17006.6
17332.6
17658.8
17986.6
18315.8
18647.2
18961.0
19288.2
19616.0
19945.8
20277.8
20591.8
20919.0
21247.2
21577.6
21910.0
22224.0
22551.6
22880.0
23210.6
23543.2
23869.2
24195.6
24523.4
24852.6
25198.8
25540.8
25899.4
26223.4
26552.8
26885.2
27211.4
27538.0
27866.0
28186.2
28500.4
28827.4
29154.6
29483.6
29815.0
30128.8
30455.8
30783.6
31113.0
31444.8
31758.8
32086.0
32414.2
32744.4
33076.8
33391.0
33718.4
34047.0
34377.4
34709.8
35024.2
35351.8
35680.4
36011.2
36343.6
36658.2
36986.0
37314.6
37645.4
37978.0
38302.8
38618.2
38948.0
39279.0
39611.6
39924.0
40252.6
40581.6
40912.8
41245.4
41558.4
41886.8
42216.0
42547.2
42880.0
43204.4
43532.0
43860.4
44190.2
44522.4
44835.8
