15119.8
15441.6
15765.0
16090.4
16412.6
16735.6
17060.4
17383.2
17706.0
18030.8
18356.8
18667.8
18994.2
19315.8
19638.8
19963.6
20285.4
20608.2
20933.0
21255.0
21577.6
21902.2
22225.0
22547.4
22871.8
23196.4
23518.4
23842.8
24169.4
24491.2
24815.4
25155.2
25494.6
25845.0
26187.0
26606.0
26927.4
27256.2
27578.8
27912.6
28236.6
28564.0
28887.0
29222.2
29554.6
29887.2
30211.6
30532.2
30854.6
31179.8
31500.6
31823.2
32148.2
32469.0
32791.6
33116.8
33437.6
33760.2
34085.4
34406.2
34728.8
35053.8
35374.6
35697.2
36022.2
36343.2
36665.8
36990.8
37311.6
37634.2
37959.2
38280.2
38602.8
38927.6
39248.8
39571.2
39896.2
40217.2
40539.8
40864.6
41185.8
41508.4
41833.2
42154.4
42477.0
42801.6
43123.0
43445.6
43770.2
44091.6
44414.2
44738.8
