15023.4
15354.2
15686.8
16015.8
16345.2
16678.8
17008.2
17337.4
17671.2
18000.8
18330.2
18664.6
18983.2
19313.6
19644.6
19976.8
20306.4
20635.8
20969.0
21298.0
21627.2
21961.2
22279.8
22610.0
22944.4
23275.0
23604.4
23936.8
24268.4
24598.2
24929.0
25272.8
25604.0
25975.6
26300.8
26633.8
27051.2
27404.0
27745.8
28080.0
28409.0
28738.2
29069.8
29398.6
29729.8
30060.8
30389.6
30719.2
31051.4
31380.6
31709.6
32043.2
32372.6
32702.2
33036.6
33366.2
33696.4
34031.2
34361.2
34692.0
35027.0
35357.4
35688.6
36023.6
36354.2
36685.8
37020.4
37351.2
37683.8
38017.8
38349.2
38686.2
39018.2
39350.8
39686.2
40017.0
40347.2
40682.8
41013.6
41345.2
41680.4
42011.4
42343.2
42678.2
43009.2
43342.0
43675.8
44006.8
44343.4
44675.0
