15223.6
15552.4
15884.6
16213.4
16540.2
16868.8
17200.8
17530.4
17857.4
18186.0
18517.4
18848.0
19175.2
19503.8
19834.8
20168.4
20482.0
20811.8
21144.0
21474.0
21801.4
22130.0
22461.6
22793.0
23120.4
23449.2
23780.2
24216.2
24560.6
24908.0
25270.0
25613.0
25966.8
26391.6
26704.6
27035.4
27375.8
27717.4
28042.4
28368.8
28696.4
29036.6
29378.0
29704.2
30042.2
30379.8
30706.0
31035.8
31360.6
31686.8
32014.2
32341.6
32666.8
32993.2
33321.6
33646.8
33973.0
34300.0
34629.8
34954.6
35281.0
35608.8
35939.2
36264.0
36590.6
36929.8
37259.2
37584.0
37910.4
38237.8
38568.2
38893.0
39219.8
39548.0
39874.4
40200.6
40528.0
40868.0
41198.2
41523.4
41850.2
42178.4
42507.8
42833.4
43161.0
43490.0
43817.0
44144.2
44472.6
44812.8
