15136.6
15457.0
15779.6
16105.8
16427.0
16748.8
17072.8
17399.4
17720.4
18043.4
18369.8
18691.8
19014.0
19338.2
19666.8
19973.8
20298.0
20626.4
20947.6
21270.4
21595.8
21919.6
22241.2
22564.8
22892.8
23214.4
23537.0
23862.0
24188.0
24509.6
24833.2
25174.8
25518.4
25852.2
26173.0
26494.2
26818.2
27140.0
27465.0
27787.4
28111.4
28433.0
28758.0
29079.0
29403.4
29725.2
30047.6
30376.0
30697.0
31020.2
31348.0
31669.4
31992.0
32317.2
32642.0
32964.0
33287.4
33614.8
33937.0
34259.6
34583.8
34912.8
35220.0
35544.4
35872.8
36194.0
36516.8
36841.8
37166.2
37488.0
37811.4
38139.2
38461.0
38783.6
39108.4
39541.2
39885.4
40227.0
40547.2
40869.2
41204.2
41530.6
41849.4
42170.4
42495.2
42814.8
43135.4
43458.6
43780.4
44100.4
44422.6
44749.2
