15111.0
15433.2
15761.4
16083.8
16405.4
16728.6
17044.4
17358.0
17681.2
18003.2
18331.6
18653.8
18975.6
19298.2
19623.8
19946.0
20267.4
20595.4
20917.8
21239.6
21565.2
21879.8
22192.8
22515.8
22837.6
23165.6
23487.8
23809.6
24133.4
24458.6
24780.8
25107.0
25447.2
25773.4
26112.2
26495.0
26824.8
27147.2
27469.4
27795.8
28118.2
28440.0
28766.6
29088.8
29410.2
29737.4
30059.4
30381.2
30707.2
31030.6
31352.6
31674.2
32001.2
32323.6
32645.4
32971.4
33295.2
33617.4
33939.2
34266.2
34588.8
34910.8
35238.8
35562.2
35884.8
36207.2
36533.6
36856.2
37178.4
37506.6
37829.8
38152.4
38480.4
38804.6
39127.4
39450.4
39777.0
40099.8
40422.0
40750.0
41073.2
41395.2
41722.8
42046.6
42368.8
42690.4
43017.0
43339.4
43661.0
43988.8
44302.4
44625.6
44947.4
