15038.8
15364.6
15689.2
16013.0
16336.6
16662.6
16991.0
17309.0
17629.4
17949.2
18277.0
18602.8
18927.8
19251.8
19575.4
19901.6
20229.6
20559.0
20876.8
21194.8
21522.0
21847.4
22172.0
22495.8
22820.6
23148.0
23479.0
23797.4
24116.0
24443.8
24769.4
25099.2
25456.8
25796.4
26121.8
26498.2
26828.8
27151.6
27474.6
27802.2
28126.8
28450.6
28774.2
29097.6
29421.8
29745.2
30067.6
30395.2
30720.8
31045.8
31370.2
31694.0
32017.8
32342.0
32665.2
32988.0
33311.4
33638.8
33963.8
34288.2
34612.2
34936.0
35259.8
35587.2
35912.0
36239.6
36566.4
36891.6
37217.2
37543.0
37867.2
38191.2
38515.0
38838.0
39165.6
39491.8
39817.0
40141.8
40466.2
40790.4
41115.2
41439.0
41762.0
42089.8
42416.0
42741.4
43066.2
43390.6
43714.8
44039.4
44363.2
44686.2
