15281.2
15603.8
15925.8
16254.4
16577.2
16900.0
17222.0
17550.6
17873.4
18196.2
18518.4
18847.0
19170.0
19493.0
19815.2
20143.8
20466.8
20789.8
21112.2
21441.0
21764.0
22087.0
22409.6
22738.2
23061.2
23384.6
23707.2
24035.6
24358.8
24682.4
25005.4
25362.0
25752.0
26117.0
26454.6
26783.2
27108.6
27432.8
27756.2
28085.6
28409.0
28732.0
29061.2
29384.4
29706.8
30048.4
30371.4
30707.2
31035.6
31359.2
31683.0
32019.8
32345.4
32668.4
32991.4
33315.2
33641.8
33965.0
34288.2
34612.4
34938.8
35262.2
35585.4
35911.2
36236.8
36560.2
36883.4
37212.4
37536.6
37859.8
38182.6
38511.8
38835.4
39158.0
39480.2
39809.2
40132.4
40454.8
40776.8
41105.4
41428.8
41751.2
42073.2
42401.6
42725.0
43047.4
43369.4
43697.8
44021.4
44343.8
44665.8
44994.4
