15317.8
15644.6
15971.0
16300.2
16628.2
16954.6
17281.0
17611.0
17937.4
18263.6
18595.0
18921.4
19247.6
19580.0
19906.4
20232.8
20565.6
20892.2
21218.6
21552.0
21878.6
22205.2
22538.4
22865.2
23192.0
23524.4
23851.6
24178.4
24507.6
24835.8
25168.4
25529.4
25893.4
26255.4
26592.4
26922.0
27250.2
27577.8
27906.2
28236.2
28564.0
28893.0
29223.0
29550.6
29895.6
30222.6
30549.8
30882.6
31209.6
31537.0
31870.2
32197.4
32524.8
32858.4
33185.8
33513.2
33846.8
34174.2
34501.8
34835.0
35162.4
35489.6
35822.8
36150.0
36477.0
36810.0
37136.8
37463.6
37796.8
38123.4
38449.8
38783.2
39109.8
39436.4
39769.8
40096.4
40422.8
40756.0
41082.8
41409.2
41739.8
42067.2
42393.6
42720.6
43050.0
43376.4
43702.6
44033.6
44360.2
44686.4
