15226.4
15550.4
15882.0
16195.2
16520.6
16850.8
17175.2
17506.4
17831.2
18155.6
18484.4
18808.8
19139.6
19452.8
19778.2
20108.2
20432.6
20759.8
21086.2
21410.8
21740.6
22064.8
22396.6
22710.2
23035.4
23366.0
23678.8
24004.2
24334.0
24658.4
24989.0
25322.2
25680.0
26018.0
26386.8
26732.4
27057.2
27388.4
27713.0
28044.4
28369.2
28695.2
29022.0
29346.6
29675.0
29999.2
30330.2
30654.0
30979.6
31306.4
31630.8
31961.4
32285.4
32611.4
32937.8
33262.2
33592.6
33916.6
34246.0
34571.2
34895.8
35225.2
35549.2
35881.2
36205.8
36530.4
36858.8
37183.2
37515.0
37839.6
38165.0
38492.6
38817.4
39148.4
39473.0
39804.8
40130.4
40455.6
40784.8
41110.0
41442.2
41767.2
42095.8
42422.8
42748.2
43078.6
43403.8
43736.8
44062.0
44388.2
44716.2
