15236.6
15574.0
15892.6
16228.8
16547.4
16883.8
17214.0
17546.8
17877.0
18208.8
18526.6
18859.6
19196.6
19514.0
19852.4
20170.6
20508.2
20837.2
21161.8
21481.6
21817.8
22147.6
22480.4
22811.4
23143.8
23461.6
23794.6
24132.0
24449.4
24788.0
25111.8
25460.0
25818.2
26189.4
26519.8
26851.4
27177.4
27496.8
27835.8
28155.0
28491.6
28822.2
29154.0
29491.2
29809.4
30146.4
30476.8
30809.8
31140.6
31472.0
31790.4
32123.6
32461.6
32792.2
33127.4
33446.0
33780.4
34109.6
34432.2
34764.0
35096.6
35415.6
35749.4
36085.0
36415.4
36741.0
37060.2
37399.4
37728.8
38062.4
38391.8
38713.8
39045.2
39377.6
39714.0
40032.4
40371.2
40689.8
41027.2
41344.8
41682.4
42001.0
42337.2
42666.8
43000.0
43318.4
43652.6
43983.2
44314.8
44652.2
44970.0
