15120.8
15443.8
15760.2
16078.0
16396.8
16717.8
17040.8
17358.0
17675.4
17993.8
18314.2
18636.8
18957.6
19274.4
19592.4
19912.0
20234.0
20557.6
20874.2
21191.8
21510.8
21831.6
22154.8
22473.8
22791.2
23109.6
23429.6
23752.2
24076.0
24392.8
24710.8
25037.0
25366.2
25719.8
26119.2
26581.4
26915.0
27248.0
27580.6
27912.0
28243.0
28574.2
28906.0
29225.8
29558.4
29889.2
30219.6
30551.0
30872.0
31205.4
31538.4
31861.6
32195.8
32518.4
32835.8
33152.8
33471.2
33791.4
34113.8
34434.4
34750.8
35068.8
35388.4
35710.2
36033.2
36349.2
36667.0
36985.8
37306.8
37630.0
37946.6
38264.2
38582.6
38903.0
39225.8
39545.0
39861.8
40180.0
40499.8
40822.0
41145.2
41461.4
41779.2
42098.4
42419.6
42742.8
43060.4
43378.0
43696.6
44017.0
44339.8
44662.2
44979.0
