15012.6
15335.4
15658.6
15982.2
16306.4
16631.2
16957.0
17284.2
17621.6
17955.4
18279.2
18604.2
18930.2
19257.4
19583.6
19905.8
20229.4
20553.0
20877.0
21202.0
21529.6
21992.6
22341.8
22688.4
23021.8
23355.6
23690.0
24014.0
24339.6
24667.0
25011.4
25345.8
25677.0
26011.0
26405.6
26750.0
27085.2
27412.0
27740.2
28069.4
28399.0
28728.0
29056.6
29384.0
29709.4
30050.4
30388.8
30717.8
31047.8
31373.2
31698.0
32021.2
32344.6
32679.4
33014.6
33338.6
33664.2
33999.8
34335.4
34660.2
34985.8
35312.0
35639.4
35967.4
36296.2
36625.6
36955.2
37282.2
37607.0
37930.8
38254.0
38577.8
38902.0
39227.0
39553.0
39879.8
40208.0
40537.2
40867.2
41197.4
41510.0
41834.8
42158.4
42482.6
42807.2
43132.8
43459.4
43786.8
44115.4
44444.8
44774.4
