15278.6
15604.6
15933.6
16259.0
16586.6
16917.0
17231.2
17562.4
17888.4
18216.2
18546.6
18861.2
19192.6
19518.4
19846.4
20173.6
20500.2
20829.6
21155.4
21483.0
21813.8
22128.4
22459.4
22785.4
23113.2
23444.0
23758.8
24089.8
24415.6
24743.6
25090.6
25437.4
25754.0
26102.6
26471.0
26781.6
27112.2
27438.4
27766.6
28097.6
28412.4
28742.8
29068.8
29396.2
29726.0
30051.8
30379.6
30710.4
31036.6
31365.4
31692.6
32019.4
32349.0
32674.8
33002.4
33333.2
33648.0
33979.0
34304.6
34632.6
34962.2
35288.0
35616.6
35942.0
36269.0
36599.0
36924.8
37253.2
37580.6
37907.2
38236.6
38551.0
38880.8
39205.8
39532.8
39862.8
40177.2
40508.0
40833.8
41161.6
41492.0
41807.0
42138.0
42463.4
42791.4
43120.0
43446.2
43775.4
44101.2
44428.6
44758.8
