15028.4
15354.0
15680.8
16008.6
16337.6
16668.2
17000.6
17315.0
17626.4
17951.8
18277.4
18604.4
18932.2
19261.4
19592.0
19907.6
20219.0
20544.2
20869.8
21196.4
21524.6
21852.8
22183.0
22515.2
22830.0
23141.4
23466.6
23792.0
24119.0
24446.2
24775.8
25123.6
25457.2
25817.4
26140.2
26518.8
26862.8
27206.0
27534.2
27862.6
28192.4
28522.8
28853.2
29183.8
29515.0
29847.0
30179.4
30511.8
30844.8
31157.4
31482.8
31808.0
32134.0
32460.6
32788.2
33117.0
33446.6
33777.2
34108.6
34440.8
34753.4
35077.8
35402.0
35726.6
36052.2
36379.2
36707.4
37037.4
37368.8
37684.2
37995.4
38320.4
38645.8
38972.2
39299.8
39628.6
39959.2
40291.2
40605.4
40917.0
41242.2
41567.8
41894.6
42222.4
42551.6
42882.2
43214.6
43528.8
43840.4
44165.6
44491.4
44818.4
