15042.4
15374.2
15704.4
16033.8
16367.6
16697.8
17026.2
17361.2
17691.4
18020.2
18356.0
18686.2
19016.0
19352.2
19682.4
20012.4
20348.0
20678.8
21008.6
21340.6
21672.4
22002.4
22331.8
22665.6
22996.0
23326.0
23661.0
23991.6
24320.2
24655.8
24986.4
25318.6
25702.8
26074.6
26413.8
26745.0
27078.0
27408.4
27738.6
28072.0
28402.2
28739.4
29058.4
29389.6
29725.8
30057.2
30387.8
30724.8
31044.2
31375.6
31705.8
32040.6
32371.0
32701.0
33036.6
33367.0
33697.2
34033.2
34352.0
34683.4
35014.0
35348.0
35678.4
36008.6
36343.2
36673.8
37004.0
37339.2
37669.8
38000.2
38336.0
38655.0
38986.6
39318.8
39652.2
39983.0
40314.0
40648.0
40979.0
41309.6
41644.2
41975.2
42305.6
42640.8
42971.8
43302.4
43638.0
43969.2
44300.0
44636.0
44967.6
