15085.6
15410.4
15734.6
16058.8
16388.0
16713.8
17038.6
17363.0
17687.2
18016.6
18342.4
18667.4
18991.6
19315.8
19645.0
19970.8
20295.4
20619.4
20943.4
21272.4
21598.2
21922.6
22246.6
22570.2
22899.4
23225.4
23549.8
23873.6
24197.0
24525.4
24851.2
25182.8
25508.4
25845.4
26173.0
26499.4
26825.6
27152.6
27478.4
27803.0
28127.2
28456.2
28782.0
29106.4
29429.8
29758.4
30084.6
30409.4
30733.6
31057.4
31386.2
31712.6
32037.8
32362.2
32686.0
33015.0
33341.8
33667.2
33991.6
34315.8
34645.2
34971.8
35297.0
35621.4
35945.6
36274.8
36601.2
36926.2
37250.4
37574.4
37903.4
38229.6
38554.2
38878.4
39202.0
39530.8
39857.0
40181.6
40505.6
40829.2
41157.6
41484.2
41809.4
42133.6
42457.2
42785.6
43101.4
43428.0
43752.6
44076.4
44399.8
44728.2
