15009.2
15343.4
15662.0
15981.8
16313.6
16644.4
16975.4
17295.6
17619.0
17937.8
18269.2
18599.6
18930.2
19261.2
19581.2
19904.4
20225.0
20556.4
20886.4
21217.0
21547.6
21878.6
22198.2
22530.8
22853.4
23171.8
23502.8
23833.0
24163.2
24482.4
24804.6
25146.8
25483.2
25826.2
26213.0
26618.4
26954.4
27287.2
27621.0
27954.6
28277.2
28596.4
28932.2
29266.8
29600.8
29934.8
30256.0
30575.2
30906.2
31236.2
31566.6
31897.8
32219.0
32542.4
32862.0
33193.4
33523.6
33854.0
34173.0
34495.6
34812.8
35143.4
35473.4
35791.8
36112.4
36432.2
36749.8
37069.4
37401.6
37723.0
38040.0
38370.4
38688.6
39008.8
39331.8
39648.8
39968.0
40299.6
40620.6
40940.8
41258.4
41589.4
41908.4
42230.8
42548.2
42878.6
43208.8
43527.0
43847.8
44166.0
44484.2
44815.0
