15034.0
15366.6
15698.8
16031.0
16363.2
16702.8
17028.0
17355.0
17682.8
18019.8
18354.6
18688.6
19022.0
19354.6
19686.6
20018.8
20351.0
20687.4
21025.6
21351.0
21687.2
22021.8
22355.2
22688.2
23021.0
23353.2
23685.2
24017.6
24357.0
24682.2
25028.0
25362.2
25800.8
26175.4
26517.0
26848.6
27181.0
27514.4
27854.0
28189.2
28523.4
28856.6
29188.8
29522.2
29860.8
30185.6
30521.6
30855.6
31188.8
31521.6
31853.6
32185.8
32517.8
32849.8
33183.0
33522.2
33848.0
34184.6
34519.0
34852.4
35173.8
35507.8
35840.2
36172.2
36504.2
36836.6
37169.0
37508.6
37834.4
38162.2
38499.2
38834.0
39167.6
39500.8
39833.0
40165.2
40497.4
40829.8
41164.0
41503.2
41838.8
42173.0
42495.4
42829.8
43163.0
43495.2
43827.2
44159.6
44492.0
44824.8
