15009.0
15343.2
15674.0
16005.2
16341.0
16657.2
16990.6
17322.6
17653.2
17987.6
18318.4
18649.6
18985.6
19301.6
19635.2
19967.0
20297.6
20632.0
20962.8
21294.0
21630.0
21946.0
22279.6
22611.4
22942.0
23276.2
23607.0
23938.4
24274.4
24590.4
24923.8
25283.8
25597.8
25928.6
26279.4
26619.4
26948.8
27283.8
27611.2
27941.8
28273.6
28602.2
28934.0
29263.6
29580.6
29916.2
30231.6
30565.8
30894.8
31224.8
31560.4
31888.0
32218.8
32550.0
32879.0
33211.8
33540.6
33870.4
34205.6
34520.6
34854.2
35183.4
35513.2
35848.4
36175.8
36506.6
36838.2
37166.8
37499.4
37828.6
38158.2
38493.2
38808.4
39141.8
39471.6
39801.4
40136.2
40463.8
40794.6
41127.2
41456.0
41788.2
42118.4
42448.0
42782.2
43110.8
43441.6
43777.0
44092.4
44426.8
44756.0
