15234.6
15555.8
15878.6
16203.6
16529.4
16850.4
17173.2
17497.6
17824.2
18145.4
18468.6
18793.0
19119.4
19429.2
19755.0
20081.6
20402.6
20725.4
21050.4
21376.2
21697.2
22020.0
22344.4
22671.0
22980.8
23306.4
23633.0
23954.4
24277.2
24602.6
24928.8
25276.8
25619.8
25942.2
26274.0
26724.4
27051.8
27377.8
27701.0
28027.4
28357.2
28693.8
29019.8
29346.6
29667.8
29990.6
30315.0
30641.2
30962.6
31285.4
31610.0
31936.4
32257.4
32580.4
32905.2
33231.8
33552.6
33875.6
34200.4
34527.0
34847.6
35170.8
35495.4
35821.8
36142.6
36465.6
36790.4
37116.4
37437.4
37760.6
38085.6
38410.6
38731.8
39055.4
39380.8
39703.6
40025.4
40349.4
40675.2
40996.4
41319.0
41643.6
41969.8
42290.8
42613.6
42938.6
43265.2
43586.4
43909.4
44234.8
44561.4
44882.8
