15261.6
15587.4
15913.2
16239.0
16565.0
16890.8
17216.6
17542.6
17868.6
18194.4
18520.4
18846.2
19172.2
19498.2
19824.2
20150.2
20476.2
20802.2
21128.2
21454.2
21780.6
22224.4
22566.4
22904.2
23239.0
23577.4
23901.0
24224.6
24549.0
24891.0
25235.6
25576.4
25920.4
26360.8
26688.0
27017.6
27348.2
27677.2
28005.2
28332.0
28658.0
28983.4
29308.6
29644.4
29968.0
30292.0
30627.2
30949.8
31273.6
31597.2
31920.8
32244.6
32568.6
32892.8
33217.2
33541.6
33866.2
34191.0
34515.8
34840.8
35166.0
35491.2
35816.4
36141.8
36467.4
36792.8
37118.4
37444.2
37770.0
38095.6
38421.6
38747.4
39073.4
39399.2
39725.2
40051.2
40377.2
40703.2
41029.2
41355.2
41681.4
42007.4
42333.4
42659.4
42985.2
43311.2
43636.8
43962.6
44288.2
44613.6
44939.0
