15155.8
15490.6
15829.0
16145.6
16478.2
16811.6
17148.8
17483.8
17802.2
18135.4
18470.0
18808.6
19125.4
19458.0
19791.0
20127.8
20463.0
20781.0
21114.2
21448.8
21787.2
22104.2
22436.8
22769.8
23106.4
23442.0
23760.0
24093.2
24427.6
24765.8
25127.2
25473.0
25805.0
26147.4
26476.0
26809.4
27261.6
27620.4
27963.6
28304.6
28645.8
28986.6
29318.0
29653.0
29984.8
30313.2
30643.4
30975.6
31312.0
31643.4
31972.4
32303.4
32636.8
32974.4
33306.0
33636.0
33967.2
34301.2
34639.2
34971.8
35302.4
35634.6
35968.8
36307.0
36642.4
36974.0
37305.8
37639.2
37975.6
38315.2
38633.2
38966.6
39300.2
39637.4
39973.0
40304.2
40635.8
40969.0
41305.0
41644.2
41961.4
42294.4
42628.0
42965.2
43301.0
43619.0
43952.2
44286.8
44625.2
44942.6
