15106.4
15423.8
15743.4
16062.8
16381.4
16705.8
17022.6
17345.2
17662.0
17983.2
18300.0
18620.4
18937.6
19257.4
19575.6
19894.6
20219.0
20535.8
20859.0
21175.6
21497.2
21814.0
22134.4
22451.4
22771.2
23088.8
23408.2
23730.8
24048.0
24371.8
24688.4
25020.8
25367.6
25688.2
26084.8
26470.6
26797.2
27134.2
27452.2
27776.0
28093.4
28414.8
28751.4
29082.4
29413.6
29735.8
30072.6
30389.8
30713.6
31032.2
31354.0
31691.4
32008.6
32332.2
32651.6
32973.8
33294.0
33614.8
33941.2
34259.2
34582.8
34901.2
35223.0
35542.0
35862.8
36188.6
36506.0
36829.8
37147.0
37468.8
37786.2
38106.8
38424.8
38744.8
39069.0
39386.2
39710.0
40026.8
40348.8
40665.6
40986.4
41303.4
41623.6
41941.4
42260.8
42585.0
42902.0
43225.4
43542.2
43863.8
44180.6
44501.4
44818.2
