15170.4
15497.8
15825.4
16152.8
16480.2
16807.6
17135.0
17462.4
17790.0
18118.2
18450.4
18782.6
19113.6
19443.8
19773.2
20102.2
20431.0
20759.4
21087.6
21415.6
21743.6
22071.2
22398.8
22726.2
23053.6
23381.0
23708.4
24035.8
24363.2
24690.8
25018.6
25347.2
25676.4
26006.0
26404.6
26754.4
27085.6
27417.2
27748.0
28078.0
28407.8
28737.2
29066.8
29397.8
29733.2
30065.2
30397.8
30729.0
31059.8
31390.4
31721.0
32052.4
32381.6
32709.4
33037.8
33366.4
33694.8
34023.4
34352.2
34681.6
35015.6
35348.8
35680.6
36011.2
36341.4
36671.0
37000.6
37329.4
37658.4
37987.6
38316.4
38645.2
38973.6
39302.0
39630.2
39958.6
40286.8
40615.0
40943.4
41273.0
41607.2
41940.0
42271.6
42602.4
42932.6
43262.6
43592.2
43921.8
44251.0
44580.4
44909.4
