15296.0
15627.2
15958.6
16290.0
16621.4
16953.4
17285.8
17619.4
17954.0
18289.8
18626.2
18958.4
19289.6
19621.0
19952.2
20284.0
20616.0
20949.0
21282.8
21617.8
21953.8
22290.0
22621.6
22952.8
23284.2
23615.8
23947.8
24280.2
24613.4
24947.6
25293.8
25624.6
25957.8
26289.8
26607.2
27029.6
27374.4
27720.2
28052.8
28387.2
28717.2
29048.0
29378.8
29710.6
30043.6
30378.0
30712.2
31042.0
31372.6
31703.4
32034.6
32366.2
32699.0
33033.2
33368.0
33703.4
34034.0
34364.4
34695.2
35026.0
35357.4
35689.6
36022.8
36357.6
36693.2
37027.8
37358.6
37688.8
38019.2
38350.0
38681.4
39013.4
39346.6
39681.6
40017.2
40351.8
40682.6
41012.8
41343.4
41674.2
42005.6
42337.8
42671.2
43006.4
43341.8
43676.8
44007.8
44338.2
44668.8
44999.8
