15105.6
15440.2
15775.0
16112.4
16431.6
16766.0
17100.6
17438.0
17757.2
18091.4
18426.0
18762.4
19081.4
19415.4
19750.0
20086.0
20404.8
20739.0
21073.4
21410.2
21729.2
22063.6
22398.2
22735.2
23053.8
23388.0
23722.4
24041.4
24374.6
24708.6
25058.8
25401.2
25748.8
26088.6
26497.4
26831.6
27166.6
27503.4
27822.8
28157.2
28491.4
28827.2
29164.6
29483.8
29817.8
30152.2
30487.8
30806.8
31140.6
31475.0
31810.4
32128.6
32462.4
32796.8
33132.8
33451.0
33784.8
34119.8
34437.8
34771.2
35104.6
35440.8
35759.0
36093.0
36427.2
36764.0
37082.6
37416.6
37751.2
38069.8
38403.2
38737.0
39072.4
39391.2
39724.8
40059.2
40394.8
40713.0
41047.0
41381.2
41717.8
42036.4
42370.6
42705.0
43041.8
43360.6
43694.8
44029.6
44366.6
44685.4
