15012.6
15337.4
15664.4
15994.0
16319.2
16645.6
16974.2
17301.0
17626.8
17954.6
18285.8
18611.2
18938.4
19268.0
19593.6
19920.2
20248.6
20579.6
20892.6
21221.8
21550.0
21875.6
22203.2
22534.2
22859.4
23186.4
23515.8
23841.6
24168.0
24496.4
24827.6
25155.6
25488.0
25838.0
26166.2
26498.4
26920.6
27263.2
27604.8
27945.2
28285.8
28627.0
28969.0
29294.0
29632.0
29968.6
30307.0
30636.6
30960.6
31286.6
31615.4
31939.6
32265.4
32593.6
32918.4
33243.8
33571.4
33897.4
34222.4
34549.4
34879.6
35203.6
35530.0
35859.8
36184.0
36510.0
36838.8
37163.2
37489.0
37817.0
38142.4
38467.8
38795.2
39125.0
39449.2
39776.0
40106.0
40430.4
40756.6
41085.6
41410.2
41736.2
42064.4
42390.4
42715.8
43043.4
43374.2
43698.6
44025.4
44355.4
44680.0
