15293.0
15625.4
16055.6
16400.8
16748.8
17090.4
17420.6
17751.0
18081.2
18411.2
18741.4
19071.4
19401.6
19731.8
20062.0
20392.2
20722.4
21052.6
21383.0
21713.4
22043.8
22374.2
22704.6
23035.0
23365.6
23696.0
24026.6
24357.2
24687.8
25024.6
25360.2
25731.8
26061.6
26390.0
26798.6
27137.8
27477.8
27806.2
28136.0
28477.6
28816.8
29144.0
29471.6
29799.4
30127.2
30455.2
30783.2
31111.4
31440.0
31768.6
32097.4
32426.4
32755.4
33084.8
33414.2
33743.8
34084.2
34412.0
34740.4
35068.8
35397.8
35726.8
36056.2
36385.6
36715.4
37045.4
37375.4
37705.6
38036.0
38366.6
38697.2
39027.8
39358.4
39689.2
40019.8
40350.6
40681.4
41012.4
41343.2
41674.0
42004.8
42335.8
42666.6
42997.4
43328.4
43659.2
43990.0
44321.0
44651.8
44982.6
