15122.6
15763.4
16097.8
16098.2
16431.2
16754.6
17398.4
17720.2
18054.6
18068.0
18388.8
18712.8
19038.4
19691.4
20024.0
20025.0
20345.4
20680.2
21325.2
21645.6
21979.0
22312.8
22315.0
22635.6
22961.4
23289.0
23613.6
23937.8
24268.2
24591.0
24916.6
25267.4
25610.4
25972.0
26322.8
26664.4
26998.4
27333.6
27656.0
27975.4
28298.0
28631.8
28964.6
29298.2
29621.0
29946.6
30284.0
30620.8
30942.0
31262.8
31596.6
31929.8
32251.8
32587.2
32912.2
33230.6
33551.8
33885.6
34207.8
34533.2
34852.0
35172.6
35506.4
35828.6
36154.2
36473.2
36794.2
37127.6
37461.4
37784.4
38109.8
38428.6
38749.4
39071.8
39407.2
39732.0
40050.4
40371.4
40694.2
41029.4
41354.2
41673.0
41993.8
42327.4
42649.4
42975.0
43294.0
43614.8
43948.2
44270.8
44596.4
44915.2
