15296.6
15300.8
15634.6
16296.0
16303.0
16630.6
16968.2
17619.4
17627.0
17956.2
18288.4
18619.0
18952.0
19289.0
19940.2
19952.2
20276.2
20613.4
21266.0
21273.0
21603.6
22265.0
22273.2
22599.4
22936.8
23588.0
23597.4
23924.6
24258.8
24588.6
24921.8
25273.4
25626.0
26361.2
26691.4
27027.2
27358.4
27690.8
28025.4
28363.2
28701.2
29019.4
29352.2
29687.4
30025.4
30343.4
30676.6
31013.2
31345.0
31675.2
32008.8
32346.0
32663.6
32997.2
33333.6
33670.4
33988.2
34323.4
34661.4
34991.4
35322.6
35657.0
35994.6
36312.0
36646.0
36982.6
37316.0
37646.0
37979.2
38315.8
38633.8
38966.4
39302.4
39640.0
39958.2
40293.0
40630.6
40960.8
41291.8
41625.8
41963.2
42281.0
42614.6
42951.2
43286.8
43616.4
43949.4
44285.4
44603.4
44935.8
