15086.6
15403.4
15719.0
16034.8
16356.2
16671.8
16986.8
17305.4
17623.8
17939.2
18254.2
18576.8
18893.0
19208.2
19525.8
19845.6
20161.0
20476.0
20796.8
21113.8
21745.6
21746.0
22066.8
22697.8
23017.4
23018.0
23335.8
23967.6
23971.6
24289.8
24921.8
24926.6
25264.2
25936.6
26276.4
26590.6
26908.0
27224.4
27546.6
27862.4
28178.2
28497.0
28817.0
29132.8
29448.4
29771.4
30087.2
30402.4
30721.6
31040.8
31356.6
31672.2
31995.4
32311.0
32626.8
32945.6
33264.8
33580.6
33896.2
34219.6
34535.6
34851.4
35170.4
35489.6
35805.6
36121.2
36444.6
36760.6
37076.0
37395.0
37714.0
38029.6
38344.8
38667.8
38983.6
39298.8
39616.2
39936.0
40251.4
40566.2
40886.0
41203.4
41518.6
41834.4
42156.4
42472.2
42787.2
43105.8
43424.4
43739.8
44054.8
44377.4
44694.0
