15286.2
15614.4
15936.2
16260.6
16588.8
16910.8
17235.0
17563.2
17885.4
18209.8
18640.2
18981.2
19319.4
19657.0
19996.4
20337.4
20658.8
20983.6
21323.6
21645.6
21968.8
22295.6
22617.6
22941.2
23279.6
23608.4
23930.8
24255.8
24595.6
24921.0
25247.0
25590.4
25943.4
26276.8
26612.2
26939.2
27260.4
27585.8
27908.2
28229.8
28554.0
28882.0
29203.8
29527.8
29866.4
30194.8
30517.0
30841.6
31180.8
31508.0
31829.6
32154.4
32481.6
32803.2
33128.0
33455.0
33776.6
34101.4
34428.2
34750.0
35074.8
35401.8
35723.6
36048.4
36375.6
36697.6
37022.6
37350.2
37672.2
37997.2
38325.6
38647.6
38972.6
39301.2
39623.6
39948.4
40380.0
40721.2
41059.4
41062.4
41397.4
41737.0
42077.0
42398.4
42723.6
43064.0
43405.4
43727.4
44052.2
44392.0
44732.6
