15273.0
15590.6
15924.2
16254.8
16586.0
16919.0
17249.4
17581.2
17916.0
18233.2
18566.6
18897.2
19228.4
19561.8
19891.6
20223.0
20557.2
20888.0
21220.2
21555.4
21872.6
22206.4
22536.6
22868.2
23202.2
23520.0
23853.6
24184.8
24516.2
24849.2
25180.2
25514.0
25856.8
26232.8
26569.8
26901.6
27233.4
27563.6
27897.2
28228.2
28559.0
28893.2
29224.2
29555.2
29890.2
30221.0
30552.4
30888.6
31219.0
31550.0
31885.6
32202.6
32536.8
32868.0
33198.8
33532.8
33862.6
34193.8
34529.6
34860.8
35193.4
35530.4
35847.8
36182.2
36514.8
36846.0
37180.0
37511.4
37843.4
38178.8
38511.4
38831.2
39169.6
39487.2
39822.0
40154.0
40485.8
40820.8
41153.4
41473.2
41811.4
42128.6
42463.4
42795.0
43126.0
43460.2
43790.6
44122.2
44458.0
44789.0
