15236.6
15554.4
15877.2
16195.6
16513.6
16836.4
17155.2
17473.4
17796.4
18105.4
18744.2
18745.4
19065.2
19386.6
19701.6
20023.6
20342.0
20660.0
20982.8
21301.6
21620.0
21943.0
22261.4
22579.2
22902.0
23220.2
23538.0
23860.6
24179.6
24497.8
24820.8
25147.2
25489.0
25847.0
26166.4
26505.8
27143.4
27467.0
27786.6
28104.8
28428.2
28746.6
29065.0
29387.6
29706.2
30024.6
30347.0
30665.8
30984.0
31306.6
31625.2
31943.4
32266.2
32584.6
32902.8
33225.6
33544.0
33862.0
34184.8
34503.4
34821.2
35144.2
35463.0
35781.0
36104.2
36423.6
36742.0
37065.2
37384.8
37703.4
38026.6
38335.6
38655.4
38976.4
39296.4
39614.6
39933.8
40254.6
40572.6
40890.8
41212.4
41530.8
41849.0
42171.6
42489.8
42807.6
43130.0
43448.4
43766.4
44089.0
44407.6
44725.6
