15207.4
15525.8
15847.8
16173.4
16492.0
16815.2
17134.6
17456.2
17781.8
18100.8
18423.8
18750.8
19070.0
19393.8
19715.4
20040.6
20362.4
21005.2
21010.2
21332.2
21654.6
21975.4
22302.8
22623.8
22946.2
23270.2
23594.0
23915.8
24558.8
24564.4
24885.6
25541.0
25890.0
25907.8
26272.2
26644.0
26980.0
27301.8
27628.0
27948.0
28271.8
28599.0
28917.2
29239.2
29563.8
29882.2
30205.0
30523.2
30844.0
31169.2
31487.6
31810.2
32128.8
32450.0
32775.2
33093.6
33416.2
33736.2
34056.8
34381.8
34700.4
35022.6
35348.4
35667.4
35991.0
36310.2
36632.4
36958.4
37277.6
37600.6
37927.4
38246.6
38570.4
38891.2
39213.2
39539.0
39858.8
40182.2
40509.2
40828.6
41152.2
41479.4
41798.8
42122.8
42444.4
42766.4
43092.0
43412.0
43735.4
44062.2
44381.8
44705.4
