15344.8
15668.6
15995.6
16323.0
16648.4
16973.2
17297.4
17621.2
17945.6
18274.4
18600.2
18925.2
19249.4
19573.4
19897.2
20226.4
20552.6
20877.8
21202.4
21526.4
21850.2
22179.4
22506.0
22831.4
23156.2
23480.4
23804.2
24133.0
24460.0
24785.6
25115.8
25442.4
25800.8
26135.0
26496.2
26833.6
27161.4
27488.0
27813.8
28138.6
28463.0
28792.6
29118.2
29443.2
29778.8
30117.4
30442.0
30766.4
31090.4
31414.2
31739.6
32067.4
32393.0
32718.0
33042.4
33366.2
33690.4
34019.4
34345.4
34670.6
34995.2
35319.4
35643.4
35972.8
36299.0
36624.4
36949.4
37273.8
37598.0
37927.6
38254.0
38579.6
38904.8
39229.2
39553.8
39883.6
40210.0
40535.8
40861.0
41185.6
41510.8
41840.4
42166.8
42492.6
42817.8
43142.6
43469.2
43798.0
44124.4
44450.0
44775.2
