15190.6
15512.2
16142.0
16152.4
16472.4
16795.2
17107.6
17437.6
17753.4
18077.8
18712.2
19039.6
19040.2
19369.0
19999.0
20328.6
20648.4
20964.8
21291.2
21607.8
21930.4
21932.8
22262.2
22577.4
22902.4
23221.2
23551.6
23865.2
24193.4
24510.2
24831.4
25179.6
25515.6
25846.4
26236.8
26563.4
26900.2
27545.6
27874.6
28207.0
28523.2
28850.4
29179.8
29498.6
29828.2
30157.2
30489.2
30808.0
31134.0
31460.8
31779.0
32103.8
32421.4
32748.8
33075.4
33395.2
33728.6
34041.6
34359.6
34688.8
35017.0
35339.6
35652.4
35969.6
36300.4
36623.2
36937.0
37263.8
37581.6
37906.2
38219.8
38548.8
38867.8
39197.0
39514.2
39828.8
40158.2
40477.2
40799.4
41114.6
41442.2
41769.8
42091.0
42404.6
42731.8
43059.0
43378.2
43694.4
44020.6
44336.8
44659.0
44989.8
