15233.2
15561.6
15892.0
16221.4
16551.2
16881.8
17211.0
17543.0
17871.6
18207.2
18535.2
18869.4
19197.2
19529.4
19857.2
20188.6
20516.8
20836.0
21164.0
21495.6
21823.2
22153.8
22481.8
22812.0
23140.8
23470.6
23800.4
24117.2
24445.6
24775.8
25140.8
25453.6
25782.2
26195.2
26522.4
26850.6
27178.2
27508.0
27835.2
28165.6
28492.8
28826.0
29153.2
29487.4
29814.8
30147.4
30475.2
30806.8
31135.0
31465.6
31794.6
32124.6
32454.6
32784.0
33115.0
33443.6
33776.6
34091.2
34422.2
34750.8
35082.0
35410.0
35744.4
36058.0
36389.2
36717.2
37048.6
37376.2
37711.2
38024.6
38356.2
38683.8
39017.8
39331.4
39662.0
39989.8
40320.4
40647.8
40981.0
41294.8
41625.2
41953.0
42283.4
42610.8
42942.8
43269.6
43604.2
43917.6
44249.2
44576.6
44910.8
