15011.6
15011.8
15343.6
15670.6
16002.0
16329.2
16658.8
16985.4
17315.0
17648.4
17963.0
18292.8
18626.2
19271.4
19273.4
19604.4
20250.2
20583.0
20909.2
21238.4
21250.2
21570.8
21897.4
22228.6
22556.4
22883.6
23211.2
23541.4
23874.6
24519.4
24521.8
24852.0
25526.8
25541.0
25928.6
26588.8
26638.2
27029.8
27374.2
27718.4
28060.2
28401.6
28732.8
29061.4
29388.0
29716.8
30049.2
30374.8
30702.6
31033.8
31359.8
31687.4
32017.6
32345.8
32672.2
33001.8
33334.6
33660.0
33988.4
34320.4
34646.2
34974.0
35304.8
35631.2
35958.4
36288.4
36620.0
36945.8
37274.6
37607.4
37933.0
38261.2
38592.6
38918.8
39246.4
39576.8
39905.8
40232.4
40561.8
40895.0
41220.8
41549.4
41881.2
42207.4
42535.4
42866.0
43195.2
43522.0
43851.6
44185.0
44511.2
44840.0
