15207.4
15214.2
15537.4
15872.8
16194.8
16515.0
16845.8
17176.4
17504.6
17821.2
18157.0
18487.6
18806.8
19125.2
19784.2
19789.4
20119.4
20440.6
21092.8
21422.0
21739.2
22069.4
22074.2
22404.2
22735.0
23053.6
23712.0
23716.2
24047.0
24368.0
25025.8
25348.8
25680.0
25706.2
26069.8
26451.6
26776.8
27108.4
27438.6
27767.8
28097.4
28431.8
28762.0
29091.4
29427.0
29749.0
30080.0
30409.2
30738.6
31074.2
31395.4
31716.0
32046.6
32375.4
32692.4
33021.8
33338.4
33674.2
33994.4
34314.8
34645.6
34963.8
35294.0
35622.8
35956.4
36276.2
36596.2
36916.6
37246.2
37574.8
37891.8
38222.4
38542.4
38875.2
39194.6
39525.4
39843.2
40162.8
40492.2
40821.8
41155.0
41474.8
41794.6
42124.2
42453.0
42769.8
43088.0
43418.6
43751.6
44071.4
44391.8
44722.4
