15071.8
15404.6
15741.0
16071.6
16403.6
16738.4
17069.0
17400.2
17734.0
18068.4
18399.6
18733.0
19069.0
19387.0
19720.6
20056.8
20387.0
20719.2
21053.6
21384.4
21715.6
22038.8
22358.2
22691.6
23027.0
23357.4
23689.6
24024.2
24355.2
24686.6
25028.6
25376.4
25728.8
26388.4
26400.6
26822.4
27158.4
27492.2
27826.8
28163.2
28492.0
28822.6
29155.2
29484.6
29814.4
30146.0
30478.8
30807.6
31139.0
31473.8
31802.4
32133.4
32467.8
32796.4
33127.0
33460.6
33789.4
34119.8
34453.0
34781.8
35112.2
35444.8
35774.0
36104.2
36436.6
36766.0
37096.0
37428.2
37758.4
38088.8
38420.8
38754.0
39083.6
39415.2
39750.4
40079.2
40410.2
40744.4
41073.4
41404.2
41737.4
42066.6
42397.4
42730.2
43059.8
43391.2
43723.8
44055.8
44387.0
44719.4
