15220.4
15548.0
15875.4
16202.6
16530.2
16860.8
17189.0
17517.8
17845.2
18172.4
18499.2
18828.0
19157.4
19485.4
19814.0
20141.2
20468.0
20794.8
21125.0
21453.6
21781.4
22109.6
22438.2
22764.8
23091.8
23423.2
23751.4
24079.4
24408.0
24735.4
25062.4
25401.0
25745.6
26082.4
26414.6
26740.4
27070.2
27397.8
27716.8
28035.6
28364.8
28692.2
29019.2
29345.6
29672.4
29987.8
30315.6
30642.8
30972.4
31300.2
31627.6
31954.8
32281.8
32608.0
32938.6
33256.8
33576.0
33904.8
34232.4
34559.8
34886.4
35212.8
35539.0
35869.8
36197.8
36525.4
36852.6
37179.6
37506.6
37833.6
38164.2
38492.0
38819.6
39146.8
39473.2
39799.8
40126.0
40457.0
40785.4
41113.0
41440.2
41767.2
42094.2
42420.6
42751.4
43080.2
43408.4
43736.0
44063.4
44390.6
44717.6
