15212.6
15553.4
15887.8
16223.2
16561.4
16895.8
17237.4
17562.4
17897.8
18239.6
18564.4
18900.0
19241.6
19566.2
19903.6
19909.2
20245.6
20586.6
20915.2
21254.4
21589.0
21928.6
22590.2
22931.4
23257.2
23592.6
23934.4
24259.6
24595.0
24936.6
25271.6
25302.4
25643.4
26356.0
26701.4
27033.0
27373.8
27697.4
28033.0
28372.6
28707.0
29048.4
29382.6
29724.4
30060.2
30395.6
30735.8
31070.0
31405.0
31743.0
32077.4
32419.2
32744.0
33079.2
33421.0
33746.0
34081.4
34423.0
34758.2
35093.4
35433.2
35767.4
36102.6
36440.0
36774.0
37115.8
37440.2
37775.2
38116.6
38441.4
38776.6
39118.2
39443.0
39778.4
40120.0
40444.6
40781.8
41123.6
41458.0
41792.8
42132.0
42466.6
42807.4
43142.8
43477.0
43817.6
44141.2
44476.2
44817.4
