15259.0
15595.0
15925.0
16258.2
16588.4
16919.8
17255.6
17585.6
17918.8
18249.0
18580.6
18916.4
19246.4
19579.6
19909.8
20241.2
20577.2
20907.0
21240.4
21570.4
21902.0
22237.8
22567.8
22901.2
23231.2
23562.6
23898.6
24228.4
24561.8
24891.8
25229.4
25576.8
25936.4
26272.0
26672.8
27005.4
27340.8
27672.0
28006.4
28335.8
28667.0
29001.8
29330.4
29662.2
29991.2
30321.8
30656.6
30985.4
31318.0
31647.0
31978.2
32309.8
32639.6
32973.6
33302.6
33634.6
33964.0
34294.8
34630.2
34959.2
35292.0
35621.4
35952.8
36288.2
36617.6
36950.8
37280.4
37612.0
37946.6
38276.4
38610.2
38939.8
39271.8
39604.4
39934.8
40269.2
40599.0
40931.2
41262.6
41593.6
41928.8
42258.6
42591.2
42922.2
43253.6
43588.8
43918.8
44251.6
44582.4
44914.0
