15283.0
15613.2
15943.4
16273.8
16604.0
16934.4
17264.8
17595.0
17925.6
18255.8
18586.4
18916.8
19247.4
19578.0
19908.4
20240.4
20264.2
20696.4
21047.8
21391.2
21731.6
22071.0
22398.6
22726.6
23054.8
23383.2
23711.8
24040.6
24369.6
24698.8
25038.2
25373.0
25704.2
26032.2
26371.6
27041.2
27372.0
27702.8
28033.8
28364.6
28695.4
29025.8
29356.2
29686.6
30017.0
30347.4
30678.0
31008.4
31338.8
31669.2
31999.6
32330.0
32660.4
32990.6
33321.0
33651.4
33981.6
34312.0
34642.4
34972.8
35303.4
35633.8
35964.4
36295.0
36625.6
36956.2
37287.0
37617.6
37948.4
38279.0
38609.8
38940.6
39271.2
39602.0
39932.8
40263.6
40594.4
40674.0
41026.8
41368.8
41712.6
42052.0
42390.6
42732.6
43062.0
43391.8
43721.8
44052.0
44382.0
44712.2
