15219.6
15552.4
15887.4
16216.4
16547.2
16880.4
17209.8
17539.2
17870.0
18203.6
18532.8
18863.2
19195.8
19531.2
19859.0
20189.0
20521.2
20850.6
21180.6
21512.0
21846.8
22176.4
22507.2
22522.4
22839.8
23176.4
23506.8
23838.2
24297.4
24645.2
24990.2
25337.4
25713.4
26043.8
26485.4
26807.8
27140.6
27482.8
27814.0
28142.6
28473.4
28815.2
29145.8
29474.0
29802.8
30132.4
30465.2
30792.8
31121.8
31452.8
31780.8
32109.6
32439.6
32771.8
33099.4
33428.8
33760.4
34088.4
34417.4
34747.8
35077.0
35405.6
35735.6
36068.0
36396.0
36725.6
37056.4
37385.4
37714.8
38045.0
38378.0
38706.4
39036.2
39367.6
39698.0
40027.6
40358.4
40701.2
41030.2
41359.2
41689.4
42022.2
42350.8
42680.8
43012.4
43345.2
43674.2
44005.2
44338.4
44668.8
44999.8
