15271.6
15592.8
15914.0
16237.4
16563.2
16891.4
17522.8
17532.8
17848.2
18176.0
18497.0
18818.2
19141.6
19467.4
19795.4
20427.0
20437.0
20752.4
21080.2
21401.2
21722.4
22045.8
22371.6
22699.6
23331.2
23341.2
23656.6
23984.4
24305.4
24626.6
24950.0
25290.2
25635.0
26034.2
26418.0
26748.0
27075.8
27401.0
27723.2
28047.0
28371.8
28698.2
29026.4
29354.6
29674.8
29997.4
30321.2
30647.2
30975.2
31295.4
31617.8
31941.6
32267.8
32596.0
32916.2
33238.6
33562.6
33888.8
34217.0
34537.4
34860.0
35184.0
35510.2
35838.6
36159.4
36482.0
36806.2
37132.4
37461.0
37782.4
38105.2
38429.4
38755.6
39084.2
39408.6
39730.8
40054.8
40380.4
40708.4
41037.2
41357.8
41681.0
42005.4
42332.0
42660.0
42980.0
43302.4
43626.2
43952.2
44280.0
44600.8
44923.4
