15218.4
15534.8
15854.6
16173.8
16491.4
16813.4
17130.4
17449.4
17770.4
18087.4
18407.8
18726.0
19044.2
19367.6
19684.2
20003.6
20323.2
20640.8
20962.2
21279.6
21598.4
21922.0
22238.6
22558.6
22877.6
23195.6
23517.8
23834.8
24154.0
24474.8
24792.0
25123.2
25469.8
25811.4
26182.2
26504.4
26836.2
27166.8
27486.2
27820.2
28137.2
28456.8
28789.4
29106.4
29425.8
29757.0
30086.0
30403.6
30735.2
31068.4
31385.6
31718.0
32050.6
32368.4
32688.0
33020.8
33338.4
33657.8
33990.6
34307.6
34625.8
34947.8
35264.6
35583.6
35901.0
36219.2
36540.4
36857.4
37176.2
37493.8
37812.0
38132.4
38449.8
38768.4
39088.6
39406.0
39725.8
40043.6
40362.2
40684.6
41001.6
41320.8
41638.6
41957.2
42278.2
42595.6
42914.8
43235.2
43552.8
43873.0
44190.8
44510.0
44832.2
