15462.6
15794.6
16124.8
16125.2
16460.0
17099.8
17431.0
17748.6
18084.0
18406.4
18727.8
19060.2
19067.0
19390.4
19727.0
20367.6
20688.0
21019.6
21027.8
21350.2
21684.6
22324.6
22332.0
22656.2
22986.8
23321.0
23640.8
23960.8
24292.2
24622.4
24945.8
25280.2
25962.0
26298.6
26633.2
26962.2
27293.4
27629.2
27948.8
28279.6
28611.2
28935.0
29255.8
29588.0
29918.4
30254.0
30574.2
30907.2
31238.8
31575.4
31895.6
32216.0
32547.8
32878.4
33214.6
33534.8
33855.2
34187.4
34517.6
34853.2
35173.2
35493.8
35826.0
36156.4
36491.6
36811.4
37143.6
37475.6
37795.0
38129.6
38460.6
38779.2
39109.8
39446.6
39766.8
40087.0
40418.6
40749.8
41086.0
41405.8
41725.6
42057.2
42387.8
42706.0
43031.4
43364.0
43695.0
44025.6
44345.8
44669.8
