15230.4
15561.2
15886.0
16213.8
16545.0
17190.6
17515.8
17843.2
18173.6
18499.0
18828.4
19153.6
19480.4
19488.2
19811.8
20136.8
20465.0
20795.0
21441.6
21766.6
22094.2
22421.2
22747.2
22753.8
23077.2
23402.4
23729.6
24061.4
24706.2
25032.4
25366.8
25697.4
26024.2
26427.4
26764.2
27107.2
27431.4
27760.2
28085.6
28411.4
28739.8
29065.4
29391.0
29719.8
30045.0
30371.6
30702.4
31026.8
31354.4
31681.2
32006.8
32336.8
32661.8
32989.0
33320.4
33645.0
33973.6
34299.0
34625.4
34956.2
35280.8
35608.4
35936.4
36261.8
36591.4
36916.6
37243.6
37575.2
37899.8
38228.0
38554.0
38880.2
39210.6
39535.6
39863.0
40194.6
40519.6
40848.4
41174.0
41500.6
41831.8
42156.6
42484.4
42815.4
43140.8
43470.0
43796.0
44122.8
44454.2
44779.2
