15295.0
15625.2
15626.4
15955.6
16286.2
16616.8
17278.6
17613.2
17613.8
17946.8
18279.2
18611.0
18942.8
19274.6
19605.0
19935.6
20266.4
20597.2
21257.8
21587.8
21917.8
21920.4
22247.6
22577.6
22907.6
23237.4
23567.2
24227.0
24557.6
24892.2
24894.2
25237.8
25916.0
25930.0
26303.0
26960.8
27293.6
27626.8
27962.0
28299.0
28634.0
28967.8
29300.2
29632.0
29963.2
30294.0
30624.8
30955.8
31287.6
31621.0
31939.6
32273.0
32606.6
32945.0
33267.6
33589.6
33911.6
34247.4
34584.4
34910.2
35236.4
35563.0
35890.0
36217.4
36553.0
36886.2
37218.6
37550.2
37881.6
38212.6
38543.0
38873.2
39203.2
39533.0
39862.6
40192.0
40521.6
40851.6
41182.4
41514.4
41847.4
42184.6
42507.0
42829.2
43167.8
43493.4
43819.2
44145.2
44481.4
44814.6
