15028.4
15358.4
15688.4
16018.2
16348.0
16677.8
17007.4
17337.2
17666.8
17996.2
18325.6
18654.6
18983.4
19312.0
19640.6
19969.0
20297.4
20625.8
20954.4
21282.8
21611.4
21940.2
22268.8
22597.6
22926.6
23255.4
23584.6
23913.8
24243.2
24573.2
24905.8
25259.2
25584.6
25923.6
25957.8
26357.2
26706.4
27033.8
27362.0
27690.2
28018.2
28345.8
28673.6
29002.6
29337.2
29670.2
30002.4
30334.0
30665.2
30996.4
31327.2
31658.0
31988.6
32319.2
32649.8
32980.2
33310.6
33640.8
33971.0
34301.2
34631.2
34961.2
35290.8
35620.0
35949.0
36278.0
36606.8
36935.8
37264.6
37593.6
37922.4
38251.6
38580.6
38909.8
39239.4
39569.6
39902.2
40237.6
40571.2
40903.8
41235.4
41566.6
41886.8
42219.0
42550.2
42881.0
43211.4
43541.6
43860.2
44191.6
44522.2
44852.4
