15169.8
15501.6
15832.2
16162.2
16492.0
16821.2
17150.4
17479.4
17808.2
18137.6
18473.0
18792.4
19108.0
19443.8
19776.2
20107.2
20437.4
20767.2
21096.6
21425.6
21754.8
22083.6
22412.2
22742.0
23077.0
23409.6
23740.8
24071.6
24401.8
24731.6
25063.8
25394.2
25752.6
26104.8
26443.2
27098.4
27426.2
27755.6
28068.8
28404.0
28723.8
29055.2
29384.6
29713.4
30041.2
30369.6
30697.4
31024.8
31352.8
31680.6
32010.2
32344.4
32676.4
33007.4
33337.8
33655.0
33985.2
34314.4
34643.2
34971.8
35300.0
35627.8
35955.8
36283.8
36613.4
36947.8
37279.8
37610.8
37941.4
38258.6
38588.8
38918.2
39247.0
39575.8
39904.2
40232.2
40560.4
40889.0
41223.4
41556.4
41876.8
42209.0
42539.8
42869.6
43199.0
43528.2
43857.2
44186.0
44514.6
44843.0
