15318.8
15638.0
15969.4
16306.2
16636.0
16966.2
17300.8
17630.2
17960.0
18293.2
18623.2
18954.4
19286.0
19616.4
19953.0
20272.2
20603.6
20939.4
21590.0
21595.6
21926.0
22576.8
22913.4
23243.0
23572.8
23572.8
23907.4
24240.2
24567.2
24900.4
25246.8
25594.2
26031.2
26346.6
27013.4
27344.2
27679.8
28010.4
28348.4
28678.6
29009.4
29342.8
29673.4
30010.4
30340.6
30671.4
31005.8
31336.6
31673.8
32004.6
32335.4
32671.6
33002.0
33332.4
33666.4
33996.8
34333.8
34664.0
34994.2
35329.6
35659.4
35989.2
36322.8
36653.0
36983.2
37315.2
37645.2
37982.0
38311.8
38642.0
38976.8
39306.4
39636.2
39969.4
40299.0
40632.2
40963.2
41293.4
41629.4
41948.4
42279.8
42616.0
42935.4
43266.8
43603.0
43922.6
44253.8
44590.2
44921.0
