15228.6
15550.4
15873.2
15874.6
16196.4
16514.6
16832.6
17469.6
17788.8
17800.8
18109.0
18430.8
18753.4
19077.2
19401.0
20026.2
20345.8
20665.8
20675.4
20986.6
21308.6
21632.0
21955.4
22273.6
22899.0
23218.8
23229.4
23539.4
23861.4
24184.2
24508.2
24816.6
25469.8
25478.6
25839.8
26202.4
26610.2
26939.4
27273.2
27596.6
27920.4
28245.2
28571.2
28905.0
29236.4
29556.8
29878.8
30201.2
30524.0
30847.0
31165.4
31483.4
31802.0
32120.8
32440.4
32760.8
33082.0
33404.4
33727.4
34047.0
34364.6
34683.0
35001.6
35321.0
35641.0
35962.2
36284.4
36607.4
36930.2
37248.0
37566.4
37885.2
38204.2
38524.2
38844.8
39166.6
39489.6
39813.2
40136.4
40455.0
40773.6
41092.8
41412.2
41732.2
42053.0
42374.8
42697.4
43020.8
43344.0
43662.2
43980.0
44298.6
44617.4
44937.0
