15039.8
15360.6
15680.4
16001.0
16321.0
16641.6
16961.4
17282.0
17602.0
17922.4
18242.4
18562.8
18882.8
19203.2
19523.2
19843.6
20163.6
20484.0
20804.0
21124.4
21444.4
21764.8
22084.8
22405.0
22725.2
23045.4
23365.6
23685.8
24006.0
24326.2
24646.2
24966.4
25317.8
25677.0
26082.8
26694.2
27014.6
27337.0
27656.0
27978.2
28296.8
28617.6
28936.8
29258.4
29595.4
29914.2
30238.2
30558.8
30882.2
31221.2
31538.8
31864.0
32181.8
32506.4
32824.2
33148.2
33466.0
33789.8
34107.4
34431.0
34748.6
35072.0
35389.8
35712.8
36030.6
36353.6
36671.4
36994.2
37312.2
37634.8
37952.8
38275.4
38593.4
38916.0
39233.8
39556.4
39874.4
40197.0
40514.8
40837.4
41155.2
41477.8
41795.6
42118.2
42436.0
42758.6
43076.4
43399.0
43716.8
44039.2
44357.2
44679.6
44997.6
