15241.2
15571.2
15900.0
16227.0
16881.6
17209.8
17539.0
17869.4
18201.4
18535.0
18869.8
19184.8
19513.2
19841.0
20169.0
20497.6
20827.2
21158.2
21490.6
21923.2
22264.2
22607.4
22946.4
23284.6
23622.8
23949.6
24278.4
24608.6
24940.6
24957.4
25290.2
25955.0
25988.4
26365.2
26692.4
27021.4
27360.6
27687.4
28015.4
28345.2
28674.0
29017.0
29358.2
29686.8
30011.6
30337.4
30663.4
31001.4
31327.2
31653.6
31981.0
32309.6
32639.0
32963.6
33289.2
33615.2
33941.6
34280.4
34606.8
34934.4
35263.0
35592.8
35918.4
36244.6
36571.0
36897.8
37225.4
37564.8
37904.0
38231.4
38559.8
38889.2
39219.6
39547.6
39874.0
40201.2
40528.6
40856.6
41185.2
41854.0
42184.2
42525.0
42853.6
43183.6
43512.0
43837.4
44164.0
44490.8
44818.0
