15122.0
15124.8
15455.2
15787.2
16109.6
16441.2
16768.6
17096.0
17426.4
17754.2
18086.0
18733.2
19062.6
19392.6
19720.8
19727.2
20055.0
20702.2
21036.6
21365.4
21373.2
21693.4
22026.4
22353.8
22681.2
23012.6
23341.2
23667.6
23998.0
24325.2
24658.4
24976.4
25659.8
26036.4
26376.4
26716.8
27046.4
27376.2
27712.0
28040.0
28368.0
28699.4
29027.2
29360.8
29677.6
30006.6
30340.6
30667.6
30995.0
31327.0
31654.2
31981.4
32312.6
32640.0
32967.4
33297.6
33624.8
33959.2
34277.0
34606.0
34939.0
35258.0
35587.2
35919.8
36248.8
36577.0
36911.2
37238.8
37566.4
37898.6
38225.8
38553.0
38884.0
39211.2
39539.6
39869.6
40196.6
40531.0
40848.2
41177.0
41508.8
41838.2
42166.2
42500.2
42817.0
43146.0
43480.0
43797.6
44127.6
44462.6
44789.8
