15087.2
15408.0
15728.4
16049.8
16370.6
16692.0
17013.0
17334.2
17655.2
17976.6
18297.6
18619.0
18940.0
19261.6
19582.6
19903.6
20222.8
20859.8
20861.0
21180.0
21499.6
21819.0
22139.2
22459.2
22780.0
23100.6
23421.6
23742.6
24063.8
24384.8
24706.2
25042.8
25366.6
25722.6
26084.4
26523.0
26848.2
27184.0
27513.8
27844.8
28180.0
28498.0
28831.2
29165.8
29494.4
29827.6
30165.8
30484.2
30820.4
31140.4
31473.4
31810.8
32129.0
32456.0
32775.4
33110.8
33428.4
33752.0
34069.6
34394.0
34711.6
35036.4
35354.0
35678.8
35996.8
36321.4
36639.4
36962.0
37280.4
37599.0
37919.0
38237.0
38558.0
38876.2
39198.2
39516.4
39839.4
40157.6
40481.4
40799.2
41123.6
41441.0
41765.8
42083.2
42408.2
42725.8
43050.8
43368.6
43692.6
44010.6
44330.6
44650.0
44968.2
