15321.4
15647.0
16285.4
16289.8
16615.6
17262.6
17590.2
17913.8
18243.6
18558.6
18883.2
19213.8
19537.4
19543.8
19860.8
20189.4
20514.6
20842.2
21482.4
21490.0
21813.2
22142.6
22460.4
22789.2
23112.6
23441.0
24081.6
24410.6
24736.2
25063.4
25405.4
25731.4
26090.4
26425.6
26761.0
27084.2
27412.8
27738.4
28062.8
28392.0
28716.8
29047.0
29371.8
29702.8
30028.2
30353.4
30681.6
31006.2
31336.8
31661.8
31986.4
32314.2
32638.4
32968.8
33293.4
33617.2
33945.6
34269.2
34599.0
34924.0
35247.6
35576.6
35899.8
36226.6
36553.0
36877.0
37206.6
37520.4
37844.8
38174.6
38498.2
38822.0
39149.8
39473.6
39803.6
40118.2
40442.8
40773.0
41097.4
41420.8
41749.2
42072.2
42401.4
42716.8
43041.4
43371.2
43696.2
44019.8
44348.6
44672.0
44998.8
