15172.2
15495.0
15819.0
16144.4
16471.0
16793.6
17114.2
17435.8
17757.8
18080.4
18404.2
18729.2
18733.0
19055.0
19376.0
20017.4
20339.2
20661.8
20985.6
21310.8
21312.8
21636.2
21956.0
22597.6
22919.4
22930.4
23242.4
23566.8
23892.8
24523.2
24844.8
25176.8
25507.4
25829.6
26161.8
26495.2
26826.8
27149.0
27472.6
27797.6
28123.2
28449.2
28774.8
29095.8
29416.6
29737.8
30059.2
30381.2
30704.4
31028.8
31354.4
31675.2
31995.8
32317.0
32638.6
32961.2
33285.2
33610.4
33934.6
34254.4
34575.4
34896.6
35218.8
35542.0
35866.8
36192.8
36513.8
36834.6
37156.0
37477.8
37800.6
38124.6
38450.0
38776.2
39097.2
39418.6
39740.2
40062.4
40385.4
40709.8
41035.4
41362.0
41683.8
42004.8
42326.6
42648.6
42971.6
43295.6
43620.8
43946.8
44267.6
44588.2
44909.4
