15324.0
15652.0
15980.4
16312.4
16642.6
16972.0
17301.0
17629.8
17958.4
18287.0
18616.0
18943.8
19271.4
19599.4
19927.2
20255.0
20582.8
20910.6
21238.6
21566.8
21898.8
22229.0
22558.4
22887.4
23216.0
23544.4
23872.8
24201.4
24529.2
24856.6
25187.4
25517.4
25863.8
26197.6
26244.0
26618.2
26939.4
27267.2
27594.4
27921.4
28248.4
28575.4
28902.2
29229.0
29555.8
29882.8
30212.2
30542.2
30870.8
31199.2
31527.0
31854.8
32182.2
32509.4
32836.6
33163.8
33491.2
33818.6
34146.2
34473.8
34801.8
35129.6
35457.6
35785.6
36113.4
36442.0
36773.8
37103.4
37432.4
37761.0
38089.6
38419.0
38748.6
39078.2
39407.6
39737.2
40066.6
40396.0
40725.2
41054.6
41387.6
41718.4
42048.6
42378.6
42709.6
43040.4
43370.8
43701.0
44030.8
44360.6
44690.0
