15550.8
15555.2
15878.8
16208.8
16848.2
17175.8
17183.6
17505.0
17836.2
18161.4
18488.2
18815.8
19144.8
19475.8
20115.4
20443.6
20453.0
20773.6
21104.4
21745.0
22074.2
22405.6
22731.8
23058.2
23385.4
23395.2
23713.8
24044.2
24374.2
25019.4
25357.2
25698.2
26040.2
26364.0
26692.2
27018.4
27332.0
27650.8
27962.8
28289.8
28617.6
28946.4
29277.0
29588.6
29916.0
30243.8
30573.4
30904.8
31217.0
31544.8
31873.4
32204.2
32530.4
32856.0
33183.0
33511.4
33842.0
34171.2
34483.8
34812.0
35141.6
35472.8
35798.2
36125.0
36452.4
36781.4
37112.4
37424.6
37752.2
38080.6
38410.6
38742.0
39067.4
39394.6
39722.4
40051.8
40383.0
40695.2
41023.2
41351.8
41682.0
42013.4
42325.8
42654.0
42983.0
43314.2
43640.8
43967.0
44294.2
44622.8
44953.4
