15041.4
15369.6
15701.4
16029.4
16359.4
16688.0
17017.2
17345.8
17674.6
18003.0
18331.6
18988.0
19316.4
19644.6
19647.4
19977.2
20292.0
20620.6
20948.8
21277.8
21605.4
21938.4
22264.6
22582.6
22910.4
23243.0
23570.2
23902.2
24229.4
24559.8
24887.2
25226.6
25577.8
25960.4
26274.2
26938.8
27266.6
27596.6
27911.0
28241.2
28568.8
28897.8
29231.2
29545.8
29879.0
30194.2
30523.0
30851.4
31182.4
31509.6
31842.2
32169.4
32500.8
32828.0
33158.6
33485.6
33815.4
34142.8
34472.6
34800.4
35118.0
35446.0
35775.6
36103.0
36432.6
36760.4
37089.2
37418.4
37746.6
38079.8
38394.4
38724.4
39052.4
39385.2
39712.2
40044.2
40371.4
40702.2
41029.4
41359.4
41686.6
42016.0
42343.4
42673.0
43001.2
43330.0
43662.2
43977.4
44305.8
44634.4
44964.0
