15272.4
15592.2
15910.8
16232.6
16551.4
16874.8
17193.8
17514.0
17834.4
18152.8
18475.2
18794.0
19117.2
19436.6
19755.0
20076.4
20395.0
20718.0
21037.0
21356.4
21677.0
21995.4
22318.0
22636.6
22959.6
23279.0
23597.4
23919.2
24237.6
24561.0
24880.0
24885.0
25222.4
25550.2
25897.2
26294.2
26676.4
27014.8
27348.2
27666.4
27989.0
28308.6
28642.4
28978.0
29297.8
29632.6
29962.8
30283.0
30601.2
30924.4
31243.2
31562.4
31882.8
32201.2
32523.8
32842.4
33164.4
33484.0
33802.2
34124.2
34442.6
34765.8
35084.8
35403.4
35724.6
36043.0
36366.0
36684.8
37004.8
37325.2
37643.6
37966.0
38284.8
38608.2
38927.6
39246.2
39567.8
39886.6
40209.8
40529.0
40850.4
41170.6
41489.4
41811.8
42130.8
42454.6
42774.2
43093.8
43415.0
43734.0
44057.2
44376.4
44700.6
