15197.2
15517.0
15842.6
16163.4
16483.0
16803.4
17126.6
17766.2
17770.0
18091.0
18731.0
19056.8
19376.6
19696.8
20023.2
20343.2
20663.2
20669.6
20990.2
21310.0
21633.0
21957.0
22277.0
22597.6
22924.0
23244.2
23564.0
23890.4
24211.0
24530.6
24854.2
25186.0
25551.2
25941.8
26458.4
26807.2
27142.4
27476.2
27812.6
28145.0
28479.6
28818.0
29141.8
29477.6
29810.8
30151.4
30473.6
30810.0
31143.4
31477.0
31812.8
32148.4
32485.4
32818.0
33153.6
33474.8
33813.6
34134.2
34475.0
34795.6
35130.0
35454.6
35787.8
36115.2
36438.0
36772.0
37097.0
37429.8
37758.4
38090.2
38419.4
38741.2
39076.6
39410.8
39731.6
40061.4
40384.0
40717.0
41052.8
41373.8
41712.2
42032.8
42373.4
42693.8
43028.8
43352.8
43685.6
44013.0
44334.8
44671.8
44995.4
