15319.4
15652.6
15655.4
15985.4
16317.0
16647.8
16978.0
17307.8
17637.2
17966.6
18295.6
18624.2
18953.0
19282.0
19611.0
19939.8
20268.4
20597.4
20926.4
21255.4
21912.8
22241.4
22570.2
22898.6
23227.2
23555.8
23884.4
24213.0
24541.8
24871.4
24881.0
25221.6
25559.0
26210.4
26244.2
26618.6
26954.8
27283.4
27610.6
27938.0
28265.4
28592.6
28919.8
29247.2
29574.6
29902.4
30230.4
30559.2
30889.0
31221.6
31553.4
31884.6
32215.0
32545.0
32874.6
33204.0
33533.2
33862.2
34191.2
34520.2
34849.2
35178.0
35507.0
35836.0
36165.0
36494.2
36823.4
37152.6
37482.2
37811.6
38141.2
38471.0
38800.8
39130.8
39462.0
39796.6
40129.2
40460.8
40791.6
41121.8
41451.8
41781.6
42111.2
42440.6
42770.2
43099.6
43429.0
43758.6
44088.2
44417.8
44747.4
