15291.2
15614.8
15939.4
16268.6
16591.0
16917.2
17245.6
17568.6
17896.4
18219.0
18544.2
18874.2
19196.6
19523.4
19846.6
20171.0
20500.4
20822.8
21149.0
21474.2
21797.8
22126.4
22449.0
22774.6
23104.4
23427.2
23754.6
24077.6
24402.6
24732.0
25057.8
25392.8
25757.4
26124.6
26466.2
26789.4
27116.0
27441.2
27766.4
28095.4
28419.0
28744.2
29072.6
29395.8
29721.2
30059.8
30382.2
30707.0
31037.0
31360.0
31697.6
32026.8
32349.6
32676.0
33006.0
33329.2
33657.2
33980.8
34306.4
34636.6
34959.8
35286.6
35617.4
35941.0
36269.0
36593.4
36919.0
37249.0
37572.6
37899.4
38230.6
38554.0
38881.4
39206.8
39531.4
39860.6
40183.6
40509.6
40840.2
41163.0
41490.0
41813.2
42138.0
42467.4
42790.0
43116.2
43442.4
43766.0
44094.2
44416.8
44742.4
