15041.0
15360.4
15681.0
16001.0
16321.4
16644.0
16963.4
17288.2
17607.2
17931.0
18250.0
18573.0
18891.8
19214.2
19533.0
19854.8
20173.8
20495.2
20814.2
21135.2
21454.4
21775.2
22094.6
22415.0
22735.4
23055.4
23379.2
23698.4
24023.0
24342.0
24665.6
24984.6
25318.2
25638.6
26018.8
26387.0
26717.0
27049.4
27368.2
27688.8
28009.0
28329.0
28653.8
28975.6
29312.2
29646.4
29982.6
30300.6
30624.4
30942.8
31265.8
31584.2
31906.6
32225.0
32547.0
32865.4
33187.0
33505.4
33826.6
34145.0
34466.0
34784.6
35105.4
35424.0
35744.6
36063.2
36383.8
36702.6
37023.0
37342.2
37662.4
37982.0
38302.0
38623.2
38942.4
39266.6
39585.2
39909.2
40227.6
40550.8
40869.2
41191.6
41510.0
41832.0
42150.4
42471.8
42790.4
43111.6
43430.0
43751.0
44069.6
44390.4
44709.0
