15540.0
15869.6
15879.6
16200.2
16532.0
16865.6
17508.4
17837.6
17847.8
18167.8
18499.2
18832.4
19475.0
19803.4
19814.8
20133.2
20464.4
20797.4
21440.4
21768.4
22098.4
22114.2
22429.8
22763.2
23077.8
23734.2
24063.8
24073.2
24394.8
24727.6
25377.0
25710.6
26052.0
26086.8
26444.8
26783.8
27439.4
27768.8
28099.0
28430.0
28761.8
29094.4
29428.0
29762.4
30097.4
30412.6
30742.4
31072.6
31403.8
31736.2
32069.8
32404.2
32733.4
33060.8
33389.2
33718.2
34048.4
34379.8
34712.6
35046.6
35360.2
35689.0
36018.2
36348.6
36680.4
37013.8
37345.4
37659.0
37988.4
38318.2
38649.2
38982.0
39297.2
39626.0
39954.0
40283.4
40614.2
40946.8
41280.6
41593.6
41922.6
42252.0
42582.2
42914.2
43247.6
43562.4
43890.6
44219.2
44549.0
44880.4
