15150.6
15479.0
15814.0
16129.2
16464.6
16791.8
17123.0
17451.2
17780.2
18114.0
18429.6
18765.6
19081.6
19417.0
19743.8
20075.0
20403.8
20732.6
21067.4
21383.2
21718.8
22045.8
22377.0
22705.2
23034.2
23368.0
23684.2
24020.2
24347.2
24678.8
24682.2
25041.8
25388.0
25724.2
26065.6
26415.2
27061.2
27390.4
27717.8
28045.2
28373.4
28700.6
29028.6
29355.6
29683.8
30011.0
30338.6
30670.2
30985.4
31318.2
31645.0
31974.8
32302.2
32630.6
32957.8
33286.0
33617.8
33944.8
34274.6
34601.6
34930.0
35257.0
35585.0
35912.4
36240.0
36571.4
36898.0
37227.8
37555.0
37883.4
38210.4
38538.2
38867.2
39194.4
39525.4
39852.2
40181.4
40508.8
40836.8
41164.0
41492.0
41823.6
42150.4
42480.6
42808.0
43136.4
43463.8
43791.4
44119.2
44446.6
44777.8
