15096.2
15422.2
15748.0
16073.8
16715.8
17039.6
17368.2
17691.6
18019.4
18342.6
18350.0
18670.0
18993.2
19320.4
19643.0
19969.6
20293.0
20619.6
20942.8
21269.4
21592.6
21919.2
22242.8
22569.2
22894.0
23219.0
23544.0
23869.0
24197.8
24835.4
25170.6
25188.8
25515.2
25887.4
26499.6
26845.2
27171.4
27495.0
27811.4
28135.0
28462.6
28792.2
29116.8
29445.0
29769.0
30096.4
30420.6
30747.6
31074.8
31400.6
31730.8
32055.6
32385.0
32709.4
33037.8
33361.6
33689.6
34013.4
34340.6
34664.4
34991.2
35315.4
35641.6
35967.4
36293.0
36622.0
36946.4
37275.6
37599.2
37927.6
38251.0
38578.8
38902.4
39229.8
39553.2
39880.4
40203.8
40530.8
40854.2
41180.4
41503.2
41829.6
42153.4
42479.8
42804.0
43129.8
43457.2
43772.8
44096.4
44422.2
44745.4
