15101.8
15423.6
15742.6
16064.4
16383.4
17023.8
17342.2
17662.4
17981.2
18299.0
18619.2
18936.4
19257.4
19574.8
19896.6
20214.2
20536.8
20854.4
21177.6
21495.2
21818.6
22136.4
22460.0
22777.8
23101.2
23419.0
23742.6
24060.8
24384.6
24703.0
25053.8
25398.6
25742.0
26063.4
26416.8
26744.4
27159.2
27500.2
27839.4
28177.2
28506.6
28838.2
29172.0
29500.0
29829.6
30161.6
30479.2
30802.4
31121.2
31444.0
31762.6
32085.6
32404.2
32727.4
33046.0
33369.4
33688.0
34011.6
34330.2
34653.8
34972.6
35296.2
35615.0
35938.6
36257.2
36580.8
36899.2
37222.6
37540.6
37864.2
38181.8
38505.2
38822.6
39145.8
39463.2
39786.4
40103.8
40427.0
40744.4
41066.0
41383.8
41702.0
42021.4
42338.6
42659.2
42976.4
43298.0
43615.2
43937.6
44255.0
44577.8
44895.2
