15102.2
15431.8
15763.2
16084.0
16408.4
16739.4
17056.0
17389.4
17707.2
18035.6
18356.6
18686.6
19339.2
19657.0
19986.8
20318.8
20648.0
20965.0
21296.6
21625.0
21630.0
21948.4
22595.8
22607.2
22929.2
23258.8
23576.6
23908.2
24235.8
24553.0
24885.0
25249.4
25579.4
25923.6
26273.0
26601.2
26928.6
27258.0
27580.2
27911.2
28247.4
28575.2
28909.8
29226.6
29558.0
29890.0
30219.2
30551.6
30868.6
31199.4
31531.6
31859.6
32192.2
32509.2
32838.4
33169.4
33486.6
33817.4
34147.0
34464.0
34800.4
35117.0
35445.8
35768.8
36087.0
36417.2
36750.0
37078.2
37414.0
37730.6
38059.6
38392.4
38709.0
39037.6
39369.0
39685.4
40015.0
40345.4
40661.8
40996.8
41313.4
41631.0
41966.8
42284.8
42614.6
42947.6
43265.0
43594.6
43925.6
44254.8
44573.8
44904.4
