15239.8
15585.6
15909.8
16567.0
16569.2
16908.4
17254.4
17912.0
18237.6
18579.6
18924.4
19248.2
19592.0
19932.6
20258.8
20262.6
20588.8
21260.0
21597.8
21925.4
22253.0
22581.2
22589.8
22927.8
23585.0
23593.0
23924.2
24262.6
24599.4
24928.6
25271.8
25615.2
26022.4
26676.0
27016.4
27360.0
27684.2
28014.8
28357.2
28693.6
29034.2
29361.0
29688.4
30035.4
30359.8
30701.8
31044.2
31369.4
31704.8
32029.2
32371.8
32712.8
33038.6
33370.4
33696.0
34039.8
34378.6
34717.0
35061.4
35386.2
35716.4
36041.8
36382.2
36728.4
37052.8
37384.6
37709.8
38051.0
38397.2
38720.8
39054.2
39379.0
39720.6
40063.2
40387.8
40722.4
41047.0
41389.4
41730.2
42055.6
42386.0
42711.8
43055.8
43380.2
43711.0
44036.4
44377.0
44722.6
