15237.4
15555.8
15874.0
16192.6
16512.6
16834.0
17154.2
17474.0
17793.2
18112.2
18431.0
18749.4
19067.8
19067.8
19386.0
19704.2
20022.2
20340.2
20658.2
20976.0
21293.8
21611.4
21929.0
22246.8
22564.4
22882.0
23199.4
23517.0
23834.6
24152.2
24469.6
24787.0
25140.8
25462.4
26107.2
26140.6
26518.6
26833.2
27166.4
27495.2
27823.4
28151.4
28484.4
28803.4
29122.8
29453.2
29781.0
30109.0
30426.0
30755.6
31084.0
31416.0
31735.0
32054.6
32375.6
32705.6
33035.6
33353.0
33670.6
33988.4
34306.4
34624.8
34955.2
35272.4
35589.8
35907.4
36225.4
36543.4
36861.4
37179.4
37497.6
37815.6
38133.8
38452.0
38770.4
39089.6
39410.8
39731.6
40051.4
40371.0
40690.0
41009.0
41327.6
41646.0
41964.4
42282.6
42600.8
42918.8
43236.8
43554.8
43872.6
44190.4
44508.2
44825.8
