15123.2
15449.0
15780.0
16107.6
16434.4
16760.2
17091.8
17409.4
18055.6
18382.4
18382.4
18715.0
19042.6
19369.0
19695.2
20022.6
20352.4
20679.4
21005.8
21331.8
21662.6
21980.0
22297.8
22625.6
22952.2
23284.4
23612.0
23938.4
24264.4
24592.4
24921.8
25267.4
25609.8
25941.8
26295.6
26643.4
27291.2
27609.2
27927.0
28254.4
28580.4
28912.2
29238.8
29565.0
29891.0
30222.4
30540.0
30857.6
31185.0
31511.2
31841.6
32169.4
32496.0
32822.2
33148.6
33479.2
33807.2
34134.2
34460.8
34792.0
35109.8
35427.2
35754.8
36081.2
36413.4
36740.8
37067.4
37393.6
37722.6
38052.2
38380.8
38708.2
39039.4
39358.4
39676.4
40004.8
40331.6
40658.0
40989.0
41316.2
41642.8
41969.0
42301.0
42628.0
42954.2
43280.4
43612.6
43930.2
44248.2
44576.2
44902.8
