15259.6
15591.6
15927.8
16582.4
16914.4
17250.8
17583.4
17914.4
17922.6
18245.2
18582.6
18914.0
19244.6
19574.6
19911.0
20231.0
20893.6
20897.6
21231.2
21563.0
22225.0
22227.4
22561.0
22891.8
23224.2
23552.2
23888.0
24207.8
24869.8
24876.0
25223.8
25577.2
26315.8
26654.0
26984.8
27315.8
27653.0
27984.8
28315.6
28652.0
28973.4
29305.4
29636.8
29973.2
30304.4
30636.6
30974.8
31307.2
31639.2
31970.2
32307.4
32638.8
32969.8
33300.0
33636.0
33967.4
34298.6
34631.8
34965.8
35296.6
35627.4
35964.8
36286.4
36618.0
36948.8
37281.8
37615.8
37947.2
38278.2
38615.8
38936.8
39268.6
39600.0
39937.4
40259.8
40592.0
40922.8
41255.8
41589.8
41920.8
42251.8
42589.4
42911.0
43242.8
43574.2
43912.0
44244.2
44575.0
44905.6
