15270.8
15584.8
16236.2
16562.2
16887.0
17213.8
17538.6
17866.0
18190.2
18517.8
18842.4
18845.6
19171.2
19499.0
19824.6
20152.6
20479.4
21123.4
21448.4
21461.6
21780.0
22419.0
22746.6
23071.6
23399.6
23724.0
24052.0
24376.4
24705.6
25031.4
25373.8
25403.4
25729.0
26238.2
26578.0
26917.4
27249.8
27574.6
27906.6
28231.0
28560.6
28884.6
29212.4
29536.2
29863.4
30187.6
30515.0
30851.6
31177.4
31501.4
31828.6
32152.8
32480.6
32805.0
33133.8
33458.4
33787.8
34112.4
34452.0
34776.6
35104.6
35429.4
35758.0
36083.2
36412.4
36737.8
37067.2
37393.0
37722.8
38048.8
38378.6
38704.8
39034.8
39361.4
39691.2
40017.8
40347.6
40673.8
41003.4
41329.4
41658.8
41984.6
42314.0
42639.4
42968.6
43294.2
43623.4
43949.0
44278.4
44603.2
44931.6
