15010.6
15328.8
15647.0
15969.8
16288.6
16606.8
16925.0
17247.6
17566.4
17884.8
18203.2
18525.8
18844.6
19163.2
19482.0
19804.2
20123.0
20441.8
20761.0
21082.8
21401.6
21720.4
22040.4
22361.6
22680.2
22998.8
23320.0
23640.4
23958.8
24277.0
24599.8
24919.4
25242.0
25562.0
25908.6
25934.0
26304.2
26637.2
26969.2
27287.4
27605.4
27926.0
28245.6
28564.6
28901.4
29232.4
29568.6
29887.6
30218.4
30541.2
30859.6
31177.4
31495.0
31818.2
32136.8
32454.6
32772.2
33095.2
33413.8
33731.6
34049.4
34372.4
34691.2
35009.0
35326.6
35649.8
35968.6
36286.6
36604.2
36927.6
37246.4
37564.4
37882.2
38205.6
38524.4
38842.4
39160.2
39483.6
39802.4
40120.6
40438.4
40761.8
41080.6
41398.8
41716.8
42040.0
42358.8
42677.0
42995.2
43318.2
43637.0
43955.2
44273.4
44596.4
44915.2
