15115.4
15443.2
15766.2
16091.0
16417.4
16745.4
17068.6
17394.2
17721.8
18044.8
18369.0
18695.0
19022.2
19345.2
19669.8
19996.0
20324.6
20647.8
20973.2
21300.0
21623.2
21947.4
22273.0
22599.8
22923.0
23247.8
23573.4
23902.0
24225.2
24550.6
24877.6
24878.0
25222.6
25565.4
25920.6
26278.6
26612.4
27262.6
27590.8
27921.6
28246.0
28571.6
28899.2
29230.6
29556.2
29880.6
30207.2
30538.0
30864.0
31188.8
31515.6
31846.8
32173.4
32498.4
32825.6
33156.6
33484.0
33809.2
34136.2
34466.6
34794.2
35118.8
35445.4
35775.4
36102.8
36427.4
36754.0
37084.0
37411.8
37724.2
38052.4
38384.6
38695.2
39021.8
39351.6
39678.2
40002.4
40328.8
40659.0
40985.6
41310.6
41637.6
41968.0
42296.4
42608.6
42937.2
43269.6
43580.0
43907.0
44236.6
44563.4
44888.2
