15110.8
15427.4
15750.2
16066.8
16389.6
16706.2
17029.2
17345.8
17668.8
17985.6
18308.6
18625.4
18948.4
19265.2
19588.2
19905.2
20228.2
20545.2
20868.2
21185.2
21508.2
21825.2
22148.2
22465.4
22788.4
23105.6
23428.4
23745.6
24068.6
24385.8
24708.6
25027.8
25363.2
25725.6
25757.8
26093.0
26482.6
26816.6
27135.4
27454.8
27786.2
28119.4
28435.8
28757.4
29089.2
29418.4
29750.4
30084.4
30402.4
30736.8
31065.4
31385.2
31704.0
32036.2
32357.6
32676.4
33002.4
33320.0
33645.4
33962.6
34286.8
34603.8
34927.4
35244.2
35567.6
35884.2
36207.4
36524.0
36847.0
37163.6
37486.6
37803.2
38126.2
38442.8
38765.8
39082.4
39405.6
39722.2
40045.2
40361.8
40685.0
41001.8
41324.8
41641.6
41964.6
42281.6
42604.6
42921.6
43244.6
43561.6
43884.6
44201.8
44524.8
44841.8
