15217.8
15536.0
15866.2
16199.4
16529.0
16533.8
16865.2
17183.4
17514.8
17847.8
18496.4
18497.2
18828.6
19161.0
19493.2
19811.0
20141.8
20474.8
20791.6
21121.6
21443.0
21767.4
22090.4
22423.6
22740.4
23066.8
23392.2
24027.4
24034.4
24361.8
25010.2
25022.4
25351.8
26022.0
26411.4
26750.6
27078.6
27411.2
27740.0
28075.0
28391.8
28722.2
29053.0
29381.0
29714.4
30031.0
30360.8
30693.0
31021.8
31356.4
31674.0
32004.4
32338.6
32656.4
32986.6
33319.0
33636.0
33953.8
34287.6
34604.4
34921.8
35256.6
35573.6
35891.0
36220.8
36540.2
36856.6
37173.6
37509.4
37826.6
38143.2
38459.8
38782.6
39100.8
39430.2
39747.6
40067.6
40385.8
40714.8
41046.6
41362.8
41679.0
42013.0
42329.6
42646.4
42981.6
43298.4
43615.2
43932.0
44254.4
44572.2
44902.2
