15093.8
15417.8
15746.4
16068.4
16394.2
16717.2
17041.2
17369.8
17692.0
18017.8
18341.0
18665.2
18993.8
19316.0
19641.8
19965.4
20289.6
20618.0
20940.4
21265.4
21589.4
21913.4
22242.0
22564.8
22891.0
23218.8
23530.6
23861.2
24184.0
24510.4
24834.2
25504.8
25870.6
26207.4
26535.8
26859.4
27184.2
27509.0
27832.8
28160.2
28483.6
28807.0
29135.4
29458.2
29783.4
30113.2
30435.6
30761.6
31085.4
31409.4
31738.0
32060.2
32386.0
32709.4
33033.2
33361.6
33683.6
34009.0
34332.0
34655.8
34984.2
35306.0
35631.4
35954.2
36277.8
36606.4
36928.2
37253.6
37576.2
37900.0
38228.8
38550.4
38876.2
39198.8
39522.6
39851.4
40173.2
40499.2
40821.8
41145.8
41474.6
41796.4
42122.4
42445.4
42769.4
43098.2
43420.2
43746.2
44069.6
44393.8
44722.4
