15129.8
15456.0
15781.6
16107.8
16433.6
16759.6
17085.4
17411.4
17737.2
18063.4
18389.2
18715.0
19040.8
19367.0
19692.8
20018.8
20344.6
20670.6
20996.4
21322.4
21648.4
21974.4
22300.2
22626.2
22952.2
23278.2
23604.4
23932.2
24373.2
25065.4
25087.8
25419.8
25783.0
26208.2
26546.8
26884.8
27224.4
27558.8
27885.4
28210.6
28547.0
28886.0
29209.6
29546.8
29887.4
30209.8
30539.2
30863.4
31201.8
31544.0
31866.6
32198.2
32522.4
32862.6
33186.4
33515.4
33858.8
34181.6
34512.8
34835.4
35166.2
35488.6
35819.0
36141.6
36471.4
36794.0
37123.8
37446.4
37775.8
38098.6
38428.0
38750.6
39080.0
39402.6
39731.8
40054.8
40383.8
40706.6
41035.6
41358.6
41687.4
42010.6
42339.4
42662.6
42991.2
43314.4
43643.0
43966.4
44294.8
44618.2
44946.8
