15185.0
15508.8
15839.2
16163.4
16494.8
17136.2
17465.8
17466.6
17798.2
18439.4
18770.6
19097.6
19421.8
19749.4
19763.8
20079.6
20406.2
21058.6
21388.6
21388.6
21716.2
22367.8
22377.4
22697.2
23025.6
23349.8
23676.4
24005.8
24335.6
24659.4
24986.0
25328.2
25671.0
26020.8
26673.2
26993.6
27310.2
27634.8
27949.8
28268.2
28591.0
28903.4
29221.0
29537.4
29852.0
30180.2
30497.6
30821.8
31148.6
31478.2
31805.2
32129.8
32448.6
32781.4
33095.4
33424.0
33753.8
34086.4
34410.4
34737.2
35065.6
35397.8
35722.0
36047.2
36375.4
36706.8
37020.2
37348.4
37678.0
38009.6
38333.4
38660.0
38988.8
39320.8
39634.4
39963.0
40293.2
40622.8
40945.6
41272.8
41602.6
41933.6
42247.2
42576.0
42907.0
43233.4
43558.0
43885.4
44216.0
44542.4
44868.0
