15203.8
15535.8
15851.0
16168.6
16170.8
16498.4
17128.0
17134.2
17458.2
18088.4
18097.2
18417.6
19048.6
19060.4
19377.2
20008.8
20337.2
20652.0
20969.4
20975.6
21297.6
21628.6
21943.0
22258.6
22893.2
22905.2
23221.0
23550.8
23867.6
24193.0
24509.4
25154.0
25489.2
25817.0
25872.8
26201.8
26602.4
26926.0
27254.2
27584.6
27910.4
28237.4
28565.6
28894.4
29224.4
29550.6
29878.8
30206.4
30535.0
30860.8
31189.4
31507.0
31837.4
32151.0
32469.0
32798.6
33125.4
33442.8
33771.8
34102.0
34415.8
34733.6
35063.6
35391.0
35706.6
36035.0
36349.2
36666.4
36995.2
37324.2
37637.8
37955.0
38284.2
38598.6
38916.0
39244.6
39559.8
39877.2
40205.4
40521.6
40849.4
41165.6
41480.8
41796.6
42125.2
42439.4
42756.0
43084.2
43399.4
43716.2
44044.0
44374.2
44688.8
