15002.4
15327.8
15645.6
15965.4
16287.0
16612.0
16930.6
17250.6
17571.8
17896.2
18216.0
18535.8
18857.0
19180.8
19503.4
19822.0
20142.8
20465.8
20791.6
21109.6
21429.8
21751.8
22077.2
22395.4
22715.6
23037.0
23361.8
23681.6
24001.6
24323.0
24647.0
24971.2
24990.6
25326.4
25669.4
26050.4
26759.4
27092.6
27418.6
27736.4
28056.8
28380.6
28716.4
29049.2
29383.0
29717.0
30041.4
30362.0
30681.2
31001.8
31325.2
31649.8
31967.6
32288.0
32610.4
32936.0
33253.4
33573.4
33895.2
34220.6
34538.2
34858.0
35179.4
35504.2
35822.6
36142.6
36463.8
36788.2
37107.6
37427.4
37748.4
38072.4
38393.2
38712.2
39033.0
39356.4
39681.2
39999.0
40319.2
40641.6
40967.2
41284.8
41604.8
41926.4
42251.6
42569.4
42889.2
43210.6
43535.4
43854.2
44174.2
44495.4
44819.6
