15142.8
15782.4
16112.6
16435.2
16754.4
17084.4
17087.8
17417.0
17749.4
18079.4
18398.2
18722.2
19048.8
19378.8
19707.6
20349.0
20351.2
20678.6
21012.2
21330.6
21657.0
21984.6
22314.2
22643.4
22965.6
23289.0
23614.4
23946.8
24275.6
24609.4
24928.2
25262.8
25600.0
26265.6
26292.2
26620.6
26959.2
27620.4
27939.2
28269.2
28603.0
28932.2
29261.0
29592.8
29921.6
30252.2
30572.6
30891.8
31221.6
31554.4
31883.4
32212.4
32544.0
32862.8
33181.6
33515.8
33844.8
34174.4
34506.0
34835.4
35168.6
35487.2
35806.6
36142.0
36471.0
36799.8
37131.4
37449.4
37767.6
38102.2
38431.2
38761.0
39082.0
39401.0
39720.4
40055.6
40384.4
40713.2
41044.4
41362.6
41681.0
42015.0
42344.4
42676.2
42995.6
43315.0
43645.2
43976.2
44294.2
44613.0
44947.2
