15564.6
15890.2
16218.0
16220.2
16548.2
17185.2
17511.0
17523.2
17838.8
18168.6
18806.0
19131.6
19145.4
19459.4
19789.2
20426.8
20752.4
20766.4
21080.2
21410.0
22047.8
22373.4
22388.0
22701.0
23030.8
23355.0
24004.2
24009.0
24330.8
24650.4
25295.4
25627.6
25954.4
26307.4
26342.4
26725.6
27068.2
27403.8
27731.0
28060.0
28387.4
28710.8
29035.8
29361.4
29687.4
30014.8
30343.6
30665.6
30989.0
31313.8
31640.0
31968.2
32296.2
32617.8
32941.8
33267.0
33593.8
33922.6
34244.8
34568.2
34892.8
35218.8
35546.8
35875.4
36197.2
36521.4
36846.6
37173.2
37502.0
37826.0
38149.2
38473.8
38799.6
39127.4
39457.2
39779.8
40104.2
40429.4
40755.8
41084.2
41414.6
41738.0
42063.2
42388.6
42715.2
43043.8
43374.2
43697.8
44022.4
44347.6
44674.0
