15151.8
15160.6
15480.6
15815.0
16463.0
16798.4
17128.6
17133.2
17457.4
17791.6
18121.0
18450.0
18783.0
19430.0
19764.6
20094.2
20102.6
20422.8
20756.4
21085.6
21414.8
21747.2
22078.6
22406.8
22738.6
23385.0
23719.0
24048.4
24056.0
24377.2
24710.0
25057.4
25397.0
25745.8
26098.2
26754.2
27070.8
27387.2
27704.0
28037.8
28354.8
28683.2
28998.8
29331.4
29659.6
29993.8
30312.4
30641.4
30970.2
31302.0
31629.8
31958.2
32290.2
32618.4
32947.0
33278.8
33607.0
33936.0
34267.2
34595.2
34925.0
35246.0
35575.6
35903.8
36237.0
36565.2
36893.0
37226.0
37554.6
37882.6
38215.2
38543.4
38859.0
39194.2
39523.2
39851.6
40185.6
40503.4
40832.4
41165.4
41495.4
41823.6
42158.0
42486.8
42815.2
43149.2
43467.0
43796.2
44129.4
44459.2
44787.4
