15031.8
15361.6
15691.6
16021.8
16352.6
16681.2
17011.6
17341.4
17671.8
18001.4
18331.8
18662.0
18992.6
19323.2
19654.4
19974.6
20305.4
20638.2
21284.0
21285.6
21615.2
21945.8
22275.2
22606.2
22934.6
23265.2
23594.6
23925.4
24254.6
24585.2
24915.4
25260.6
25594.4
26261.8
26613.2
26950.6
27281.6
27608.2
27941.2
28267.6
28599.4
28926.4
29257.2
29585.2
29915.8
30244.0
30575.0
30903.8
31235.4
31564.6
31896.8
32226.4
32559.0
32889.0
33221.8
33552.0
33884.8
34215.0
34547.6
34877.6
35210.2
35539.6
35872.0
36201.2
36533.4
36862.6
37194.8
37523.4
37855.0
38183.2
38515.8
38843.8
39176.2
39503.4
39836.8
40164.2
40498.0
40825.4
41159.4
41475.0
41810.4
42138.8
42473.8
42790.8
43119.8
43451.2
43780.2
44111.6
44439.4
44770.8
