15051.4
15364.2
15686.6
16007.4
16327.6
16647.6
16976.0
17299.6
17621.2
17942.2
18262.6
18587.4
18911.2
19232.6
19553.6
19874.4
20195.0
20197.0
20520.8
21157.4
21479.2
21799.6
22119.8
22446.6
22769.4
22769.6
23090.4
23731.2
24051.2
24058.4
24376.6
24689.4
25019.0
25659.2
25995.8
26333.6
26674.6
27010.8
27336.4
27659.6
27982.0
28303.2
28625.4
28951.2
29272.2
29593.0
29913.4
30233.8
30560.0
30882.2
31203.6
31524.4
31845.2
32167.0
32492.6
32805.6
33128.4
33449.8
33770.4
34091.4
34417.8
34739.6
35060.6
35381.4
35701.8
36023.6
36348.6
36670.2
36991.2
37312.4
37633.2
37959.4
38272.2
38586.4
38909.8
39231.4
39550.8
39870.6
40196.2
40510.0
40833.6
41155.4
41476.0
41796.2
42120.6
42444.2
42765.0
43086.0
43407.0
43727.4
44053.6
44366.6
44690.6
