15304.4
15625.8
15945.0
16266.6
16585.6
16907.0
17226.2
17547.4
17866.4
18187.8
18506.8
18827.8
19146.8
19468.0
19787.0
20108.0
20427.0
20748.2
21067.0
21388.2
21707.2
22028.2
22347.2
22668.4
22987.2
23308.4
23627.2
23948.4
24267.4
24588.6
24907.6
25237.2
25588.0
25632.4
25977.8
26374.2
26712.0
27049.4
27367.6
27691.8
28010.2
28334.0
28653.4
28986.2
29321.4
29653.4
29973.2
30309.2
30626.8
30949.4
31267.4
31590.2
31908.2
32231.6
32550.6
32873.6
33192.6
33515.4
33834.6
34157.2
34476.6
34798.8
35118.4
35440.4
35760.2
36082.2
36401.8
36723.6
37043.4
37365.2
37685.0
38006.6
38326.4
38648.0
38968.0
39289.2
39609.4
39930.6
40251.0
40572.0
40892.6
41213.4
41535.0
41855.4
42179.6
42499.2
42824.6
43143.6
43468.2
43786.8
44110.8
44429.2
44752.6
