15123.0
15439.6
15759.6
16072.6
16394.6
16708.8
17026.2
17345.4
17659.6
17981.8
18612.2
18615.4
18932.4
19563.2
19569.0
19882.6
20204.8
20835.4
20836.4
21156.4
21786.8
21793.6
22107.6
22439.2
22751.8
23067.2
23386.0
23698.4
24014.4
24333.4
24647.4
25292.6
25629.2
25954.6
26279.8
26655.2
26993.0
27323.4
27651.6
27980.6
28310.4
28641.2
28973.4
29287.4
29615.8
29943.2
30271.2
30598.8
30928.8
31261.6
31575.4
31894.2
32223.0
32546.2
32860.6
33179.2
33508.0
33828.6
34141.4
34458.0
34777.8
35091.0
35407.8
35727.2
36045.8
36360.2
36678.4
37000.4
37313.6
37630.8
37952.2
38268.2
38584.2
38902.8
39225.2
39538.0
39855.2
40175.6
40488.8
40805.6
41125.4
41442.0
41757.6
42076.2
42407.6
42721.6
43036.4
43354.2
43671.2
43985.2
44302.8
44624.4
44937.2
