15293.2
15610.8
15946.4
16275.8
16607.8
16939.0
17269.0
17603.0
17932.4
18263.4
18599.0
18916.4
19251.8
19581.2
19913.0
20244.6
20574.4
20908.4
21238.0
21569.0
21904.4
22233.6
22566.2
22895.4
23226.0
23561.2
23878.0
24212.8
24542.2
24873.6
25226.6
25556.6
25957.2
26299.8
26640.0
26970.8
27305.0
27635.2
27967.4
28302.0
28630.4
28960.8
29295.6
29624.6
29956.0
30291.4
30608.0
30943.2
31272.4
31603.8
31934.4
32264.4
32598.6
32927.8
33259.4
33593.8
33910.8
34246.6
34575.8
34907.8
35237.2
35567.2
35902.0
36218.4
36552.8
36882.2
37213.2
37548.8
37865.8
38201.4
38530.8
38862.6
39196.6
39526.2
39859.8
40189.0
40520.2
40855.6
41172.4
41507.6
41836.8
42168.4
42503.2
42820.8
43156.6
43486.2
43818.4
44149.6
44479.8
44814.0
