15158.4
15794.6
15808.4
16123.0
16448.4
17095.8
17097.0
17424.0
17747.2
18394.6
18394.8
18723.4
19046.0
19373.4
19695.6
20024.6
20660.8
20664.2
20989.0
21314.0
21960.6
21962.8
22289.0
22611.2
23259.8
23260.6
23588.8
23910.6
24239.4
24559.8
24889.2
25244.4
25591.8
25997.0
26437.6
26758.8
27088.0
27425.6
27754.8
28076.2
28400.2
28726.0
29053.8
29382.2
29703.2
30027.4
30353.8
30683.2
31004.4
31328.8
31655.4
31984.6
32306.4
32630.8
32957.8
33287.0
33609.4
33934.2
34261.0
34590.8
34913.6
35238.6
35565.2
35895.2
36218.0
36543.0
36869.4
37199.2
37522.0
37846.8
38173.2
38502.8
38826.2
39150.4
39476.4
39805.6
40128.8
40452.4
40778.0
41106.8
41430.0
41752.6
42078.4
42407.4
42729.4
43053.6
43379.4
43708.6
44019.0
44345.0
44673.2
44998.4
