15039.2
15364.4
15697.0
16022.0
16347.0
16675.2
17000.0
17331.0
17655.4
17981.2
18308.0
18632.6
18962.8
19286.8
19614.4
19940.0
20264.8
20594.4
20918.2
21248.4
21573.4
21579.0
21898.4
22227.2
22550.8
22881.4
23195.0
23520.4
23850.6
24175.2
24500.6
24827.8
25165.4
25499.0
26182.0
26518.4
26854.8
27178.6
27509.2
27833.0
28164.2
28488.6
28821.4
29148.2
29489.6
29824.6
30153.6
30477.2
30807.4
31131.8
31456.0
31784.8
32108.4
32438.6
32763.2
33087.6
33416.2
33739.8
34070.8
34395.4
34719.6
35048.0
35371.8
35703.2
36027.6
36352.2
36680.2
37004.2
37335.4
37659.8
37984.6
38312.4
38636.6
38967.6
39292.0
39617.8
39945.0
40269.8
40600.2
40924.8
41255.6
41581.4
41906.6
42235.8
42560.6
42892.8
43218.0
43544.2
43872.0
44197.6
44528.4
44853.4
