15290.8
15612.8
15932.2
16253.6
16573.4
16894.4
17215.8
17536.2
17861.2
18180.8
18504.8
18824.4
19147.2
19466.8
19788.8
20108.4
20430.0
20750.0
21071.0
21394.0
21714.2
22039.2
22359.0
22682.8
23002.6
23325.2
23645.0
23966.8
24286.8
24608.2
24929.6
25255.2
25599.4
25948.2
26280.8
26673.4
27004.4
27338.2
27673.8
27993.0
28314.8
28651.4
28984.8
29317.2
29651.0
29987.0
30319.2
30639.2
30959.0
31279.0
31601.4
31920.6
32245.0
32564.0
32887.4
33206.4
33528.8
33848.0
34169.8
34488.8
34810.2
35129.6
35450.6
35770.2
36090.8
36411.6
36731.6
37056.2
37375.2
37699.0
38018.2
38341.0
38660.2
38982.2
39301.6
39623.2
39942.6
40263.6
40583.6
40904.4
41227.0
41546.6
41871.4
42190.6
42514.2
42833.8
43156.4
43476.0
43798.0
44117.8
44439.2
44759.6
