15112.6
15446.8
15781.8
16117.2
16453.2
17104.8
17436.2
17767.8
18099.0
18430.6
18763.0
18768.6
19095.8
19429.0
19762.6
20096.8
20431.2
20766.2
21101.8
21437.8
21757.2
22421.8
22753.4
23085.0
23416.4
23748.2
23752.6
24080.8
24413.8
24747.4
25089.6
25429.2
25787.4
26155.0
26524.0
26852.6
27184.2
27515.0
27846.0
28177.0
28508.2
28839.6
29171.4
29503.4
29836.4
30169.8
30504.2
30839.0
31171.8
31502.2
31833.0
32163.6
32494.4
32825.4
33157.2
33490.2
33822.0
34153.2
34485.4
34818.4
35152.0
35486.4
35821.0
36151.8
36482.2
36812.8
37143.4
37474.2
37805.8
38138.2
38471.8
38806.8
39152.2
39486.4
39819.0
40151.4
40483.4
40816.6
41150.4
41484.8
41820.0
42155.4
42489.4
42820.4
43151.8
43483.0
43814.2
44145.8
44477.6
44810.6
