15030.4
15358.0
15685.8
16014.4
16347.8
16680.6
16682.2
17011.8
17342.0
17672.0
18001.4
18330.6
18659.4
18988.2
19316.6
19645.0
19973.2
20301.2
20629.0
20957.0
21284.8
21612.6
21940.2
22268.0
22595.6
22923.0
23250.6
23578.0
23905.6
24233.0
24560.2
24887.6
25220.4
25882.8
25892.2
26278.0
26683.0
27025.6
27358.6
27690.6
28021.6
28352.8
28692.4
29029.2
29356.0
29684.0
30028.6
30358.6
30688.8
31018.8
31348.4
31678.0
32007.4
32336.4
32665.4
32994.2
33322.8
33651.4
33979.8
34308.2
34636.4
34964.4
35292.4
35620.4
35948.4
36276.2
36604.0
36931.8
37259.4
37587.0
37914.8
38242.2
38569.8
38897.4
39224.8
39552.4
39879.8
40207.2
40534.6
40862.0
41189.4
41516.8
41844.2
42171.4
42498.8
42826.0
43153.2
43480.4
43807.6
44134.8
44462.0
44789.2
