15185.4
15513.8
15841.6
16168.8
16171.6
16504.0
16834.8
17164.0
17492.6
17821.0
18150.2
18483.6
18801.8
19131.8
19460.4
19788.4
20117.4
20451.0
20773.8
21101.6
21436.4
21759.0
22087.4
22421.6
22744.8
23073.0
23406.8
23730.6
24058.6
24389.6
24722.4
25060.8
25728.8
26105.0
26438.8
26769.6
27102.8
27436.6
27766.8
28096.4
28425.4
28760.6
29090.8
29420.2
29749.0
30085.0
30416.0
30745.4
31074.0
31402.2
31735.4
32055.4
32387.4
32716.8
33045.0
33373.0
33700.6
34035.0
34354.0
34684.0
35012.4
35340.4
35667.8
36002.0
36333.0
36661.8
36989.8
37317.2
37644.4
37979.0
38309.0
38637.4
38965.6
39293.0
39620.2
39954.6
40284.2
40612.8
40940.0
41267.0
41594.0
41928.4
42248.0
42578.0
42906.8
43233.8
43561.0
43891.0
44223.6
44552.6
44881.0
