15512.0
15514.2
15846.0
16179.2
16511.0
16844.0
17176.0
17495.4
17827.4
18160.6
18492.6
18825.4
19474.8
19477.0
19809.2
20142.4
20474.6
20807.2
21139.4
21459.0
21791.2
22124.4
22456.6
22789.2
23438.6
23441.0
23773.2
24106.6
24438.8
24771.4
25124.0
25458.8
25816.0
26168.2
26561.6
26910.6
27240.8
27576.2
27907.2
28243.0
28573.8
28909.0
29239.8
29575.2
29906.2
30242.4
30573.8
30910.6
31242.0
31579.6
31910.8
32248.4
32579.6
32916.8
33236.8
33567.8
33903.0
34233.0
34569.2
34888.6
35218.8
35553.0
35882.4
36218.2
36547.4
36883.6
37203.0
37533.2
37868.2
38197.6
38533.8
38863.0
39198.4
39518.2
39848.6
40184.0
40513.0
40849.0
41168.2
41498.4
41833.2
42162.6
42498.8
42827.8
43163.0
43483.0
43813.2
44148.8
44477.6
44813.6
