15132.2
15458.4
15770.0
16092.2
16419.8
16742.4
17064.0
17390.8
17702.8
18025.2
18352.6
18675.4
18997.0
18997.6
19324.4
19646.8
19968.6
20295.4
20617.2
20939.0
21266.0
21899.8
21904.8
22227.4
22862.4
23187.4
23188.8
23511.2
23836.8
24158.8
24794.4
24805.4
25144.2
25478.8
25823.8
26488.0
26827.0
27149.6
27471.6
27799.0
28121.2
28442.6
28768.8
29090.6
29413.8
29738.0
30059.4
30386.8
30709.6
31031.0
31358.0
31680.6
32002.2
32329.0
32640.6
32963.0
33290.2
33613.0
33934.4
34261.6
34573.8
34896.4
35221.0
35545.0
35867.0
36194.6
36517.0
36838.2
37165.8
37477.2
37789.0
38111.4
38439.0
38760.4
39081.6
39408.0
39729.4
40050.6
40376.8
40688.2
41010.4
41337.8
41660.4
41981.8
42308.8
42620.6
42943.0
43270.2
43593.0
43914.6
44241.8
44564.4
44886.0
