15145.0
15781.8
16099.8
16418.0
16743.4
16744.8
17064.4
17384.0
17702.6
18339.2
18657.4
18976.4
19301.0
19301.8
19621.6
19941.0
20578.0
20896.2
21214.2
21536.6
21859.6
21860.0
22179.6
22498.8
23135.4
23453.6
23771.6
24096.6
24099.0
24418.2
24738.0
25398.2
25731.2
26140.0
26501.6
26838.2
27172.4
27504.4
27836.8
28164.2
28496.2
28828.6
29155.8
29487.8
29820.4
30158.2
30479.6
30812.4
31147.6
31472.2
31794.2
32127.4
32459.2
32784.0
33105.2
33424.8
33743.6
34061.8
34380.0
34698.0
35016.6
35341.4
35662.0
35981.6
36300.2
36618.4
36936.6
37254.6
37575.4
37899.0
38219.2
38538.4
38857.0
39175.2
39493.4
39811.4
40136.0
40458.0
40777.8
41096.6
41415.0
41733.2
42051.2
42369.4
42694.6
43015.6
43335.2
43654.0
43972.2
44290.4
44608.4
44927.2
