15047.2
15691.2
15693.6
16022.6
16353.8
16682.6
17014.2
17343.8
17988.0
17990.6
18319.6
18651.0
18979.8
19311.6
19641.0
20285.4
20287.8
20617.2
20948.6
21277.6
21609.4
21938.8
22583.6
22586.0
22915.2
23247.0
23575.6
23907.8
24237.4
24882.2
24885.2
25224.6
25558.8
25907.2
26407.0
26741.4
27070.0
27397.8
27727.4
28054.4
28384.4
28711.8
29042.2
29369.4
29700.6
30028.0
30361.6
30690.0
31024.8
31340.6
31669.2
32000.4
32328.0
32660.8
32988.4
33322.8
33651.6
33986.2
34302.6
34631.6
34963.6
35291.4
35624.2
35952.2
36286.8
36602.8
36931.6
37263.2
37591.0
37923.4
38251.2
38585.6
38901.4
39230.0
39561.4
39889.2
40221.4
40549.0
40883.2
41199.0
41527.6
41858.8
42186.8
42519.0
42846.4
43180.6
43496.2
43824.8
44156.2
44484.0
44816.2
