15263.6
15587.2
15912.2
16233.4
16554.6
16876.2
17198.2
17521.6
17845.2
18167.2
18490.0
18813.8
19138.8
19459.8
19781.0
20102.4
20424.0
20747.0
21068.2
21390.4
21713.4
22037.8
22039.0
22362.4
23004.0
23325.2
23647.4
23969.8
24291.2
24613.4
24613.8
24937.0
25274.6
25625.4
25952.6
26596.0
26918.2
27240.0
27563.8
27888.6
28214.6
28541.4
28869.4
29198.0
29509.2
29832.2
30153.2
30474.4
30796.0
31118.2
31441.2
31765.6
32091.6
32419.2
32748.8
33058.4
33380.6
33702.4
34024.2
34346.8
34670.0
34994.2
35320.2
35647.6
35976.2
36285.8
36608.0
36929.6
37251.4
37574.2
37897.4
38221.6
38547.4
38874.6
39202.8
39511.8
39833.6
40155.2
40477.0
40799.4
41122.8
41447.2
41773.2
42100.4
42409.8
42731.6
43052.8
43374.4
43696.8
44019.8
44344.0
44669.8
44996.8
