15051.4
15054.4
15381.0
15705.2
16352.2
16355.2
16681.6
17005.4
17651.8
17655.2
17981.0
18305.0
18951.0
18953.8
19277.4
19602.2
19925.2
20571.0
20573.0
20898.0
21221.2
21867.0
21869.6
22195.2
22518.6
23164.0
23167.8
23492.8
23817.0
24463.4
24466.6
24791.8
25126.4
25459.6
25795.4
26187.8
26519.8
26860.0
27187.0
27512.6
27836.4
28159.4
28482.0
28805.0
29133.4
29468.4
29790.8
30119.2
30442.6
30765.4
31087.8
31411.2
31737.2
32060.2
32382.8
32705.2
33033.2
33356.2
33679.0
34001.4
34329.0
34652.6
34975.4
35297.8
35620.6
35947.0
36269.8
36592.4
36914.6
37242.8
37565.8
37888.4
38210.8
38537.4
38861.4
39184.2
39506.6
39829.0
40155.8
40478.8
40801.2
41123.6
41451.8
41775.0
42097.6
42420.0
42745.0
43069.6
43392.6
43715.0
44037.4
44364.6
44687.6
