15079.0
15090.0
15415.4
15749.6
16083.6
16418.4
16739.0
17062.2
17400.0
17729.8
18056.2
18391.0
18713.0
19049.6
19382.6
19716.6
20052.4
20372.8
20695.8
21352.2
21353.6
21688.4
22008.8
22332.6
22666.6
23000.0
23335.2
23669.2
23991.2
24316.2
24652.2
24973.6
25642.8
25978.2
26316.0
26650.2
26985.0
27321.4
27642.2
27970.0
28291.2
28627.2
28965.8
29300.4
29623.2
29962.8
30297.8
30621.0
30961.0
31294.6
31630.0
31968.6
32289.4
32625.8
32965.6
33285.8
33611.2
33946.4
34268.2
34594.4
34916.4
35253.8
35588.6
35922.2
36258.6
36595.8
36916.8
37244.4
37565.4
37901.8
38241.2
38560.8
38887.4
39209.0
39544.4
39884.4
40204.4
40530.2
40865.2
41199.4
41526.6
41847.4
42173.4
42509.2
42842.2
43178.2
43514.6
43835.6
44164.0
44485.2
44821.2
