15378.4
15709.4
16038.2
16369.0
16688.2
17004.8
17337.2
17338.0
17672.4
17987.4
18307.6
18644.8
18960.4
19291.4
19625.6
19941.4
20260.0
20595.8
20911.0
21242.2
21565.4
22201.8
22219.4
22536.8
23173.2
23183.2
23507.8
23836.2
24166.0
24498.6
24815.2
25149.0
25480.4
25816.0
26478.8
26810.2
27126.6
27445.6
27777.6
28106.4
28437.2
28768.4
29100.8
29417.6
29748.6
30078.8
30412.2
30728.2
31059.2
31390.8
31719.8
32038.0
32369.4
32698.2
33027.8
33357.8
33689.6
34005.6
34337.0
34668.4
34997.4
35327.4
35657.8
35990.2
36306.6
36637.8
36969.2
37297.6
37627.0
37956.6
38289.4
38605.8
38937.2
39268.6
39597.2
39927.0
40257.4
40589.8
40906.0
41237.4
41569.0
41898.2
42228.2
42558.8
42891.6
43220.2
43550.2
43880.4
44213.8
44529.6
44861.0
