15207.8
15530.0
15851.8
16173.2
16494.6
16819.0
17145.0
17147.8
17469.0
17791.8
18435.4
18756.6
19077.6
19398.4
19723.6
20049.0
20050.0
20372.6
20695.0
21017.0
21659.2
21980.0
22300.6
22623.0
22949.4
22951.0
23273.4
23596.0
23918.0
24560.4
24881.0
25206.4
25552.8
25922.4
26252.8
26576.2
26898.6
27222.4
27556.6
27878.0
28205.6
28529.4
28852.0
29174.2
29507.8
29834.8
30159.2
30482.2
30815.8
31137.0
31459.2
31787.4
32112.6
32436.6
32760.0
33082.6
33404.8
33726.6
34048.8
34377.0
34702.2
35026.2
35349.4
35672.0
35994.2
36316.0
36639.6
36967.0
37291.4
37614.8
37937.4
38259.2
38580.8
38902.2
39224.0
39551.6
39876.0
40199.0
40521.4
40843.0
41164.4
41485.4
41806.4
42128.0
42455.0
42779.2
43102.2
43424.2
43745.8
44066.8
44387.6
44708.4
