15534.6
15862.8
16190.0
16195.8
16524.0
16853.6
17182.4
17510.0
17839.0
18488.4
18817.0
19145.0
19150.2
19472.2
19805.8
20446.0
20776.0
21103.6
21430.6
21436.8
21764.6
22414.8
22743.0
23070.2
23074.6
23403.6
23734.0
24062.0
24391.8
24716.4
25068.0
25401.0
25769.8
26129.4
26543.4
26863.6
27193.2
27527.6
27857.8
28186.6
28514.4
28848.2
29178.0
29507.0
29835.6
30169.4
30499.6
30829.0
31157.2
31492.0
31812.2
32143.6
32472.4
32800.4
33134.4
33464.0
33792.4
34120.0
34452.0
34773.0
35094.0
35423.8
35752.2
36079.6
36414.6
36743.6
37071.4
37398.6
37725.4
38058.8
38387.6
38715.6
39043.2
39358.8
39691.4
40022.2
40350.2
40677.8
41004.8
41338.6
41658.2
41978.4
42308.0
42636.0
42963.6
43296.8
43616.2
43946.0
44274.0
44600.8
44933.8
