15148.6
15480.8
15819.2
16142.4
16477.0
16810.2
17143.0
17481.0
17804.2
18139.0
18472.0
18805.4
19142.8
19465.8
19800.0
19804.8
20132.6
20466.0
21117.6
21452.8
21786.8
21791.6
22118.6
22457.4
23103.8
23437.8
23440.0
23770.2
24104.2
24755.4
25097.0
25433.0
25459.4
25816.2
26271.2
26613.6
26943.6
27278.4
27614.8
27948.0
28282.2
28621.2
28943.6
29266.2
29600.2
29932.6
30270.8
30604.6
30938.0
31270.8
31610.4
31934.4
32269.2
32603.0
32935.4
33274.4
33597.8
33932.2
34265.6
34597.8
34936.2
35259.4
35593.4
35926.6
36258.4
36596.8
36919.6
37253.6
37586.4
37918.2
38256.6
38579.8
38914.0
39247.2
39579.4
39918.0
40241.2
40575.6
40909.2
41242.2
41580.4
41903.6
42238.2
42571.6
42905.2
43232.6
43557.6
43892.0
44224.6
44557.4
44897.0
