15096.8
15110.6
15434.6
16083.4
16085.0
16415.4
17068.6
17397.2
17727.8
17734.0
18063.8
18380.8
18712.2
19045.8
19373.4
19705.8
20037.8
20353.4
20690.0
21004.8
21337.6
21670.0
21992.0
22322.0
22970.2
22983.4
23305.8
23632.8
23964.6
24297.2
24618.2
24948.6
25614.4
25939.6
26266.2
26307.6
26692.0
27028.8
27359.6
27689.0
28022.2
28348.4
28676.2
29005.4
29332.2
29660.2
29990.4
30318.6
30647.0
30978.0
31304.4
31635.2
31968.0
32294.4
32624.6
32950.8
33278.6
33609.0
33934.6
34263.0
34594.4
34920.6
35249.2
35576.0
35904.0
36234.2
36560.6
36889.6
37220.6
37547.2
37876.6
38203.4
38531.8
38862.0
39188.0
39516.6
39848.4
40175.4
40506.0
40833.8
41162.6
41492.6
41819.2
42148.0
42479.0
42806.8
43136.8
43469.8
43785.8
44117.4
44444.2
44773.4
