15180.2
15512.0
16153.0
16486.2
16818.2
17149.4
17149.4
17481.0
17813.6
18134.0
18455.6
19113.2
19115.6
19446.2
19778.2
20110.4
20754.6
21075.4
21412.0
21414.0
21745.4
22079.2
22721.4
23042.0
23374.4
23706.0
24036.4
24366.8
24369.4
24697.4
25048.8
25381.6
25710.6
26085.2
26722.4
27043.2
27375.0
27694.6
28014.6
28335.2
28656.6
28990.2
29311.4
29634.6
29968.4
30301.0
30632.4
30964.0
31296.6
31617.8
31940.4
32264.8
32599.8
32932.4
33265.2
33587.6
33910.6
34230.0
34562.8
34893.6
35224.4
35558.2
35893.2
36211.8
36531.6
36863.8
37195.0
37525.0
37855.2
38186.0
38516.8
38847.8
39179.8
39498.6
39819.6
40150.8
40481.4
40812.2
41143.2
41463.0
41794.8
42126.4
42446.2
42767.6
43099.6
43431.0
43762.8
44083.0
44404.6
44737.8
