15028.6
15364.0
15698.2
16031.8
16365.0
16697.8
17030.6
17363.2
17695.6
18028.2
18360.4
18692.8
19025.2
19357.4
19689.8
20022.0
20354.2
20686.6
21018.8
21351.0
21683.2
22015.6
22347.8
22680.0
23012.2
23344.6
23676.8
24009.0
24341.4
24673.6
25006.0
25338.2
25671.6
26002.4
26342.2
26799.0
26810.8
27152.8
27498.0
27839.8
28498.6
28827.6
29157.0
29486.2
29815.4
30144.8
30474.6
30804.6
31135.2
31466.2
31797.6
32129.2
32461.0
32793.0
33125.2
33457.2
33789.6
34121.8
34454.0
34786.2
35118.6
35450.8
35783.2
36115.4
36447.8
36780.0
37112.2
37444.6
37776.8
38109.2
38441.4
38773.6
39105.8
39438.2
39770.4
40102.6
40435.0
40767.2
41099.4
41431.8
41764.0
42096.4
42428.6
42760.8
43093.2
43425.4
43757.6
44089.6
44421.8
44754.0
