15204.2
15537.2
15876.6
16210.0
16543.0
16545.2
16881.6
17541.2
17874.4
17875.6
18214.2
18870.8
18880.6
19203.6
19542.6
20199.6
20532.6
20871.8
21205.4
21538.6
21539.4
21878.8
22537.2
22547.4
22870.6
23210.6
23544.8
23878.4
24538.0
24871.4
25208.8
25219.6
25567.8
26043.4
26448.8
26796.0
27127.2
27464.8
27798.6
28131.4
28470.2
28803.6
29136.8
29476.8
29810.0
30143.6
30484.0
30818.2
31152.4
31485.8
31823.0
32156.0
32488.8
32828.6
33161.8
33494.8
33826.8
34163.6
34496.2
34828.8
35168.4
35491.4
35825.4
36157.4
36496.8
36829.6
37162.8
37497.2
37832.8
38166.0
38497.0
38836.0
39158.6
39492.2
39824.8
40164.0
40497.0
40829.6
41162.2
41498.6
41831.2
42163.6
42503.0
42825.6
43159.4
43491.4
43830.6
44163.6
44496.8
44830.0
