15192.4
15840.0
16162.4
16166.8
16488.8
16806.8
17129.0
17764.4
18088.2
18410.2
18412.0
18734.6
19058.2
19380.2
19703.8
20026.4
20349.2
20672.0
20995.8
21318.6
21643.2
21965.6
22287.6
22613.4
22925.0
23253.4
23565.6
23889.2
24213.0
24535.6
24858.8
25207.0
25532.2
25860.2
26196.8
26851.2
27173.6
27500.4
27812.4
28124.6
28443.4
28766.0
29091.4
29402.8
29714.4
30031.8
30354.0
30678.6
31001.0
31317.6
31630.0
31954.2
32277.2
32598.6
32922.8
33245.0
33569.6
33891.6
34216.6
34538.4
34863.2
35184.6
35509.8
35821.2
36133.8
36459.0
36781.8
37105.2
37426.4
37750.6
38072.4
38397.0
38718.8
39043.4
39365.6
39691.0
40002.6
40331.0
40643.0
40967.4
41290.6
41613.0
41936.6
42259.0
42583.0
42904.4
43228.6
43549.8
43874.0
44195.8
44520.4
44842.4
