15107.2
15434.2
15761.0
16401.2
16730.6
17054.4
17385.4
17709.2
17716.6
18034.0
18359.8
18685.2
19013.4
19337.4
19667.2
20305.8
20306.0
20633.8
20960.6
21288.0
21615.4
21942.8
22582.2
22911.0
23235.8
23565.8
23890.0
23896.6
24217.6
24543.0
24867.0
25206.6
25562.8
25950.0
26375.8
26708.0
27035.6
27366.4
27690.6
28014.8
28342.0
28667.0
28995.6
29332.2
29657.6
29981.2
30308.8
30632.2
30962.4
31285.6
31613.8
31938.0
32261.8
32589.6
32913.2
33243.4
33566.6
33895.4
34219.4
34543.4
34871.0
35194.6
35524.6
35848.0
36179.2
36503.0
36827.4
37154.4
37478.4
37807.6
38131.4
38462.8
38786.6
39112.2
39438.4
39762.8
40091.2
40415.4
40746.2
41070.2
41402.0
41726.6
42052.0
42379.2
42704.0
43033.0
43357.6
43688.8
44013.2
44345.6
44670.6
44997.2
