15224.0
15548.2
15872.0
16195.8
16519.8
16844.6
17167.8
17813.6
18136.4
18459.2
18782.0
19105.2
19432.0
19757.4
20082.2
20406.4
20730.2
21053.6
21377.0
21700.2
22023.4
22347.6
22671.4
22995.2
23319.0
23642.8
23967.0
24295.0
24620.2
24944.8
25279.8
25618.4
25630.8
25959.8
26608.4
26642.6
27033.0
27375.0
27715.8
28052.4
28387.4
28720.2
29042.0
29364.2
29687.0
30013.2
30337.2
30660.6
30983.8
31306.8
31629.6
31952.4
32275.0
32597.4
32920.0
33242.6
33565.0
33887.8
34210.8
34533.8
34857.0
35180.2
35507.2
35832.2
36156.4
36480.0
36803.4
37126.8
37449.8
37772.8
38095.8
38418.6
38741.6
39064.6
39388.0
39711.2
40034.6
40358.2
40684.0
41010.2
41334.6
41658.6
41982.4
42305.8
42629.2
42952.4
43275.8
43599.0
43922.2
44245.6
44569.0
44892.6
