15287.6
15606.0
15924.4
16243.0
16561.6
16894.0
17212.6
17531.2
17849.6
18168.2
18486.6
18805.0
19123.6
19442.0
19760.6
20079.2
20397.8
20716.4
21035.2
21354.0
21686.6
22005.2
22324.2
22643.0
22961.8
23280.6
23599.2
23918.0
24236.6
24555.2
24873.8
25194.6
25547.0
25560.2
25897.8
26240.0
26573.0
27228.8
27548.4
27868.2
28187.8
28506.8
28838.4
29156.4
29475.0
29811.0
30132.6
30454.0
30774.8
31095.4
31416.0
31736.6
32057.2
32377.6
32697.6
33017.8
33337.8
33658.0
33978.2
34298.2
34618.0
34937.8
35257.6
35577.4
35897.2
36217.2
36537.2
36856.8
37176.4
37496.2
37815.8
38135.4
38455.0
38774.6
39094.2
39414.2
39734.0
40053.6
40373.2
40692.8
41012.2
41331.8
41651.4
41971.0
42290.6
42610.4
42930.2
43249.8
43569.4
43888.8
44208.4
44528.0
44847.4
