15251.2
15579.6
15588.8
15907.8
16242.2
16571.0
16899.4
17234.2
17880.8
17888.4
18209.0
18542.8
18871.2
19199.6
19534.0
20180.4
20508.8
20842.0
21170.4
21178.6
21498.6
21832.8
22161.8
22490.4
22825.4
23471.8
23478.2
23800.2
24133.6
24462.0
24790.4
25141.2
25807.4
26149.6
26476.0
26805.0
27135.6
27468.4
27797.6
28126.6
28459.4
28788.8
29125.2
29454.8
29783.6
30119.2
30448.0
30776.6
31111.8
31429.8
31759.2
32087.6
32421.8
32750.4
33078.6
33413.6
33742.6
34071.0
34406.2
34723.8
35053.0
35381.2
35715.0
36043.6
36372.0
36706.4
37023.6
37352.8
37681.2
38014.4
38343.0
38671.2
39005.4
39334.6
39663.4
39998.4
40315.6
40644.8
40973.2
41306.4
41635.0
41963.4
42297.8
42615.0
42944.4
43272.2
43605.0
43933.4
44261.4
44595.6
44924.2
