15101.8
15428.2
15754.8
16091.0
16425.4
16758.6
17091.6
17431.2
17434.0
17767.0
18435.0
18442.0
18768.0
19107.4
19433.8
19760.8
20096.6
20763.2
21095.6
21433.6
21760.2
22096.2
22430.6
22763.8
22766.2
23096.4
23432.8
24085.2
24411.8
24747.8
25089.2
25424.0
25758.0
25782.2
26194.6
26526.8
26864.0
27201.0
27536.4
27870.4
28203.4
28537.8
28875.6
29209.2
29542.4
29875.0
30214.0
30540.6
30876.6
31210.2
31543.0
31875.6
32195.4
32528.8
32867.0
33192.8
33519.2
33854.8
34188.6
34520.4
34852.8
35192.4
35528.0
35851.6
36186.8
36520.4
36853.0
37189.8
37515.4
37842.2
38168.8
38505.0
38839.8
39173.4
39506.4
39846.4
40172.6
40499.0
40834.6
41168.4
41501.2
41834.2
42173.0
42508.8
42843.2
43176.8
43509.8
43846.4
44171.2
44497.8
44824.4
