15121.0
15442.0
15767.6
16087.6
16412.4
16732.8
17057.8
17378.2
17703.0
18023.4
18348.0
18668.6
18993.2
19313.6
19638.0
19958.6
20283.0
20603.6
20927.8
21248.6
21572.8
21893.4
22217.6
22538.2
22862.4
23183.2
23507.0
23827.8
24151.8
24472.6
24796.6
25131.6
25454.2
25800.6
26479.0
26813.2
27133.2
27459.4
27779.0
28106.8
28426.8
28752.0
29073.2
29396.4
29717.6
30039.2
30360.8
30681.8
31003.8
31324.8
31646.6
31967.6
32289.6
32610.4
32932.4
33253.2
33575.4
33895.8
34218.4
34538.4
34861.4
35181.2
35504.4
35824.2
36147.8
36467.4
36791.2
37110.8
37434.8
37754.4
38078.4
38398.0
38722.2
39041.8
39366.0
39685.6
40010.0
40329.4
40654.0
40973.4
41298.0
41617.4
41942.0
42261.4
42586.2
42905.6
43230.4
43549.8
43874.6
44194.0
44519.0
44838.4
