15069.6
15397.0
15726.0
16058.8
16387.6
16715.0
17043.8
17376.0
17706.0
18033.4
18362.2
18693.8
19025.2
19352.6
19681.4
20012.2
20347.8
20783.0
21124.6
21468.2
21805.8
22143.4
22481.8
22822.0
23154.0
23480.8
23807.4
24135.8
24468.4
24794.8
25124.4
25458.4
25810.6
26157.6
26814.4
27144.8
27470.4
27798.2
28129.0
28459.0
28785.6
29113.6
29443.6
29777.6
30105.0
30432.4
30761.6
31094.8
31423.8
31751.2
32080.4
32412.8
32742.8
33070.0
33398.6
33729.8
34060.2
34386.6
34714.8
35045.4
35376.4
35702.6
36030.6
36361.0
36693.4
37019.8
37347.6
37677.6
38011.8
38339.6
38667.6
38997.0
39330.6
39659.6
39987.2
40316.4
40648.8
40978.8
41306.4
41635.2
41966.8
42298.6
42625.8
42954.6
43285.4
43620.6
43950.4
44001.2
44380.8
44721.8
