15212.8
15537.8
15866.6
16197.6
16511.6
17166.4
17175.2
17495.8
17827.4
18468.6
18796.8
18809.0
19126.8
19459.0
19787.0
20113.2
20442.8
20760.4
21093.8
21735.4
22064.0
22077.4
22394.2
22726.6
23368.4
23697.0
23712.8
24027.6
24360.8
24686.4
25347.8
25684.6
26027.0
26063.6
26453.2
26778.0
27105.2
27433.0
27761.8
28092.0
28423.6
28755.4
29081.0
29407.6
29735.2
30064.0
30394.4
30726.8
31053.6
31380.6
31708.6
32037.8
32369.0
32702.0
33029.0
33357.8
33686.0
34015.4
34346.6
34679.2
35011.0
35337.4
35664.2
35992.6
36322.6
36654.6
36985.2
37310.4
37637.4
37965.4
38295.4
38627.6
38942.0
39269.2
39597.6
39928.2
40260.4
40574.8
40902.4
41231.0
41561.6
41894.2
42208.6
42536.2
42865.0
43195.8
43528.2
43842.8
44170.4
44499.2
44830.0
