15060.0
15388.6
15400.8
15719.6
16053.0
16696.8
16706.0
17025.8
17357.4
17690.4
18332.6
18341.8
18662.8
18994.6
19328.6
19970.4
19979.6
20300.8
20633.0
20967.2
21608.8
21618.2
21939.4
22271.8
22914.6
23243.6
23256.0
23574.4
23907.6
24551.2
24880.2
24893.8
25225.2
25567.4
25948.2
26334.2
26665.6
26995.0
27327.4
27655.0
27981.4
28308.8
28637.0
28966.8
29298.8
29633.0
29961.2
30287.4
30615.6
30945.2
31277.0
31611.2
31926.0
32255.4
32584.8
32916.6
33251.0
33577.4
33903.6
34231.6
34561.6
34894.0
35228.4
35543.4
35873.0
36203.2
36535.8
36871.2
37198.0
37524.8
37853.8
38184.4
38517.2
38852.2
39168.0
39498.4
39828.2
40159.8
40493.4
40821.2
41147.6
41476.4
41806.4
42128.2
42445.0
42774.8
43104.0
43435.8
43769.8
44096.8
44412.4
44742.8
