15269.2
15592.6
15915.6
16238.2
16565.2
16888.6
17211.6
17534.2
17861.4
18184.8
18507.8
18830.4
19157.6
19481.2
19804.0
20126.6
20453.8
20777.2
21100.0
21422.6
21749.8
22073.2
22395.8
22718.2
23045.6
23368.8
23691.4
24013.6
24341.0
24664.4
24987.0
25311.2
25661.8
26040.2
26358.0
27012.8
27336.6
27659.6
27982.6
28308.4
28631.2
28953.6
29280.6
29603.4
29925.6
30266.4
30589.2
30911.6
31248.8
31573.2
31895.6
32217.8
32540.0
32866.0
33189.0
33511.2
33833.4
34160.2
34483.2
34805.8
35128.0
35455.2
35778.4
36101.0
36423.4
36750.8
37074.4
37397.2
37719.6
38058.8
38381.6
38704.4
39027.6
39353.6
39676.8
39999.8
40322.8
40649.0
40972.4
41295.4
41618.2
41944.8
42268.2
42591.2
42914.0
43240.8
43564.2
43887.2
44210.0
44537.0
44860.4
