15157.4
15473.4
15789.2
16105.8
16427.0
16429.4
16746.4
17064.8
17382.4
17699.6
18016.4
18332.8
18649.0
19281.0
19596.8
19912.8
20228.8
20546.4
20867.6
20868.6
21186.6
21504.6
21822.0
22139.0
22455.8
22772.0
23404.2
23720.2
24036.0
24352.0
24668.4
24989.6
24991.8
25326.0
26003.0
26031.0
26382.8
26796.8
27133.4
27462.6
27789.2
28122.4
28441.8
28770.6
29096.8
29429.6
29748.8
30076.8
30404.8
30737.6
31056.6
31375.6
31704.8
32022.4
32355.2
32675.4
32995.0
33313.2
33631.0
33948.2
34265.0
34581.4
34897.8
35214.0
35530.2
35846.6
36164.8
36486.0
36804.8
37123.0
37440.6
37757.6
38074.4
38390.6
38706.8
39023.0
39338.8
39654.8
39970.8
40287.8
40609.4
40928.4
41246.6
41564.2
41881.2
42198.0
42514.4
42830.6
43146.6
43462.4
43778.4
44094.2
44410.6
44731.0
