15302.2
15634.0
15968.8
16297.4
16628.0
16960.4
17293.8
17623.2
17954.4
18288.2
18633.4
18961.4
19291.2
19623.0
19957.0
20286.0
20616.8
20950.2
21282.8
21726.8
22082.4
22423.4
22763.2
23103.2
23444.2
23785.6
24129.6
24456.4
24785.4
25126.0
25127.8
25470.0
25829.0
26200.2
26526.6
27190.6
27519.2
27848.4
28179.0
28508.0
28836.2
29165.0
29496.6
29824.0
30164.6
30504.6
30833.8
31161.4
31489.4
31818.4
32150.6
32477.6
32806.4
33136.8
33464.4
33792.8
34134.2
34464.8
34792.6
35121.2
35451.0
35782.8
36110.4
36439.8
36782.4
37114.4
37442.2
37771.6
38103.0
38431.2
38760.4
39091.0
39424.6
39752.8
40083.0
40425.6
40768.8
41097.0
41426.2
41756.4
42089.4
42417.8
42747.4
43078.6
43409.6
43738.4
44068.6
44411.6
44743.2
