15081.4
15404.8
15722.6
16044.4
16362.4
16683.2
17002.2
17321.8
17645.8
17963.8
18286.0
18604.0
18925.2
19243.4
19563.6
19887.4
20205.4
20528.2
20846.2
21167.8
21485.8
21806.4
22128.2
22446.8
22770.2
23088.0
23409.8
23727.8
24048.6
24368.0
24687.6
25026.6
25369.2
25720.6
26365.2
26376.6
26758.0
27098.0
27426.6
27755.8
28078.0
28396.4
28727.8
29059.0
29391.6
29710.0
30041.8
30372.8
30690.2
31012.0
31346.6
31664.6
31986.4
32305.0
32625.8
32950.2
33268.4
33592.0
33910.8
34232.4
34551.8
34872.6
35197.8
35516.4
35839.4
36158.4
36479.8
36804.0
37123.0
37447.0
37766.0
38088.0
38408.2
38729.0
39054.0
39372.6
39695.2
40014.0
40335.2
40658.2
40976.8
41300.6
41618.8
41940.4
42258.8
42579.6
42902.2
43220.6
43544.0
43862.0
44183.6
44501.8
44822.6
