15128.2
15773.0
15778.0
16101.6
16425.2
17070.0
17074.8
17398.6
17722.2
18367.4
18372.0
18696.0
19019.6
19665.0
19669.0
19993.4
20317.0
20962.6
20966.4
21291.0
21614.6
22260.4
22263.6
22588.6
22912.4
23558.4
23561.2
23886.4
24210.2
24856.6
24859.0
25211.4
25582.6
26233.6
26562.0
26603.4
26981.8
27328.6
27670.2
28004.6
28345.6
28679.2
29015.2
29350.2
29684.2
30021.8
30355.4
30695.0
31017.4
31341.0
31677.4
32002.0
32324.6
32647.2
32969.8
33296.4
33619.2
33942.0
34283.4
34606.8
34930.6
35253.6
35582.0
35905.4
36228.8
36552.0
36880.0
37203.4
37527.0
37868.6
38191.8
38514.6
38836.8
39164.8
39487.6
39810.0
40132.0
40460.0
40782.8
41105.2
41427.2
41755.4
42078.2
42400.8
42722.8
43051.2
43374.0
43696.6
44018.6
44347.2
44670.0
44992.8
