15140.6
15473.8
15800.4
16126.8
16460.2
16787.0
17113.4
17120.0
17446.6
17773.2
18103.2
18431.2
18758.4
19411.8
19414.0
19741.2
20393.6
20724.4
21051.0
21377.2
21709.0
22035.6
22361.8
22694.6
23021.2
23347.6
23680.8
24007.4
24334.0
24667.4
24994.2
25325.8
25686.4
25719.2
26069.0
26398.0
26788.4
27137.8
27477.6
27818.0
28155.6
28497.4
28834.4
29177.6
29515.4
29859.0
30185.2
30512.6
30854.2
31191.6
31524.8
31851.4
32178.4
32512.4
32839.4
33166.6
33500.6
33827.8
34155.0
34489.4
34816.6
35144.0
35478.2
35805.6
36133.2
36467.2
36794.4
37122.0
37455.6
37782.8
38110.0
38443.4
38770.4
39097.2
39430.6
39757.2
40083.8
40417.2
40743.8
41070.4
41403.8
41730.4
42056.8
42390.0
42716.8
43043.2
43374.4
43701.6
44028.2
44355.2
44684.4
