15284.8
15603.2
15923.6
16246.2
16567.4
16884.2
17202.2
17521.8
17843.6
18167.2
18483.8
18801.8
19120.6
19441.6
19764.6
20084.4
20401.6
20720.2
21040.2
21362.4
21686.2
22003.2
22321.4
22640.4
22961.6
23284.8
23607.4
23924.4
24243.0
24562.6
24884.4
25225.8
25586.0
25925.4
26604.4
26935.0
27268.0
27602.0
27927.0
28261.2
28594.6
28917.2
29250.8
29583.4
29905.8
30239.6
30572.8
30896.8
31231.6
31554.8
31872.0
32189.4
32508.2
32828.8
33151.4
33473.0
33789.2
34107.2
34426.6
34748.2
35071.4
35387.4
35705.0
36023.8
36344.6
36667.6
36984.4
37301.8
37620.2
37940.6
38263.0
38582.0
38898.6
39216.8
39536.6
39858.8
40181.6
40497.8
40815.8
41134.8
41456.0
41779.4
42096.2
42413.8
42732.4
43053.0
43376.0
43696.0
44012.8
44331.0
44650.8
44973.0
