15186.2
15513.6
15840.0
16164.4
16488.0
16812.0
17139.2
17146.8
17471.2
18108.4
18427.2
18754.8
19080.4
19405.2
19729.0
20053.4
20380.6
20712.0
21030.6
21349.4
21677.6
22003.6
22328.2
22652.2
22976.2
23303.2
23309.0
23634.4
24272.2
24591.2
24918.6
25252.4
25602.6
25619.0
25970.8
26616.4
26930.2
27247.2
27572.2
27896.8
28209.8
28524.2
28850.2
29163.4
29478.4
29809.4
30128.4
30448.6
30767.0
31085.4
31412.8
31738.4
32063.0
32386.4
32709.6
33035.6
33349.0
33664.0
33993.4
34323.6
34650.2
34975.8
35300.4
35624.6
35948.0
36273.0
36600.6
36916.6
37234.0
37565.6
37892.6
38218.4
38543.0
38866.8
39190.2
39516.2
39844.6
40161.6
40481.8
40801.8
41121.4
41448.8
41775.0
42099.6
42423.4
42747.6
43074.6
43407.0
43726.0
44044.6
44363.2
44691.0
