15131.0
15448.6
15766.0
16083.8
16405.4
16723.8
17041.6
17359.2
17676.6
17999.2
18318.2
18636.4
18954.0
19271.4
19589.2
19910.8
20229.2
20547.0
20864.6
21182.0
21504.6
21823.6
22141.8
22459.4
22776.8
23094.6
23416.2
23734.6
24052.4
24370.0
24687.4
25026.0
25348.0
25681.8
26031.4
26677.0
26996.8
27315.0
27634.0
27952.6
28270.8
28592.4
28930.6
29248.2
29567.2
29899.4
30231.2
30550.6
30871.2
31192.2
31512.4
31832.2
32151.4
32470.2
32788.8
33107.2
33425.4
33743.4
34061.8
34385.6
34705.6
35024.8
35343.2
35661.4
35979.6
36301.4
36622.2
36941.2
37259.8
37578.0
37896.2
38220.0
38539.4
38858.0
39176.4
39494.4
39815.2
40136.0
40454.6
40772.8
41090.8
41408.8
41731.6
42050.4
42368.6
42686.4
43004.2
43327.0
43646.4
43964.6
44282.4
44599.8
44918.0
