15068.6
15706.8
16036.8
16361.2
16691.6
17017.2
17341.8
17345.6
17670.6
18000.0
18326.4
18964.6
19294.4
19618.8
19625.4
19949.2
20263.6
20593.2
20920.0
21569.8
21897.4
22221.6
22226.6
22552.6
22881.8
23208.6
23523.0
23849.8
24179.4
24817.6
24818.6
25162.4
25500.0
25863.6
26381.2
26707.2
27041.4
27367.8
27693.0
28022.6
28347.6
28688.0
29028.2
29353.2
29677.8
30006.0
30330.4
30661.8
30985.8
31310.6
31638.0
31962.6
32293.6
32617.8
32943.2
33270.2
33594.8
33925.6
34249.8
34579.2
34904.8
35229.4
35559.0
35883.6
36215.8
36540.6
36865.4
37193.8
37518.8
37850.4
38175.2
38505.0
38831.2
39156.4
39486.4
39811.6
40144.2
40469.6
40796.2
41124.2
41449.8
41780.6
42105.8
42439.0
42764.2
43089.4
43417.8
43742.6
44073.8
44398.2
44727.0
