15207.8
15666.8
16017.2
16355.0
16689.8
17023.8
17358.0
17692.8
18017.8
18344.6
18673.4
19011.0
19338.4
19663.4
19987.2
20322.8
20646.8
20971.2
21296.2
21632.2
21956.4
22281.2
22606.4
22932.4
23258.8
23586.0
23913.8
24236.2
24559.8
24883.6
25213.2
25551.8
25890.0
26572.2
26577.8
26996.6
27351.0
27696.6
28031.4
28365.6
28699.6
29033.2
29366.8
29700.4
30034.0
30367.8
30700.6
31033.8
31367.2
31701.4
32036.0
32359.8
32684.4
33009.4
33336.2
33673.2
33999.4
34327.2
34656.2
34980.0
35304.2
35640.0
35963.8
36287.8
36612.2
36937.0
37273.0
37597.0
37921.8
38247.4
38573.8
38901.0
39224.6
39547.4
39870.8
40194.6
40519.0
40844.4
41171.4
41508.2
41842.0
42165.6
42490.6
42816.8
43144.0
43467.6
43790.2
44113.4
44437.0
44761.0
