15215.2
15542.2
15865.4
16189.0
16514.0
16841.8
17169.4
17479.6
17804.6
18130.8
18460.4
18785.6
19109.0
19433.2
19759.2
20088.6
20398.6
20723.0
21047.8
21375.8
21702.8
22027.0
22351.6
22677.0
23004.6
23335.6
23645.2
23970.6
24296.6
24625.6
24936.4
25263.4
25910.2
25926.0
26290.0
26622.0
26959.2
27283.0
27607.4
27928.6
28251.2
28574.6
28900.6
29237.4
29559.2
29882.4
30216.2
30538.4
30862.6
31184.8
31506.8
31829.6
32153.6
32479.6
32801.0
33123.8
33447.4
33782.4
34107.4
34428.6
34751.0
35074.0
35398.4
35722.4
36044.0
36367.2
36691.2
37017.2
37339.2
37662.2
37986.2
38321.6
38646.4
38968.4
39291.0
39614.6
39939.2
40266.0
40588.0
40911.6
41236.0
41561.8
41889.8
42212.4
42536.4
42861.6
43188.2
43526.2
43851.8
44174.4
44498.2
44822.8
