15591.0
15914.2
15920.8
16237.4
16563.0
16884.8
17206.4
17534.4
18170.6
18176.8
18492.4
18820.2
19143.2
19465.2
19788.0
20113.6
20435.4
20757.2
21085.2
21397.6
21710.8
22358.0
22358.8
22682.8
23008.0
23326.0
23653.6
24289.8
24611.6
24939.6
25271.4
25289.2
25623.2
26280.4
26606.0
26649.4
27059.2
27403.8
27739.8
28076.4
28409.6
28737.8
29062.6
29401.6
29723.2
30044.8
30370.4
30693.4
31015.4
31336.8
31663.8
31985.8
32307.4
32630.2
32955.0
33277.0
33598.4
33926.0
34248.2
34570.0
34892.0
35217.6
35539.8
35861.4
36189.0
36511.6
36833.6
37155.8
37481.6
37804.0
38125.8
38453.6
38776.4
39098.6
39421.8
39747.2
40069.6
40391.6
40719.6
41042.4
41364.8
41692.8
42016.6
42339.2
42661.8
42988.6
43311.6
43634.0
43962.6
44285.6
44608.2
44936.6
