15259.6
15581.4
16231.6
16561.4
16890.4
17220.6
17550.8
17881.4
18212.4
18543.6
18875.0
19206.6
19538.4
19870.6
20202.8
20535.2
20867.6
20868.0
21200.4
21533.2
21866.0
22198.8
22531.8
22865.0
23198.2
23531.4
23864.6
24198.0
24531.6
24865.0
25207.2
25549.4
25894.2
26245.4
26914.8
27247.8
27580.8
27913.8
28246.4
28578.4
28910.4
29241.8
29573.2
29904.6
30236.2
30567.8
30899.6
31232.2
31565.0
31898.2
32220.4
32536.0
32866.0
33196.2
33526.2
33856.6
34187.2
34517.8
34848.8
35180.0
35511.4
35843.0
36174.8
36507.0
36839.2
37171.6
37504.2
37837.0
38169.8
38491.6
38806.8
39137.8
39467.8
39798.0
40128.4
40459.0
40789.8
41120.6
41451.8
41783.4
42115.0
42446.8
42778.8
43111.0
43443.4
43776.0
44108.6
44441.6
44763.6
