15280.2
15604.2
15927.8
16255.2
16582.0
16907.2
17231.4
17555.0
17880.6
18208.2
18522.8
18848.4
19172.4
19496.0
19820.4
20148.2
20472.8
20797.0
21120.8
21444.4
21773.0
22099.0
22423.8
22747.8
23071.6
23400.4
23716.6
24042.4
24368.4
24690.6
25018.2
25358.8
25688.0
26077.2
26456.8
26790.0
27117.2
27442.8
27767.2
28090.8
28414.4
28742.0
29066.6
29390.0
29713.2
30041.4
30366.4
30690.2
31013.6
31336.6
31662.6
31989.0
32313.4
32637.0
32960.2
33283.4
33611.6
33936.6
34260.6
34584.0
34907.0
35231.2
35558.4
35882.8
36206.6
36529.6
36852.8
37180.8
37506.0
37830.0
38153.4
38476.4
38800.0
39127.6
39452.2
39775.8
40099.0
40422.0
40749.6
41075.2
41399.2
41722.6
42045.6
42368.8
42696.6
43021.4
43345.2
43668.4
43991.4
44317.2
44643.4
44967.8
