15175.0
15826.0
16156.0
16162.6
16486.4
16805.8
17137.6
17470.0
17791.6
18117.2
18443.4
18774.0
19104.0
19434.4
19752.8
20074.6
20409.2
20731.2
21048.8
21381.6
21710.6
22353.2
22673.0
23004.2
23334.4
23665.0
23669.4
23996.0
24327.2
24646.6
24979.4
25316.4
25654.0
25997.6
26648.8
26980.2
27313.6
27647.8
27967.6
28286.6
28617.4
28947.0
29276.8
29607.2
29938.0
30268.8
30599.4
30930.0
31261.4
31582.0
31905.4
32224.2
32555.2
32885.4
33204.0
33536.0
33857.4
34175.0
34505.0
34822.8
35142.6
35465.2
35782.0
36101.6
36433.0
36753.8
37075.6
37392.8
37723.6
38042.4
38364.2
38681.6
39000.4
39331.6
39651.8
39974.4
40291.6
40622.2
40940.4
41272.2
41593.4
41911.4
42229.4
42560.4
42879.6
43201.8
43518.4
43837.6
44169.0
44489.6
44811.4
