15133.4
15459.4
15784.8
16111.0
16439.6
16765.6
17091.2
17416.8
17746.6
18062.2
18378.0
18704.6
19029.8
19358.2
19685.4
20011.0
20336.4
20662.0
20991.4
21318.0
21643.8
21969.2
22299.2
22615.2
22942.2
23267.8
23593.2
23922.6
24248.8
24574.4
24900.0
25244.4
25573.8
25908.6
26254.2
26908.4
27235.2
27561.0
27886.0
28216.0
28543.0
28868.8
29194.2
29523.8
29849.8
30175.4
30500.6
30830.2
31156.4
31481.8
31806.8
32137.2
32463.6
32789.2
33114.2
33443.2
33770.4
34096.0
34421.2
34746.8
35075.8
35401.6
35726.8
36052.0
36382.2
36707.8
37033.0
37358.2
37688.6
38005.0
38321.2
38648.0
38973.4
39299.2
39628.0
39954.0
40279.4
40604.6
40934.8
41261.8
41588.0
41913.2
42243.6
42560.0
42876.2
43203.0
43528.4
43854.8
44183.2
44509.2
44834.4
