15186.6
15513.4
15841.2
16170.4
16171.6
16501.0
16833.0
17146.8
17784.0
18109.8
18436.8
18764.8
19094.0
19096.4
19424.6
19757.4
20071.6
20708.6
21034.2
21361.4
21373.4
21688.8
22018.2
22349.8
22665.4
23301.4
23626.8
23953.2
23963.0
24280.6
24609.2
24939.6
25289.4
25953.8
26288.4
26624.4
26950.8
27275.8
27599.6
27923.2
28246.6
28571.0
28896.4
29223.0
29550.2
29878.4
30203.0
30525.8
30849.6
31173.8
31499.2
31826.4
32151.8
32477.8
32804.8
33132.4
33454.4
33777.8
34101.6
34426.4
34753.6
35078.8
35403.8
35730.4
36058.0
36380.8
36704.0
37027.4
37351.8
37678.0
38002.8
38327.6
38654.2
38982.0
39305.2
39628.6
39952.0
40277.6
40603.0
40927.6
41252.2
41578.8
41906.8
42231.4
42554.8
42878.4
43203.0
43528.2
43852.6
44177.2
44503.8
44831.6
