15173.6
15508.2
15842.2
16176.0
16509.2
16842.0
17174.8
17512.0
17850.4
18185.8
18520.2
18853.8
19186.8
19190.2
19519.0
20183.8
20516.2
20521.4
20855.8
21508.8
21846.0
22181.0
22514.6
22848.2
23180.4
23512.4
23844.4
24176.4
24509.6
24849.0
24849.2
25197.8
25849.4
26205.2
26533.0
26865.4
27198.8
27532.0
27864.4
28197.0
28535.6
28859.6
29193.6
29525.8
29858.4
30190.0
30521.8
30854.0
31188.6
31507.2
31847.8
32184.6
32519.6
32853.6
33186.8
33519.6
33851.6
34183.8
34515.6
34847.4
35185.6
35507.0
35846.2
36181.2
36515.2
36848.2
37181.0
37512.8
37844.8
38176.8
38508.6
38841.2
39180.4
39505.8
39833.0
40169.4
40503.8
40837.0
41169.2
41501.8
41833.8
42165.8
42498.0
42831.2
43170.8
43496.2
43823.2
44159.8
44494.4
44827.8
