15076.0
15401.8
15723.0
16048.4
16370.2
16696.6
17331.8
17331.8
17658.4
18302.2
18306.2
18627.2
18953.0
19596.8
19921.0
19921.4
20247.8
20883.2
20895.4
21209.8
21531.2
21857.2
22179.0
22505.2
23149.0
23152.0
23473.8
23799.6
24120.6
24767.8
24768.2
25111.0
25450.8
25801.4
26159.8
26829.0
27151.0
27461.6
27772.0
28097.4
28424.6
28747.4
29070.2
29394.4
29719.8
30047.0
30368.8
30692.4
31017.2
31344.2
31665.8
31989.0
32314.0
32640.8
32962.0
33285.0
33609.8
33936.4
34257.4
34580.4
34904.8
35231.4
35552.6
35875.6
36200.0
36526.6
36836.4
37163.0
37489.4
37810.4
38133.2
38458.2
38783.8
39104.8
39427.6
39752.0
40078.6
40388.6
40714.2
41040.8
41362.0
41684.8
42009.8
42335.6
42656.6
42979.4
43303.8
43630.4
43951.4
44274.4
44598.8
44925.4
