15143.4
15469.2
15797.0
16128.0
16452.8
16779.6
17109.0
17434.0
17760.2
18088.4
18415.2
18740.4
19068.0
19398.8
19723.2
20050.0
20379.4
20704.0
21030.2
21358.8
21684.0
22009.6
22337.4
22666.6
22991.2
23318.2
23648.4
23972.8
24299.2
24628.2
24953.0
25283.6
25627.8
25977.8
26005.4
26355.0
26680.8
27337.2
27661.8
27988.6
28317.6
28642.2
28967.8
29306.4
29645.6
29975.2
30299.0
30625.0
30953.6
31277.8
31603.4
31931.6
32256.2
32581.6
32909.2
33234.8
33559.8
33887.0
34216.4
34540.4
34866.8
35196.8
35520.6
35846.8
36175.8
36499.8
36825.6
37153.8
37478.4
37804.0
38131.6
38457.6
38782.6
39109.8
39440.0
39763.8
40090.4
40420.2
40744.4
41070.4
41399.2
41723.8
42049.6
42377.8
42703.6
43028.8
43356.4
43687.0
44011.4
44338.2
44668.2
44993.0
