15143.4
15479.2
15816.2
16153.6
16471.2
16804.0
17136.0
17468.4
17801.0
18134.4
18468.4
18803.8
19140.2
19476.6
19809.2
20141.2
20473.2
20805.4
21137.6
21470.0
21803.0
22136.8
22471.8
22808.2
23145.6
23463.0
23795.6
24127.4
24459.4
24791.6
25131.8
25471.6
25802.4
26162.4
26502.8
27166.6
27498.6
27833.2
28171.0
28503.2
28835.2
29167.6
29500.4
29834.4
30170.6
30488.0
30820.6
31152.6
31484.8
31817.2
32150.0
32484.2
32819.4
33137.6
33470.2
33802.2
34134.4
34466.6
34799.2
35132.2
35466.4
35801.8
36138.4
36455.8
36788.6
37120.8
37453.0
37785.6
38118.2
38452.2
38787.4
39123.6
39460.8
39778.2
40111.2
40443.4
40776.0
41108.6
41441.6
41775.8
42111.0
42447.4
42784.8
43102.4
43435.6
43768.0
44100.6
44433.2
44767.0
