15023.6
15358.0
15691.8
16023.8
16355.8
16686.8
17017.4
17348.0
17678.2
18008.2
18338.4
18668.4
18998.2
19328.0
19657.6
19987.8
20322.8
20656.0
20987.4
21318.4
21648.6
21977.4
22307.0
22636.2
22964.4
23293.0
23621.6
23950.2
24278.6
24607.0
24935.6
25265.8
25603.8
25942.8
26278.8
26691.4
27041.0
27371.0
27700.8
28030.8
28361.0
28700.6
29027.0
29354.2
29685.2
30017.4
30348.2
30678.2
31007.6
31336.8
31665.4
31994.0
32322.4
32650.6
32978.6
33306.6
33634.4
33962.0
34289.8
34617.4
34945.0
35272.6
35600.2
35927.8
36255.4
36583.0
36910.8
37238.8
37567.2
37896.8
38231.0
38563.0
38894.0
39224.0
39553.6
39882.8
40211.6
40540.2
40868.8
41197.2
41525.6
41854.0
42182.4
42510.8
42839.4
43168.0
43496.6
43825.4
44154.2
44483.6
44817.2
