15070.4
15395.6
15721.0
16046.2
16371.4
16696.8
17022.2
17347.6
17673.0
17998.6
18324.2
18649.6
18975.2
19301.0
19626.6
19952.4
20278.2
20603.8
20929.6
21255.6
21581.4
21907.2
22233.0
22559.0
22884.8
23210.8
23536.6
23862.6
24188.6
24514.4
24840.4
25176.8
25570.8
25910.2
26358.4
26686.6
27011.4
27337.4
27662.8
27987.8
28312.4
28636.8
28972.4
29296.0
29638.2
29967.0
30295.2
30622.8
30950.0
31277.0
31604.0
31930.8
32257.6
32584.2
32910.8
33237.4
33564.0
33890.4
34216.8
34543.2
34869.6
35195.8
35522.2
35848.4
36174.6
36500.8
36827.0
37153.2
37479.2
37805.2
38131.0
38456.8
38782.4
39108.0
39433.4
39758.6
40084.0
40409.2
40734.4
41059.8
41385.0
41710.2
42035.4
42360.8
42686.2
43011.6
43337.0
43662.4
43988.0
44313.6
44639.2
44964.8
