15252.8
15587.2
15906.8
16241.6
16576.2
16908.6
17240.2
17573.4
17907.6
18244.0
18563.2
18897.2
19232.0
19567.6
19886.8
20221.0
20556.0
20891.8
21211.0
21545.4
21880.6
22216.2
22547.0
22879.8
23213.6
23225.8
23548.4
23885.2
24539.0
24549.4
24874.0
25229.0
25578.4
25944.0
26598.6
26928.2
27250.8
27568.8
27890.8
28208.6
28528.8
28853.0
29171.2
29504.2
29837.4
30173.2
30491.4
30825.0
31158.8
31476.8
31799.0
32134.4
32469.6
32787.8
33122.0
33457.0
33775.2
34108.4
34442.0
34778.4
35096.8
35430.6
35764.8
36083.6
36416.6
36750.4
37085.6
37404.4
37738.0
38072.2
38407.8
38726.8
39060.8
39395.2
39731.2
40050.2
40384.2
40718.2
41054.8
41373.6
41707.8
42042.2
42379.0
42697.8
43032.2
43366.8
43703.8
44022.6
44357.0
44691.8
