15127.2
15458.0
15788.6
16450.2
16781.4
17212.6
17558.8
17906.4
18248.4
18578.4
18908.4
19238.4
19568.2
19898.2
20228.0
20558.0
20888.0
21218.0
21548.2
21878.2
22208.4
22538.6
22868.8
23199.2
23529.4
23859.6
24190.0
24520.2
24850.6
25190.8
25524.8
25855.0
25881.4
26225.4
26875.6
27204.0
27532.4
27861.0
28189.6
28518.0
28846.4
29175.0
29503.6
29832.2
30161.0
30489.8
30818.8
31148.0
31477.2
31806.6
32136.0
32465.4
32795.0
33124.8
33454.6
33784.4
34114.2
34444.2
34774.2
35104.4
35434.4
35764.6
36094.8
36425.0
36755.2
37085.6
37416.0
37746.2
38076.6
38407.0
38737.4
39067.8
39398.2
39728.8
40059.2
40389.6
40720.0
41050.6
41381.0
41711.4
42041.8
42372.2
42702.6
43033.0
43363.4
43693.6
44023.8
44354.0
44684.2
