15259.6
15591.4
15594.0
15923.2
16242.6
16563.4
16895.8
17216.2
17537.6
17860.8
18184.8
18508.4
19146.4
19466.2
19798.0
20117.0
20437.6
20770.0
21090.0
21411.8
21418.4
21744.8
22065.8
22388.6
22722.4
23044.2
23367.2
23692.4
24014.8
24332.6
24971.8
25306.8
25640.4
25658.0
26043.0
26415.2
26755.2
27088.6
27411.2
27735.4
28070.6
28403.0
28734.8
29067.0
29386.8
29718.8
30050.0
30382.0
30701.0
31032.8
31363.8
31695.4
32014.2
32346.4
32678.2
32997.4
33329.8
33661.8
33981.4
34314.0
34645.8
34964.8
35284.6
35616.6
35948.2
36267.0
36586.4
36918.8
37238.6
37560.0
37893.2
38214.0
38536.6
38860.0
39184.2
39507.6
39826.2
40145.2
40476.6
40795.6
41116.2
41448.0
41779.2
42097.8
42418.0
42750.4
43070.4
43392.2
43715.2
44038.8
44362.8
44686.2
