664.4
942.8
1230.6
1542.4
1874.2
2225.8
2579.6
2926.6
3601.0
3933.0
4265.2
4597.4
4929.6
5261.6
5593.8
5925.8
6257.8
6589.8
6922.0
7254.2
7586.2
7918.4
8250.6
8582.8
8915.2
9247.4
9580.4
10022.8
10370.6
10716.4
11082.6
11422.4
11759.6
12095.2
12429.8
12763.6
13097.0
13430.0
13762.8
14095.6
14428.2
14760.6
15093.2
15425.6
15758.0
16090.2
16422.6
16755.0
17087.2
17419.4
17751.6
18084.0
18416.2
18748.2
19080.4
19412.6
19744.6
20076.8
20408.8
20740.8
21072.8
21404.8
21736.8
22068.6
22400.6
22732.6
23064.4
23396.4
23728.4
24060.4
24392.4
24724.2
25056.2
25388.2
25720.4
26052.4
26384.4
26716.4
27048.4
27380.6
27712.6
28044.8
28376.8
28709.0
29041.2
29373.4
29705.4
30037.6
30369.8
30702.0
31034.2
31366.4
31698.6
32030.8
32363.0
32695.2
33027.4
33359.6
33691.8
34024.0
34356.2
34688.4
35020.6
35352.8
35685.0
36017.2
36349.4
36681.6
37013.8
37346.0
37678.2
38010.6
38342.8
38675.0
39007.2
39339.6
39672.2
40115.8
40464.2
40810.6
41175.4
41521.6
41856.0
42190.0
42523.4
42856.6
43189.6
43522.4
43855.0
44187.4
44520.0
44852.4
45184.8
45517.2
45849.4
46181.8
46514.0
46846.4
47178.6
47510.8
47843.2
48175.4
48507.6
48839.8
49172.0
49504.2
49836.6
