15046.8
15365.8
15688.0
16005.0
16324.8
16642.6
16961.4
17283.2
17600.4
17919.6
18237.6
18556.2
18876.8
19194.4
19513.4
19836.2
20153.2
20472.8
20790.6
21109.4
21431.0
21748.4
22067.6
22386.0
22704.8
23025.2
23343.2
23662.4
23985.2
24302.4
24621.8
24940.0
25264.6
25628.8
25954.8
26325.0
26664.8
26998.2
27330.2
27648.0
27970.4
28305.2
28621.6
28942.4
29277.4
29593.6
29913.0
30247.2
30577.2
30894.8
31228.0
31564.6
31881.6
32202.6
32538.4
32855.2
33175.4
33187.8
33511.0
33827.8
34147.2
34468.0
34785.0
35105.6
35423.8
35742.2
36065.6
36382.0
36701.6
37021.0
37338.6
37660.0
37977.2
38296.0
38619.2
38935.8
39255.8
39574.4
39892.4
40215.0
40531.6
40851.0
41171.0
41488.4
41809.2
42127.0
42445.4
42769.4
43086.0
43405.6
43725.0
44042.8
44364.6
44681.8
