15166.2
15491.6
15819.8
16145.4
16472.0
16802.2
17127.8
17455.6
17782.4
18108.8
18439.0
18764.6
19092.4
19423.4
19736.2
20067.8
20380.0
20710.4
21035.4
21362.6
21688.2
22014.0
22343.8
22668.6
22996.0
23321.4
23647.4
23977.2
24302.2
24629.8
25286.0
25290.8
25636.0
25970.2
26406.8
26728.6
27055.0
27380.8
27710.2
28034.2
28361.4
28702.6
29366.2
29373.2
29703.8
30032.8
30356.4
30683.6
31007.4
31333.2
31658.6
31983.2
32311.8
32635.6
32962.2
33286.0
33611.4
33940.8
34264.8
34592.2
34916.0
35241.8
35567.6
35892.2
36220.8
36544.6
36871.2
37195.2
37520.6
37850.0
38174.0
38501.2
38825.2
39151.0
39479.6
39804.0
40132.0
40455.8
40782.2
41107.0
41433.6
41761.4
42086.0
42412.2
43062.2
43062.2
43391.8
43716.4
44043.4
44367.6
44693.6
