15298.6
15628.0
15963.8
16292.4
16620.4
16954.8
17283.4
17611.4
17945.0
18273.6
18601.4
18934.8
19262.4
19590.2
19923.0
20251.4
20579.2
20912.0
21240.2
21568.0
21900.4
22228.6
22557.0
22889.2
23216.8
23544.8
23876.8
24205.0
24533.2
24865.2
25198.8
25551.8
25898.2
26230.4
26573.8
26903.4
27231.0
27558.6
27877.8
28196.8
28513.8
28842.4
29174.6
29503.4
29837.4
30156.4
30485.8
30815.0
31147.6
31464.6
31793.8
32128.0
32457.2
32785.6
33118.8
33448.0
33776.4
34109.4
34426.6
34755.8
35090.0
35419.0
35747.6
36081.4
36728.4
36730.6
37062.8
37392.6
37721.2
38055.2
38373.4
38705.8
39035.8
39685.4
40014.2
40346.8
40675.4
41005.0
41337.0
41666.0
41668.4
42000.0
42319.8
42978.6
42981.4
43311.0
43970.0
44301.8
44630.6
44965.4
