15181.4
15505.2
15829.0
16158.2
16484.4
16809.6
17134.0
17458.0
17781.6
18109.6
18436.6
18762.0
19086.6
19410.6
19734.4
20059.4
20387.8
20713.4
21038.2
21362.6
21686.4
22010.2
22339.6
22665.6
22990.6
23315.0
23639.0
23962.8
24292.0
24618.4
24943.8
25274.2
25642.0
25977.6
26357.2
26680.0
27008.0
27334.8
27660.6
27985.6
28310.6
28639.4
28964.8
29289.4
29613.6
29937.6
30267.6
30918.4
31243.0
31567.2
31891.2
32220.6
32546.6
32871.8
33196.6
33520.6
33844.6
34173.8
34500.2
34825.6
35150.4
35474.6
35798.6
36127.4
36454.2
36779.6
37104.6
37429.2
37753.2
38082.2
38409.2
38735.0
39060.0
39384.6
39709.0
40038.8
40365.6
40691.4
41016.6
41341.4
41666.0
41996.0
42322.6
42648.4
42973.6
43298.6
43624.0
43953.4
44280.0
44605.8
44931.0
