15164.2
15484.6
15804.0
16125.0
16448.4
16772.8
17090.8
17411.4
17733.8
18059.6
18377.4
18697.4
19019.2
19344.4
19662.6
19982.6
20304.0
20628.8
20948.2
21268.2
21589.4
21913.6
22235.8
22554.8
22875.6
23198.8
23524.8
23842.8
24163.2
24485.2
24810.6
25158.4
25500.0
25822.6
26277.0
26603.8
26928.4
27254.6
27574.4
27896.6
28216.8
28550.6
28885.2
29212.0
29547.4
29880.0
30204.8
30842.2
31163.6
31168.2
31488.4
32126.8
32448.2
32453.0
32772.8
33411.8
33733.0
34057.0
34377.4
34696.6
35017.4
35340.8
35344.6
35665.2
36303.4
36626.0
36629.8
36951.4
37589.0
37910.8
37914.6
38236.0
38873.4
39195.0
39199.8
39519.8
40158.2
40479.4
40803.8
41123.4
41443.2
41764.2
42088.0
42409.4
42728.2
43049.0
43372.2
43697.4
44015.2
44335.4
44657.6
44983.2
