15177.6
15511.6
15838.2
16167.6
16499.8
16826.8
17155.2
17485.8
17819.4
18132.8
18464.8
18798.2
19112.0
19444.0
19775.6
20090.2
20422.6
20751.6
21079.2
21409.2
21742.8
22057.0
22388.0
22721.8
23048.2
23377.0
23709.0
24035.6
24363.4
24694.4
25048.2
25399.6
25768.2
26092.0
26427.4
26743.0
27191.8
27544.4
27886.6
28227.0
28560.2
28904.4
29230.2
29557.6
29887.0
30219.8
30545.2
30873.6
31205.4
31531.0
31858.8
32189.6
32515.6
32843.0
33173.0
33501.6
33828.0
34157.2
34490.0
34815.6
35144.0
35475.6
35801.4
36129.2
36459.8
36786.0
37113.4
37443.2
37774.0
38100.0
38429.0
38761.6
39087.2
39415.4
39746.8
40072.8
40400.4
40730.8
41058.2
41385.2
41714.8
42047.6
42373.4
42702.0
43034.2
43360.0
43688.0
44019.0
44345.8
44673.2
