15130.8
15466.8
15804.4
16122.6
16457.4
16795.0
17125.2
17456.2
17790.2
18127.6
18445.2
18779.0
19115.6
19450.4
19780.0
20113.2
20449.4
20767.4
21099.8
21435.6
21773.4
22091.6
22426.2
22763.6
23094.2
23425.0
23758.8
24096.2
24414.2
24748.0
25098.0
25448.4
25890.4
26198.2
26529.4
26860.8
27200.0
27529.8
27862.6
28197.6
28535.0
28871.6
29188.6
29522.4
29858.6
30195.4
30515.2
30847.4
31185.0
31836.4
31849.6
32173.2
32506.8
32838.4
33170.2
33506.8
34157.4
34171.0
34493.4
34831.2
35484.2
35494.6
35821.6
36152.2
36486.0
36817.0
37154.4
37806.0
37819.6
38142.4
38478.8
39132.2
39139.8
39470.2
40131.6
40140.2
40466.0
40803.6
41455.0
41464.8
41791.8
42124.4
42455.0
42788.0
43124.6
43776.2
43788.2
44112.0
44449.4
