15060.6
15388.0
15715.6
16044.2
16373.8
16702.6
17028.0
17681.0
18008.4
18336.8
18666.8
18998.2
19327.6
19658.0
19983.6
20310.2
20637.0
20964.4
21292.4
21622.0
21671.6
22087.6
22433.6
22778.6
23119.2
23446.6
23772.2
24109.8
24435.0
24760.8
25090.0
25431.8
25771.0
26109.6
26513.4
26847.6
27186.4
27524.6
27849.8
28177.0
28516.2
28855.0
29193.6
29531.4
29857.4
30185.0
30514.0
30844.6
31176.6
31505.2
31832.2
32158.0
32484.2
32811.0
33138.6
33467.4
33797.8
34130.0
34462.2
34791.0
35118.6
35445.2
35772.2
36099.6
36428.0
36757.4
37088.4
37421.0
37754.6
38087.8
38417.8
38746.6
39074.2
39401.8
39729.8
40058.4
40387.8
40718.4
41050.4
41383.4
41717.2
42050.4
42380.8
42709.6
43036.6
43363.6
43691.2
44019.2
44348.4
44678.8
