15013.4
15329.0
15657.2
15990.0
16317.8
16645.2
16975.4
17302.8
17632.0
17960.4
18287.8
18619.4
18934.4
19262.4
19594.4
19922.0
20249.2
20579.0
20906.4
21238.2
21554.0
21882.4
22215.2
22542.8
22870.2
23200.6
23528.0
23856.0
24184.8
24512.2
24844.2
25175.8
25527.0
25843.8
26176.0
26506.6
26824.2
27140.6
27455.6
27769.8
28083.8
28414.6
28729.0
29057.2
29386.2
29713.6
30045.8
30360.8
30689.0
31020.8
31348.8
31676.6
32006.6
32334.2
32667.2
32982.8
33311.2
33644.0
33972.4
34300.4
34630.8
34958.8
35292.0
35936.2
36269.2
36597.4
36602.8
36925.4
37255.8
37583.4
37916.4
38560.8
38893.8
39222.4
39550.6
39881.2
40209.4
40542.8
40858.8
41187.6
41520.8
41849.2
42177.4
42178.2
42507.8
42838.8
43169.2
43497.8
43826.2
44157.0
44486.4
44818.6
