15078.8
15414.6
15746.0
16077.2
16409.8
16746.4
17062.8
17395.2
17730.0
18062.2
18392.8
18725.0
19060.6
19392.8
19710.8
20045.2
20379.4
20709.8
21041.6
21375.8
21709.0
22040.0
22372.4
22707.4
23040.8
23372.2
23705.0
24138.2
24484.4
24498.2
24834.8
25550.2
25914.8
25917.4
26235.0
26624.2
26972.4
27314.4
27643.0
27973.8
28308.4
28637.4
29310.0
29642.4
29971.8
30300.4
30630.8
30632.4
30965.8
31293.4
31622.8
31954.8
32285.0
32613.4
32943.8
33278.4
33606.6
33935.8
34267.6
34598.6
34927.0
35257.2
35591.4
35920.4
36249.6
36581.0
36914.0
37242.2
37572.2
37905.6
38235.8
38565.0
38896.2
39231.6
39560.6
39890.6
40223.0
40555.8
40884.8
41215.4
41549.0
41880.0
42209.6
42541.0
42876.6
43206.8
43537.2
43869.4
44206.2
44536.2
44867.2
