15180.8
15509.4
15837.8
16166.2
16494.2
16822.2
17150.2
17478.8
17808.2
18138.8
18472.6
18793.0
19110.8
19445.0
19776.4
20106.6
20436.2
20765.2
21093.8
21422.2
21750.4
22078.6
22406.4
22734.4
23062.4
23391.2
23721.0
24054.2
24370.8
24687.4
25043.2
25379.2
25710.0
26058.2
26451.2
26770.8
27103.4
27435.8
27766.8
28096.4
28425.2
28753.6
29081.6
29409.4
29737.0
30064.4
30391.8
30719.0
31046.0
31373.0
31700.0
32027.4
32355.2
32683.6
33013.2
33345.8
33676.4
34006.2
34335.6
34664.6
34993.2
35321.8
35650.0
35978.0
36306.0
36633.8
36961.8
37290.2
37619.4
37949.4
38283.2
38615.4
38946.4
39276.8
39606.4
39936.0
40265.0
40594.0
40922.8
41251.6
41580.8
41911.0
42242.4
42577.0
42909.2
43240.2
43570.2
43899.8
44228.8
44557.6
44886.0
