15282.4
15608.8
15932.2
16255.6
16582.8
16906.2
17229.2
17557.0
17879.8
18202.4
18530.6
18853.8
19177.2
19488.8
19816.4
20140.0
20463.2
20790.8
21114.2
21437.2
21765.2
22088.8
22411.6
22740.0
23062.8
23385.4
23713.8
24037.8
24360.8
24689.6
25017.4
25369.8
25689.8
26028.8
26352.0
26677.0
26990.4
27424.6
27775.0
28112.6
28445.2
28769.6
29093.6
29420.0
29743.2
30066.8
30392.8
30716.0
31038.8
31365.8
31688.8
32011.4
32339.2
32662.4
32985.0
33313.4
33636.6
33959.2
34287.8
34611.2
34933.8
35262.2
35585.8
35908.4
36236.6
36560.4
36883.2
37210.2
37534.6
37857.4
38181.4
38507.0
38830.0
39152.6
39479.6
39802.6
40125.2
40453.2
40776.4
41099.2
41427.8
41751.4
42074.4
42403.4
42727.2
43050.4
43379.8
43703.8
44027.2
44356.4
44680.6
