15043.6
15372.6
15701.8
16036.4
16356.2
16676.4
17007.4
17337.0
17665.8
17999.8
18320.4
18641.0
18970.8
19300.0
19617.2
19947.2
20282.0
20602.2
20933.6
21251.8
21581.8
21910.6
22245.6
22566.2
22897.2
23226.4
23543.8
23873.4
24208.4
24528.8
24849.8
25187.8
25518.0
25848.6
26250.6
26598.2
26938.8
27269.2
27599.0
27928.2
28262.6
28594.8
28925.0
29254.6
29589.8
29920.6
30239.6
30570.2
30900.0
30914.2
31234.8
31885.6
32204.4
32534.4
32851.2
33180.6
33187.0
33514.8
33835.6
34475.8
34806.2
35134.8
35135.0
35464.8
36102.0
36103.8
36435.0
36765.0
37401.4
37731.4
37736.6
38059.6
38394.2
38715.4
39034.6
39354.6
39684.8
40342.6
40658.6
40976.0
40980.2
41311.0
41641.2
42278.4
42608.2
42613.8
42936.2
43270.8
43591.6
43912.2
44232.0
44562.2
