15146.6
15465.6
15790.0
16108.8
16432.4
16751.0
17074.2
17392.6
17715.4
18033.6
18356.2
18674.4
18997.0
19315.2
19637.4
19955.6
20277.8
20596.0
20918.2
21236.4
21558.6
21876.8
22199.0
22517.2
22839.4
23157.8
23479.8
23798.2
24120.4
24438.6
24760.8
25081.2
25412.8
25796.0
26217.6
26549.0
26883.4
27203.0
27526.0
27844.6
28166.4
28503.4
28821.6
29145.8
29483.2
29487.8
29813.6
30146.2
30464.4
30784.6
31103.0
31423.6
31742.2
32063.0
32400.2
32718.6
33043.0
33361.4
33685.8
34004.4
34328.2
34646.8
34970.4
35289.0
35612.4
35931.0
36254.0
36572.8
36895.6
37214.4
37537.0
37855.8
38178.2
38497.2
38819.4
39138.4
39460.6
39779.6
40101.6
40420.6
40742.4
41061.4
41383.2
41702.2
42023.8
42342.8
42664.4
42983.4
43305.0
43624.0
43945.4
44264.4
44585.8
44904.8
