15122.2
15451.2
15782.2
16114.2
16443.8
16777.4
17106.4
17437.6
17773.0
18090.2
18425.6
18755.0
19086.4
19417.4
19747.6
20081.6
20410.8
20742.0
21077.2
21406.4
21739.4
22068.4
22399.0
22733.8
23050.4
23385.2
23714.4
24045.0
24377.4
24706.6
25052.2
25405.2
25761.6
26147.4
26489.6
26824.0
27154.8
27489.4
27819.4
28151.2
28474.2
28791.4
29125.4
29454.8
29785.2
29793.2
30119.2
30448.0
30778.8
31111.8
31765.4
32094.4
32426.8
32756.0
33086.4
33095.2
33421.0
33749.8
34081.2
34410.4
34740.6
35075.0
35725.8
36054.8
36385.4
36395.2
36719.8
37373.0
37702.2
38033.6
38363.4
38693.6
39027.8
39357.0
39688.2
40019.4
40348.8
40356.8
40682.4
41011.2
41341.8
41675.0
42328.4
42657.6
42989.2
43318.6
43649.0
43983.6
44312.6
44644.2
44974.2
