15049.0
15376.4
15704.4
16034.6
16361.8
16686.8
17013.4
17341.4
17671.4
17984.0
18311.2
18639.0
18968.4
19299.4
19624.8
19950.4
20277.6
20606.4
20937.6
21250.2
21577.0
21905.4
22235.8
22562.0
22887.8
23214.4
23542.4
23872.4
24199.2
24525.2
24851.2
25188.0
25526.2
25852.4
26188.8
26526.0
26856.8
27169.0
27497.2
27809.6
28122.6
28450.6
28779.0
29109.0
29421.8
29748.0
30075.2
30404.0
30735.0
31060.6
31386.4
31713.6
32042.4
32373.4
32685.4
33012.8
33340.8
33671.0
33998.4
34324.0
34650.8
34978.0
35308.0
35947.8
36275.4
36277.8
36605.0
36935.8
37261.4
37914.0
37915.0
38243.0
38573.8
39214.4
39542.8
39873.2
40200.6
40526.8
40852.6
40862.4
41180.2
41510.0
41838.8
42164.6
42491.6
42818.0
43147.6
43478.4
44118.6
44129.2
44447.4
44778.2
