15234.8
15555.6
15874.8
16195.2
16517.6
16842.0
17160.6
17480.6
17802.0
18125.4
18445.0
18764.8
19085.8
19408.4
19733.0
20052.0
20372.4
20694.0
21017.8
21337.6
21657.8
21979.0
22301.8
22627.0
23062.0
23406.2
23740.0
24072.2
24073.2
24404.2
24736.8
25077.2
25755.6
25756.0
26093.4
26753.8
27086.6
27095.2
27420.0
27742.2
28387.0
28707.4
29028.4
29362.6
29697.2
30019.2
30344.0
30681.0
31017.2
31338.2
31658.0
31979.4
32302.6
32638.6
32974.4
32977.0
33298.8
33937.4
34258.6
34261.2
34582.2
35221.0
35541.8
35864.4
35866.2
36188.2
36827.0
37148.4
37151.0
37472.4
38110.8
38431.6
38435.0
38754.8
39075.4
39714.8
40037.0
40040.0
40361.4
40999.8
41321.2
41324.2
41644.8
42283.4
42604.2
42927.0
42929.4
43250.4
43889.4
44211.0
44214.8
44535.4
