15087.8
15412.4
15739.6
16082.4
16406.8
16748.0
17073.8
17402.8
17740.8
18078.6
18418.6
18757.2
19084.6
19428.2
19752.4
20093.4
20430.6
20769.0
21099.0
21424.0
21755.0
22092.6
22431.8
22756.8
23083.8
23426.8
23751.4
24092.4
24430.2
24756.6
25114.4
25439.2
25777.0
26162.4
26505.6
26847.0
27184.4
27522.8
27862.6
28200.6
28527.4
28855.4
29182.4
29523.0
29860.4
30199.4
30540.4
30865.4
31194.6
31532.2
31870.4
32211.8
32536.6
32865.8
33203.4
33541.6
33883.6
34208.2
34537.4
34875.6
35214.2
35555.0
35883.8
36208.8
36542.4
36874.8
37211.8
37551.6
37889.2
38213.6
38542.4
38880.0
39220.2
39558.4
39882.8
40211.8
40549.4
40887.4
41228.8
41553.2
41882.4
42220.0
42558.2
42883.0
43211.0
43551.6
43885.6
44216.8
44543.2
44870.4
