15154.2
15477.8
15805.6
16128.6
16458.6
16773.2
17097.8
17427.8
17752.6
18076.2
18404.6
18727.8
19057.4
19372.6
19697.2
20027.2
20352.4
20676.2
21005.0
21328.4
21657.6
21973.0
22297.8
22627.4
22942.8
23267.6
23598.4
23922.2
24245.6
24574.2
24898.0
25248.2
25574.4
25964.0
26272.2
26599.2
26924.6
27248.0
27577.0
27901.4
28232.2
28557.4
28888.0
29213.8
29539.0
29866.8
30191.4
30521.6
30846.8
31174.8
31501.4
31825.8
32155.6
32480.2
32805.4
33132.6
33456.4
33786.6
34111.0
34434.8
34762.8
35086.4
35416.4
35731.4
36056.0
36386.8
36711.0
37034.4
37363.0
37685.8
38014.6
38330.4
38655.2
38985.0
39310.0
39633.6
39962.4
40285.6
40611.8
40938.4
41262.2
41591.8
41905.8
42230.2
42560.2
42883.8
43207.4
43535.4
43859.2
44189.2
44828.4
44832.8
