15174.6
15504.0
15833.4
16162.8
16491.8
16820.8
17149.8
17478.8
17808.4
18140.8
18455.2
18784.6
19113.8
19443.8
19777.4
20092.0
20422.2
20754.6
21087.6
21419.4
21750.6
22081.4
22411.6
22741.4
23071.2
23400.8
23730.2
24059.4
24388.8
24717.8
25049.0
25379.2
25707.8
26035.6
26458.0
26784.0
27114.6
27444.4
27773.8
28102.8
28431.6
28760.0
29088.4
29416.6
29744.8
30073.0
30401.0
30729.0
31057.0
31385.0
31712.8
32040.6
32368.2
32696.0
33023.6
33351.2
33679.0
34006.8
34334.8
34662.8
34990.8
35319.0
35647.4
35975.8
36304.4
36633.2
36962.2
37291.4
37620.8
37951.4
38285.2
38617.4
38948.4
39278.8
39608.8
39938.6
40268.6
40598.4
40928.2
41257.8
41587.4
41917.0
42246.4
42576.0
42905.6
43235.0
43564.6
43894.4
44224.0
44553.8
44883.6
