15049.6
15384.4
15719.6
16058.8
16393.2
16735.0
17060.6
17396.0
17737.8
18063.0
18398.4
18740.2
19065.0
19400.4
19742.0
20077.4
20413.0
20752.8
21087.2
21427.6
21754.2
22089.2
22430.0
22756.0
23091.4
23432.8
23758.2
24093.8
24435.4
24760.4
25098.0
25456.8
25787.2
26162.0
26516.4
26860.6
27195.8
27533.6
27870.2
28542.8
28879.0
29214.4
29553.2
29889.2
29895.6
30230.8
30571.2
30899.8
31238.8
31573.0
31911.0
32247.2
32581.6
32922.8
33246.8
33581.8
33923.4
34247.8
34585.0
34926.6
35261.0
35595.4
35934.6
36268.6
36604.8
36941.4
37275.4
37616.8
37941.0
38276.0
38617.6
38942.2
39277.4
39619.0
39943.8
40279.2
40620.8
40955.8
41291.2
41630.8
41965.0
42303.2
42639.6
42974.4
43315.8
43639.6
43974.6
44315.8
44640.2
44975.4
