15046.0
15358.0
15669.6
15997.0
16319.6
16637.4
16950.6
17273.8
17596.8
17907.0
18225.2
18539.2
18868.4
19191.0
19518.8
19830.0
20142.2
20469.0
20790.2
21115.4
21425.8
21737.6
22063.6
22384.4
22708.2
23018.6
23333.8
23650.4
23972.0
24296.2
24607.0
24923.0
25248.6
25593.6
25917.4
26256.8
26578.4
26890.6
27202.6
27519.6
27831.8
28142.6
28458.6
28769.4
29079.4
29395.6
29706.2
30017.2
30344.8
30666.4
30992.4
31303.8
31632.6
31943.6
32272.0
32894.4
32900.8
33222.8
33544.6
33861.4
34181.2
34497.2
34821.0
35448.4
35762.4
36087.4
36410.6
36420.2
36732.0
37369.8
37687.4
38001.0
38010.0
38328.6
38964.0
38971.4
39289.2
39599.6
39927.2
40249.6
40568.2
40890.4
41203.2
41527.8
41848.2
42165.2
42476.0
42790.0
43114.6
43436.6
43760.4
44071.4
44387.4
