15259.8
15581.0
15898.8
16220.2
16537.6
16859.2
17176.8
17498.4
17816.0
18137.8
18455.2
18777.2
19094.6
19416.6
19734.4
20056.2
20373.8
20696.0
21013.8
21335.8
21653.6
21975.6
22293.4
22615.6
22933.6
23255.6
23573.4
23895.6
24213.8
24535.6
24853.6
25187.4
25537.0
25898.0
26273.2
26629.6
26968.2
27300.4
27629.0
27949.0
28268.4
28598.8
28931.4
29248.6
29580.6
29915.8
30245.0
30576.2
30895.0
31215.6
31550.8
31868.2
32192.6
32511.0
32844.8
33162.6
33483.4
33801.4
34122.4
34440.4
34761.6
35079.6
35400.8
35718.8
36040.0
36357.8
36679.2
36996.8
37318.2
37635.8
37957.2
38275.0
38596.4
38914.0
39235.8
39553.2
39875.0
40192.4
40514.2
40831.8
41153.8
41471.2
41793.2
42110.8
42432.8
42750.4
43072.4
43390.2
43712.4
44030.2
44352.2
44670.0
44992.0
