15092.6
15426.0
15756.2
16087.8
16423.8
16753.8
17087.4
17417.6
17749.2
18085.0
18415.2
18748.8
19079.0
19410.6
19746.4
20076.6
20410.2
20740.4
21072.0
21407.8
21738.2
22071.6
22401.8
22733.4
23069.4
23399.6
23733.0
24063.4
24395.0
24730.8
25063.8
25404.0
25758.2
26083.6
26413.6
26830.2
27173.2
27503.0
27835.6
28166.2
28496.0
28829.2
29157.8
29488.6
29821.4
30150.2
30483.2
30811.8
31143.0
31472.0
31802.2
32137.0
32465.4
32797.8
33126.6
33457.4
33787.4
34117.0
34451.4
34780.0
35112.0
35441.0
35771.6
36106.0
36434.8
36768.0
37097.0
37428.4
37758.6
38089.0
38423.8
38753.0
39085.4
39415.0
39746.2
40081.8
40411.2
40744.0
41073.8
41405.2
41741.0
42070.4
42403.6
42733.4
43065.0
43400.6
43730.2
44063.6
44393.6
44725.2
