15207.4
15530.2
15848.0
16170.6
16488.4
16811.0
17128.8
17451.4
17769.2
18091.8
18409.6
18732.2
19050.0
19372.6
19690.4
20013.0
20330.8
20653.4
20971.2
21293.6
21611.4
21934.0
22251.8
22574.4
22892.2
23214.6
23532.4
23855.0
24172.8
24495.4
24813.2
25148.4
25500.6
25854.2
26206.6
26538.4
26860.4
27179.2
27504.4
27822.6
28146.8
28464.8
28787.0
29105.0
29427.0
29748.0
30081.4
30406.6
30725.2
31050.2
31369.6
31694.0
32013.0
32336.4
32655.4
32978.4
33297.2
33619.8
33938.8
34261.0
34580.0
34902.0
35221.0
35543.0
35862.0
36183.8
36502.8
36824.4
37143.4
37465.0
37784.0
38105.6
38424.6
38746.2
39065.2
39386.8
39705.6
40027.2
40346.2
40667.6
40986.6
41308.0
41627.0
41948.4
42267.6
42588.8
42908.2
43229.2
43548.8
43869.6
44189.2
44510.0
44829.6
