15109.0
15437.0
15745.0
16069.2
16395.0
16723.0
17044.0
17365.2
17688.6
18014.4
18342.6
18650.4
18974.4
19300.0
19627.8
19948.8
20270.0
20593.4
20919.2
21247.2
21555.0
21878.8
22204.4
22532.2
22853.2
23174.4
23497.8
23823.6
24151.6
24459.4
24783.2
25121.4
25459.2
25809.4
26196.8
26560.2
26906.2
27245.8
27567.2
27889.4
28212.8
28537.4
28863.8
29191.8
29514.4
29836.2
30159.2
30484.0
30811.2
31137.2
31457.6
31780.4
32105.0
32432.4
32756.0
33077.0
33400.0
33725.2
34052.8
34375.2
34697.0
35020.2
35345.6
35673.6
35996.6
36318.4
36642.0
36967.4
37295.4
37622.2
37943.6
38267.0
38592.0
38919.6
39248.6
39570.0
39893.2
40217.8
40544.6
40873.2
41195.2
41517.8
41841.6
42167.4
42495.2
42817.2
43138.6
43461.8
43787.2
43791.0
44114.8
44758.0
