15143.0
15474.4
15810.6
16141.0
16471.8
16806.6
17136.6
17467.0
17800.2
18130.0
18466.6
18786.4
19117.6
19453.8
19784.2
20114.6
20449.8
20769.0
21100.4
21436.0
21755.6
22086.8
22422.6
22753.4
23084.0
23418.2
23748.6
24082.0
24414.0
24745.0
25098.2
25431.8
25780.8
26169.8
26522.4
26853.8
27187.2
27517.8
27849.8
28182.2
28512.8
28848.2
29178.4
29516.2
29846.8
30177.6
30512.2
30843.0
31180.4
31511.6
31842.4
32178.6
32509.2
32839.8
33173.4
33503.8
33841.0
34171.6
34501.8
34837.2
35167.2
35497.4
35830.8
36160.8
36497.0
36817.2
37148.0
37483.8
37814.4
38144.6
38480.2
38810.2
39140.2
39474.0
39803.8
40134.6
40466.8
40796.6
41133.4
41452.8
41784.2
42120.4
42439.8
42771.2
43107.4
43426.8
43758.2
44094.4
44414.2
44745.6
