15140.6
15474.8
15808.0
16140.4
16472.4
16804.0
17135.4
17466.4
17797.2
18127.8
18458.6
18790.0
19122.8
19441.4
19774.2
20107.2
20441.8
20763.6
21102.8
21428.0
21752.4
22076.2
22414.2
22748.4
23081.6
23413.8
23745.8
24077.2
24408.2
24739.2
25073.6
25441.6
25762.4
26103.4
26446.4
26790.2
27119.6
27450.6
27781.6
28112.8
28444.8
28776.6
29108.2
29439.8
29771.4
30103.0
30439.0
30772.6
31105.0
31437.2
31769.4
32099.8
32430.6
32761.4
33092.2
33422.4
33752.2
34081.8
34411.8
34742.2
35071.6
35401.2
35731.0
36060.6
36390.0
36719.8
37049.4
37379.0
37709.2
38043.0
38375.8
38707.8
39039.4
39370.4
39701.2
40032.0
40362.4
40692.8
41023.0
41353.2
41683.2
42013.2
42343.0
42672.4
43001.8
43331.8
43661.0
43990.6
44320.2
44650.0
44979.6
