15212.6
15546.4
15881.0
16197.0
16519.8
16840.8
17171.0
17502.6
17837.4
18153.0
18474.2
18794.0
19124.6
19456.2
19774.4
20095.4
20429.4
20764.2
21080.2
21402.8
21740.4
22056.8
22389.4
22723.4
23039.0
23359.8
23696.6
24013.2
24345.6
24679.0
24995.8
25325.6
25668.8
26042.8
26356.6
26761.6
27096.2
27427.8
27762.2
28090.2
28419.4
28749.6
29082.6
29412.4
29741.2
30071.0
30403.8
30732.4
31060.4
31391.0
31725.6
32042.6
32374.0
32707.4
33039.0
33367.4
33698.4
34032.2
34364.2
34693.4
35026.0
35351.0
35668.6
35675.8
36001.0
36334.0
36663.4
37306.2
37625.0
37956.2
37966.0
38288.8
38621.4
38938.2
39261.0
39911.0
39922.2
40243.4
40561.4
40893.0
41216.0
41866.4
41876.6
42198.2
42516.2
42850.0
43177.6
43815.8
44141.4
44148.2
44471.4
