15012.2
15334.4
15657.8
15982.2
16308.2
16634.6
16955.2
17276.4
17598.0
17920.0
18243.0
18567.2
18892.6
19218.2
19537.8
19858.8
20179.8
20501.8
20824.6
21149.0
21474.6
21796.8
22117.0
22437.8
22759.0
23081.2
23404.8
23730.0
24056.0
24363.2
24685.4
25011.0
25342.6
25673.6
26006.6
26342.2
26677.2
26997.4
27319.2
27642.2
27966.0
28290.8
28616.2
28942.0
29265.8
29585.2
29905.6
30226.4
30547.8
30870.4
31194.4
31519.8
31839.8
32160.2
32481.2
32802.6
33125.2
33449.4
33774.8
34095.8
34416.2
34737.2
35058.6
35381.0
35704.8
36030.2
36355.6
36675.6
36996.6
37318.0
37640.0
37963.2
38287.8
38613.6
38938.4
39258.8
39580.4
39902.0
40224.6
40548.0
40872.8
41199.0
41525.2
41845.6
42167.0
42488.8
42811.2
43134.4
43458.8
43784.4
44109.8
44429.6
44750.4
