15081.2
15400.6
15720.6
16041.2
16362.6
16685.2
17008.8
17333.0
17652.6
17970.8
18290.0
18609.8
18930.4
19252.0
19574.4
19898.0
20222.2
20543.0
20860.8
21180.0
21499.6
21820.0
22141.4
22463.6
22787.2
23111.4
23433.2
23751.0
24070.2
24389.8
24710.0
25041.0
25370.8
25707.8
26102.0
26510.2
26831.0
27166.0
27498.6
27830.4
28161.8
28492.6
28822.4
29153.0
29483.4
29814.4
30134.2
30466.4
30798.2
31129.8
31450.0
31772.0
32103.6
32424.4
32747.6
33079.8
33401.2
33724.4
34047.8
34050.8
34371.8
34696.0
35017.2
35335.0
35974.6
36295.4
36617.0
36939.4
37262.6
37262.8
37586.6
37910.4
38228.2
38547.2
39186.8
39507.8
39829.6
40152.6
40153.6
40476.4
40800.4
41119.2
41437.6
42077.2
42397.8
42719.6
43042.2
43044.2
43365.8
43690.0
44009.8
44327.8
44967.0
