15315.0
15644.0
15971.4
16299.6
16631.4
16958.8
17289.4
17616.6
17945.8
18273.2
18601.4
18932.0
19259.2
19590.6
19918.0
20247.8
20575.4
20904.2
21233.8
21561.2
21892.8
22220.2
22550.2
22877.6
23206.4
23534.8
23862.8
24194.4
24522.0
24852.2
25182.0
25515.4
25851.4
26201.0
26552.4
26892.8
27226.4
27542.2
27877.0
28204.8
28540.0
28856.6
29189.4
29517.6
29852.8
30168.6
30503.6
30830.8
31161.6
31491.4
31820.2
32155.2
32470.4
32805.4
33133.6
33465.0
33796.4
34113.8
34446.8
34764.0
35098.8
35415.2
35751.4
36079.0
36411.0
36739.4
37068.8
37403.0
37718.6
38054.8
38370.4
38705.8
39033.0
39364.2
39693.6
40022.4
40357.6
40672.8
41008.6
41336.6
41668.2
41998.4
42327.2
42662.6
42977.6
43313.2
43628.8
43963.2
44290.8
44621.4
44952.4
