15242.6
15576.6
15911.2
16242.0
16574.8
16910.8
17229.0
17562.6
17898.8
18229.4
18561.0
18895.2
19225.2
19556.0
19889.4
20220.8
20551.6
20884.2
21220.4
21538.2
21872.2
22205.6
22535.8
22858.0
23190.6
23521.8
23854.6
24190.8
24509.0
24843.0
25196.4
25547.8
25905.4
26237.0
26558.2
26970.8
27316.6
27661.6
28004.8
28339.4
28667.8
28998.2
29330.8
29660.2
29990.2
30322.2
30653.8
30983.2
31315.0
31650.2
31979.2
32310.4
32644.6
32973.4
33304.4
33638.4
33967.4
34298.2
34631.4
34960.8
35291.2
35624.0
35953.8
36284.0
36616.4
36947.2
37277.2
37609.0
37944.0
38273.2
38605.0
38939.8
39269.2
39600.0
39933.6
40262.8
40593.8
40927.0
41257.0
41587.8
41920.4
42251.8
42581.8
42914.0
43249.2
43578.8
43911.0
44246.0
44576.6
44908.8
