15151.2
15483.0
15801.0
16119.6
16447.4
16774.0
17100.0
17431.6
17759.6
18086.2
18412.6
18738.2
19064.6
19395.6
19713.2
20031.6
20359.4
20686.0
21011.6
21342.0
21670.6
21997.4
22323.6
22649.4
22975.2
23306.6
23624.4
23942.8
24270.8
24597.4
24923.4
25276.2
25608.0
25949.4
26274.8
26601.6
27012.0
27363.0
27701.8
28039.4
28369.6
28697.0
29025.8
29368.6
29694.8
30020.8
30346.4
30671.6
31002.8
31330.0
31656.4
31982.4
32307.6
32633.2
32964.0
33290.8
33617.0
33942.8
34268.0
34598.8
34926.6
35253.2
35579.4
35904.8
36230.8
36561.6
36888.6
37215.2
37541.0
37866.6
38198.4
38526.2
38853.0
39179.4
39505.0
39836.8
40165.2
40492.4
40819.0
41145.0
41476.8
41805.6
42133.0
42459.8
42786.2
43118.6
43447.4
43775.0
44101.8
44428.0
44760.6
