15122.4
15444.2
15766.0
16087.6
16409.4
16731.2
17052.8
17374.6
17696.4
18018.2
18340.2
18662.0
18984.0
19306.0
19628.0
19950.0
20272.0
20594.0
20916.0
21238.2
21560.2
21882.4
22204.4
22526.6
22848.8
23170.8
23493.0
23815.2
24459.4
24781.6
25113.6
25440.6
25779.4
25781.0
26113.6
26448.4
26767.8
27090.0
27413.2
27736.2
28058.6
28380.2
28701.2
29022.0
29342.8
29663.8
29984.8
30305.8
30626.8
30947.8
31269.0
31590.2
31911.6
32233.0
32554.4
32876.0
33197.6
33519.2
33840.8
34162.6
34484.4
34806.2
35128.0
35449.8
35771.8
36093.6
36415.6
36737.6
37059.6
37381.8
37703.8
38025.8
38348.0
38670.0
38992.2
39314.2
39636.4
39958.4
40280.6
40602.8
40925.0
41247.0
41569.2
41891.4
42213.6
42535.6
42857.8
43180.0
43502.2
43824.4
44146.6
44578.8
44922.6
