15274.6
15591.0
15919.8
16251.2
16567.6
16897.2
17227.6
17544.0
17879.0
18195.6
18514.0
18850.0
19167.2
19497.4
19830.6
20147.8
20478.8
20809.6
21137.6
21455.6
21786.4
22115.0
22437.2
22754.8
23085.0
23417.6
23746.2
24063.2
24395.4
24723.2
25071.2
25406.0
25765.2
26105.4
26428.2
26757.6
27091.0
27419.2
27749.2
28080.2
28411.4
28733.2
29063.0
29396.2
29725.2
30060.2
30378.0
30707.4
30709.0
31039.4
31370.8
31703.4
32020.2
32350.0
32682.0
32998.6
33328.4
33659.0
33987.8
34311.8
34959.2
34964.2
35282.6
35929.6
35931.8
36262.8
36910.0
36911.4
37242.2
37570.2
37903.8
38220.2
38549.0
38881.0
39197.4
39526.2
39857.2
40173.8
40508.0
40825.2
41154.4
41475.8
42124.6
42459.0
42776.2
43106.0
43437.8
43754.8
44086.6
44087.6
44416.6
44747.8
