15284.4
15611.4
15940.8
16268.0
16592.6
16919.2
17249.2
17576.8
17889.0
18217.4
18549.6
18860.0
19187.0
19516.8
19843.6
20168.2
20494.8
20824.8
21152.4
21464.6
21793.0
22125.0
22435.4
22762.4
23092.4
23418.8
23743.4
24069.8
24400.2
24727.2
25055.2
25387.6
25737.8
26111.2
26432.4
26759.2
27088.0
27412.2
27737.6
28064.4
28393.8
28717.4
29042.8
29369.4
29709.0
30033.8
30358.0
30683.6
31011.0
31335.6
31661.0
31987.6
32316.6
32641.4
32967.6
33295.2
33624.8
33950.2
34276.6
34604.0
34933.8
35259.0
35585.2
35912.8
36242.6
36567.6
36893.8
37221.8
37552.0
37875.2
38200.0
38527.0
38855.0
39178.0
39502.8
39829.0
40156.2
40479.4
40804.8
41132.4
41456.6
41781.4
42109.0
42437.8
42761.0
43085.4
43412.0
43739.8
44062.8
44714.0
44714.0
