15259.0
15576.4
15897.8
16215.2
16537.6
16855.0
17178.0
17495.4
17818.4
18135.8
18459.0
18776.6
19099.8
19417.6
19740.8
20059.0
20382.0
20700.6
21024.0
21342.4
21665.2
22305.2
22624.0
22942.8
23262.6
23580.6
23901.4
24219.2
24540.8
24858.8
25203.2
25213.2
25558.4
25900.2
26235.4
26568.0
26898.8
27661.8
27664.4
28005.6
28337.8
28672.2
29000.6
29331.2
29664.4
29991.8
30321.8
30655.0
30972.2
31294.8
31612.4
31935.8
32253.4
32577.2
32895.0
33219.0
33536.8
33860.8
34178.8
34503.0
34821.0
35145.4
35463.4
35787.4
36105.4
36429.4
36747.2
37071.0
37388.4
37711.8
38029.4
38350.8
38668.8
38987.0
39306.6
39623.8
39944.6
40261.8
40583.4
40900.6
41222.8
41540.0
41862.6
42179.8
42502.8
42820.0
43143.2
43460.8
43783.8
44101.6
44423.8
44741.8
