15038.2
15360.4
15682.4
16004.2
16326.0
16648.0
16969.8
17291.6
17613.6
17935.6
18257.6
18579.6
18901.6
19224.0
19548.0
19876.4
20202.6
20527.4
20851.4
21175.0
21498.2
21821.0
22143.6
22465.8
22788.0
23110.0
23431.8
23753.4
24075.0
24396.6
24718.2
25040.6
25369.2
25705.2
26289.4
26614.0
26941.0
27277.8
27612.6
27934.4
28256.4
28261.4
28585.2
29236.4
29571.8
29904.8
29916.8
30245.0
30571.6
30898.2
31222.0
31546.6
31870.4
32193.6
32516.8
32839.6
33486.0
33809.4
33816.6
34145.4
34468.0
34796.2
35124.0
35450.0
35774.8
36098.8
36422.4
36745.4
37068.2
37390.6
37712.8
38035.2
38357.4
38679.6
39324.0
39646.2
39968.4
40290.4
40612.8
40936.0
40942.4
41264.6
41591.4
41916.6
42240.8
42564.4
42887.4
43210.2
43532.6
43855.0
44177.0
44498.8
44820.6
