15090.0
15422.8
15754.0
16073.2
16412.2
16734.8
17067.8
17388.4
17720.6
18058.6
18381.4
18714.0
19034.2
19366.0
19703.8
20027.2
20350.6
20682.8
21013.8
21351.6
21673.6
21995.8
22328.2
22659.2
22996.8
23319.2
23640.8
23973.0
24292.2
24624.4
24961.4
25297.2
25631.6
26029.2
26409.8
26753.2
27071.0
27391.0
27729.8
28055.2
28387.8
28718.2
29055.6
29388.6
29708.8
30041.0
30378.8
30711.4
31043.4
31383.0
31708.0
32042.0
32374.4
32713.4
33039.2
33372.4
33703.6
34042.2
34367.6
34701.6
35034.2
35373.2
35707.4
36040.4
36374.2
36702.2
37027.0
37360.0
37692.0
38031.0
38356.4
38690.4
39023.0
39362.2
39687.4
40021.2
40352.4
40355.2
40690.6
41348.6
41680.4
41681.6
42018.4
42342.0
42667.8
42987.8
43651.2
43989.2
43989.6
44311.6
44647.8
44974.8
