15045.0
15373.2
15702.0
16031.8
16363.4
16696.6
17011.8
17339.8
17668.4
17998.0
18329.2
18662.2
18996.0
19309.0
19638.2
19967.6
20298.0
20630.2
20964.2
21277.2
21595.0
21926.0
22257.8
22591.2
22924.6
23237.6
23566.8
23896.2
24226.8
24559.0
24892.8
25209.2
25542.2
25879.4
26241.8
26598.4
26934.0
27262.8
27592.8
27924.0
28256.0
28588.6
28921.8
29255.2
29584.8
29912.8
30243.0
30571.4
30901.2
31232.4
31565.0
31898.8
32233.0
32560.8
32889.0
33217.6
33547.2
33877.8
34209.8
34542.8
34876.6
35204.0
35530.6
35858.8
36187.8
36518.2
36850.4
37165.6
37494.2
37822.2
38151.4
38482.0
38814.0
39147.6
39480.0
39793.6
40123.4
40453.4
40784.6
41117.2
41432.2
41760.0
42092.2
42417.8
42748.6
43081.2
43415.4
43728.4
44387.6
44393.6
44718.0
