15319.0
15635.0
15962.2
16288.8
16619.8
16946.2
17272.2
17604.4
17920.2
18247.4
18575.4
18905.8
19232.2
19558.6
19890.2
20217.4
20543.6
20875.8
21191.8
21519.0
21846.8
22177.2
22503.6
22830.0
23161.6
23489.0
23815.4
24147.6
24463.4
24790.6
25146.0
25476.0
25804.4
26204.8
26544.2
26877.2
27208.0
27536.2
27862.8
28195.4
28522.6
28855.6
29183.8
29510.2
29842.8
30170.2
30496.8
30829.4
31157.0
31483.6
31816.8
32144.6
32471.4
32804.4
33132.2
33458.8
33791.8
34119.2
34445.4
34778.6
35105.6
35431.6
35764.6
36091.2
36417.0
36749.6
37066.8
37394.0
37719.8
38051.8
38378.2
38703.8
39036.2
39352.8
39680.0
40005.8
40337.4
40663.6
40989.2
41321.4
41637.8
41965.0
42290.8
42622.4
42948.4
43274.2
43606.2
43933.4
44259.6
44592.0
44908.4
