15021.4
15352.6
15664.6
15982.2
16309.8
16631.4
16945.2
17265.0
17592.4
17921.4
18242.6
18555.0
18882.8
19201.4
19525.6
19839.2
20167.2
20486.6
20816.6
21128.8
21447.0
21774.8
22103.2
22418.4
22734.2
23063.0
23390.8
23712.6
24025.6
24342.4
24672.8
24994.6
25343.8
25686.8
26046.0
26403.6
26736.0
27061.0
27386.2
27705.8
28033.0
28368.8
28683.2
29015.6
29342.2
29668.6
29988.0
30321.2
30654.4
30968.2
31289.2
31618.2
31947.0
32277.2
32589.0
32906.4
33237.0
33565.4
33889.0
34529.2
34848.0
34849.4
35180.0
35810.2
36138.0
36138.8
36459.8
36791.6
37103.2
37421.4
37750.0
38072.2
38385.6
38715.6
39030.4
39668.6
39996.8
40316.0
40318.2
40645.4
41275.2
41596.8
41927.4
41927.6
42258.4
42889.0
42897.0
43216.8
43546.4
43858.6
44179.2
44503.6
44823.6
