15318.0
15646.8
15975.4
16304.2
16632.8
16961.6
17292.2
17627.0
17958.2
18288.2
18618.2
18946.4
19274.2
19602.6
19930.8
20258.8
20586.6
20914.6
21242.8
21574.0
21907.8
22238.8
22568.8
22898.0
23227.2
23556.2
23885.2
24214.0
24543.0
24872.0
25229.8
25598.0
25950.0
26277.0
26605.4
26935.4
27264.8
27593.8
27910.0
28238.6
28567.0
28894.8
29222.6
29556.8
29872.4
30206.8
30538.2
30857.4
31188.4
31518.0
31847.0
32175.6
32504.2
32832.6
33160.6
33488.2
33815.0
34142.6
34470.8
34804.8
35137.0
35457.0
35788.6
36118.6
36447.8
36776.4
37105.2
37433.6
37762.0
38089.6
38416.4
38743.8
39071.6
39404.6
39737.2
40057.8
40389.6
40719.6
41048.8
41378.0
41706.4
42034.2
42362.0
42689.8
43017.8
43345.6
43673.8
44007.0
44339.6
44670.2
