15258.0
15583.8
15907.0
16230.8
16559.2
16881.6
17207.4
17531.0
17855.0
18183.4
18505.8
18831.8
19156.4
19480.0
19808.4
20130.8
20456.8
20785.0
21096.6
21426.8
21749.6
22075.8
22399.4
22723.8
23052.6
23375.0
23700.2
24024.2
24348.4
24677.0
25000.0
25334.8
25723.4
26057.2
26368.6
26697.2
27020.4
27348.2
27670.6
27995.6
28324.6
28647.6
28973.4
29303.0
29625.6
29951.8
30276.6
30600.2
30928.4
31250.6
31576.0
31901.6
32224.6
32552.4
32874.4
33199.6
33524.2
33847.4
34175.2
34497.0
34822.2
35145.8
35469.2
35797.0
36119.0
36444.2
36767.2
37090.6
37418.8
37740.8
38066.4
38389.2
38712.8
39041.4
39363.2
39689.0
40011.6
40335.4
40664.0
40986.2
41312.0
41635.0
41959.0
42287.6
42609.8
42935.8
43259.4
43583.2
43911.8
44234.4
44560.4
44885.2
