15073.6
15399.4
15726.0
16055.8
16380.6
16712.6
17036.8
17367.6
17691.8
18021.4
18345.8
18674.6
18999.2
19327.4
19652.2
19979.6
20304.6
20631.6
20957.0
21283.6
21610.8
21936.6
22268.8
22593.8
22925.2
23250.4
23580.4
23905.4
24234.2
24559.6
24887.2
25245.0
25616.8
25952.8
26297.2
26642.2
26966.6
27292.2
27620.4
27945.8
28272.6
28603.4
28928.4
29259.2
29583.6
29912.6
30237.2
30565.2
30890.2
31217.4
31542.4
31870.2
32195.6
32522.6
32848.8
33175.0
33506.2
33819.8
34146.2
34473.0
34801.4
35126.8
35459.0
35783.6
36114.6
36439.0
36768.6
37093.6
37421.8
37746.6
38075.4
38400.8
38728.8
39054.6
39381.8
39710.2
40036.2
40369.0
40682.4
41015.8
41329.8
41662.4
41988.4
42320.8
42644.4
42974.8
43300.6
43630.8
43957.4
44287.6
44601.8
44931.6
