15253.8
15571.4
15896.2
16214.2
16537.0
16855.2
17174.0
17494.0
17812.0
18133.2
18451.2
18773.4
19091.8
19414.6
19733.0
20056.6
20374.6
20699.0
21016.6
21341.2
21658.6
21983.6
22301.2
22626.2
22943.8
23268.4
23586.2
23907.6
24226.4
24544.6
24865.0
25216.0
25535.0
25903.4
26339.6
26685.8
27018.0
27353.0
27682.2
28007.0
28337.4
28667.8
29001.8
29321.6
29654.8
29992.4
30320.4
30652.6
30988.6
31306.4
31635.2
31956.0
32290.8
32294.6
32620.8
32941.8
33261.2
33583.2
33902.2
34224.6
34543.6
34866.6
35186.2
35508.8
35828.8
36151.6
36471.6
36794.4
37114.2
37437.2
37756.8
38079.6
38399.4
38722.2
39041.8
39364.6
39682.6
40006.6
40324.6
40644.6
40963.8
41282.0
41602.6
41920.6
42242.2
42560.4
42883.0
43202.4
43524.8
43844.8
44167.0
44487.0
44809.4
