15292.2
15620.4
15947.6
16274.0
16601.4
16931.8
17249.2
17566.2
17894.2
18220.4
18546.0
18871.4
19202.0
19529.8
19856.6
20182.6
20508.2
20835.6
21165.0
21492.6
21819.4
22145.6
22471.4
22802.6
23120.0
23437.4
23755.0
24082.0
24407.8
24732.8
25059.6
25405.6
25736.2
26072.8
26431.2
26754.2
27081.2
27407.2
27733.0
28059.6
28389.0
28705.0
29021.8
29349.2
29675.2
30000.6
30330.6
30658.4
30984.8
31310.8
31636.4
31961.8
32292.2
32609.6
32928.0
33256.2
33582.8
33908.6
34234.0
34563.8
34891.8
35218.0
35544.0
35869.6
36194.8
36525.4
36842.8
37161.4
37489.4
37816.0
38142.0
38467.6
38798.8
39126.0
39452.2
39778.2
40103.6
40429.0
40759.4
41077.0
41395.4
41723.6
42050.2
42376.2
42702.6
43033.0
43360.6
43687.2
44013.4
44339.2
44665.6
44996.0
