15089.2
15400.8
15727.0
16054.0
16383.0
16710.8
17022.0
17348.2
17675.0
18004.0
18332.6
18643.2
18969.4
19296.0
19624.8
19954.2
20264.6
20590.8
20917.4
21246.0
21576.0
21886.0
22212.2
22538.6
22867.0
23197.2
23508.6
23834.8
24161.2
24490.0
24818.6
25132.8
25464.0
25797.2
26180.2
26587.4
26910.2
27237.2
27565.2
27895.2
28225.0
28547.4
28872.2
29198.2
29524.2
29851.0
30179.2
30507.8
30829.0
31153.0
31478.2
31804.8
32133.4
32455.6
32778.8
33103.4
33429.4
33757.4
34085.4
34406.8
34730.8
35056.0
35382.8
35711.6
36034.0
36357.4
36682.0
37008.0
37336.0
37665.0
37986.8
38311.0
38636.0
38962.8
39291.8
39617.0
39939.8
40264.4
40590.2
40918.0
41247.8
41572.0
41896.0
42221.2
42547.6
42875.8
43206.0
43530.8
43855.0
44180.2
44506.4
44834.6
