15143.2
15466.4
15789.0
16111.2
16433.4
16755.8
17078.4
17401.2
17724.2
18047.4
18371.0
18695.2
19018.6
19343.0
19667.8
19993.0
20318.6
20644.6
20971.4
21287.8
21599.4
21910.2
22233.6
22556.2
22879.0
23202.0
23525.0
23848.4
24172.0
24496.0
24820.2
25152.0
25480.2
25805.2
26135.0
26501.6
26834.0
27159.2
27484.8
27811.0
28137.2
28463.4
28789.4
29115.4
29441.4
29767.4
30093.8
30420.0
30746.4
31073.0
31399.6
31726.2
32053.0
32379.6
32706.2
33032.8
33359.4
33686.8
34013.2
34338.0
34663.4
34989.0
35315.0
35641.2
35968.0
36295.6
36612.2
36923.0
37248.2
37571.8
37894.6
38216.8
38539.2
38861.4
39184.0
39506.6
39829.4
40152.6
40476.2
40800.2
41124.6
41448.2
41772.8
42097.8
42423.2
42749.0
43075.2
43402.2
43718.8
44030.2
44356.0
44680.4
