15125.2
15447.0
15771.8
16093.6
16419.4
16740.8
17067.6
17388.8
17715.8
18037.2
18360.0
18682.4
19003.8
19327.4
19649.2
19973.8
20295.2
20621.0
20942.2
21269.0
21590.2
21916.0
22237.8
22559.8
22882.8
23204.2
23528.2
23850.4
24175.4
24497.0
24823.2
25147.6
25486.8
25812.8
26250.0
26707.2
27049.2
27053.6
27387.8
27712.6
28036.2
28361.6
28687.8
29022.2
29344.8
29666.8
29989.8
30312.2
30635.8
30958.8
31282.8
31606.4
31930.4
32254.2
32578.4
33222.0
33222.2
33544.2
33866.6
34189.0
34512.0
34835.2
35158.8
35482.2
35806.2
36129.8
36773.8
37095.6
37417.0
37418.4
37740.2
38063.6
38386.2
38710.0
39033.0
39357.2
39680.6
40324.4
40646.2
40967.6
41290.8
41612.4
41614.4
41936.8
42260.8
42583.6
42907.8
43231.0
43874.8
44196.6
44518.0
44841.2
