15214.6
15543.8
15875.6
16190.8
16519.2
16847.8
17176.0
17504.0
17836.2
18163.4
18495.8
18823.0
19154.2
19481.4
19811.6
20138.8
20468.4
20795.8
21113.8
21442.0
21772.0
22099.4
22428.6
22756.0
23085.4
23413.6
23742.4
24074.4
24389.4
24718.0
25052.6
25399.0
25727.2
26098.0
26435.4
26763.0
27095.2
27422.6
27755.0
28069.2
28402.0
28717.2
29050.8
29378.0
29708.8
30035.8
30365.8
30693.0
31023.0
31350.4
31679.8
32007.4
32336.2
32664.6
32993.0
33325.4
33640.4
33968.8
34297.2
34626.6
34954.2
35286.4
35600.8
35930.0
36258.0
36590.2
36917.4
37249.6
37576.6
37907.6
38234.8
38564.6
38891.8
39221.8
39549.4
39878.6
40206.2
40535.0
40863.4
41191.6
41524.4
41839.2
42167.8
42496.0
42827.2
43154.4
43487.0
43814.2
44145.2
44459.6
44792.8
