15209.0
15529.8
15850.4
16171.0
16491.2
16814.8
17139.6
17463.0
17785.2
18106.6
18429.8
18743.2
19068.6
19390.8
19712.0
20032.6
20353.6
20679.4
21001.0
21322.0
21642.8
21962.8
22286.0
22601.4
22925.8
23247.8
23568.4
23888.4
24208.8
24534.2
24855.8
25183.2
25505.0
25848.4
26189.8
26537.8
26861.4
27184.2
27507.0
27829.4
28151.0
28472.6
28798.4
29110.2
29433.0
29754.4
30074.8
30399.0
30714.4
31038.4
31360.4
31681.4
32001.8
32327.2
32651.0
32972.0
33293.0
33614.0
33934.6
34260.6
34574.0
34897.2
35219.0
35539.8
35859.8
36186.0
36500.4
36823.8
37145.6
37466.6
37787.2
38112.8
38435.8
38756.8
39078.0
39387.4
39708.6
40029.2
40355.2
40677.4
40998.8
41319.6
41640.0
41961.8
42286.8
42599.0
42921.8
43243.0
43563.2
43883.2
44208.8
44531.2
44853.6
