15110.8
15432.8
15751.8
16075.4
16394.6
16714.0
17034.8
17353.4
17676.0
17994.8
18318.0
18637.4
18955.8
19277.4
19596.0
19919.2
20238.2
20557.4
20878.2
21196.4
21519.0
21837.8
22160.6
22480.2
22798.6
23120.4
23439.0
23762.2
24081.4
24400.4
24721.4
25042.4
25377.0
25738.4
26109.8
26540.2
26865.0
27189.4
27509.0
27828.4
28149.0
28485.0
28804.8
29139.4
29143.0
29475.0
30113.8
30434.4
30434.8
30769.0
31088.2
31406.2
31727.8
32046.2
32369.2
32688.2
33006.4
33327.8
33646.2
33969.2
34288.0
34606.6
34927.4
35245.8
35568.4
35887.2
36208.2
36528.0
36846.4
37168.6
37487.2
37810.6
38129.8
38448.4
38769.8
39088.6
39411.6
39730.6
40051.8
40372.0
40690.6
41013.0
41332.0
41655.6
41975.2
42294.6
42615.8
42934.8
43257.8
43577.0
43901.0
44221.0
44540.2
44862.0
