15227.6
15549.8
15872.2
16196.6
16521.8
16848.4
17158.6
17484.4
17810.0
18136.2
18458.0
18781.4
19106.2
19432.8
19742.8
20068.0
20394.4
20720.8
21042.4
21365.4
21690.0
22016.0
22341.2
22663.0
22986.8
23311.6
23638.2
23948.2
24273.6
24599.8
24926.2
25276.6
25588.0
25931.0
26287.8
26747.4
27084.8
27408.2
27733.2
28060.4
28388.6
28715.6
29037.8
29361.2
29685.6
30011.6
30338.4
30660.2
30983.0
31307.6
31633.6
31960.0
32281.4
32604.8
32929.8
33256.4
33577.8
33900.6
34224.8
34550.6
34877.0
35198.2
35521.6
35846.4
36173.0
36494.4
36817.2
37141.4
37467.2
37793.6
38115.2
38438.6
38763.6
39090.0
39412.2
39734.8
40059.2
40384.8
40712.0
41033.6
41357.0
41682.2
42008.6
42334.6
42657.0
42981.0
43306.6
43633.6
43957.4
44280.2
44605.0
44930.8
