15067.2
15388.6
15711.0
16034.2
16354.4
16672.0
16990.2
17308.6
17627.6
17947.6
18268.8
18591.0
18914.4
19238.4
19557.0
19874.6
20193.6
20512.8
20832.8
21153.4
21475.0
21798.0
22104.0
22423.4
22741.2
23060.2
23380.2
23701.0
24023.4
24346.8
24670.6
24992.8
25338.8
25682.0
26007.0
26412.8
26768.2
27102.0
27435.8
27758.4
28082.0
28406.4
28731.8
28744.4
29066.6
29398.8
29729.4
30048.2
30368.6
30690.0
31012.6
31333.0
31649.8
31967.6
32286.2
32604.8
32924.6
33245.8
33567.8
33890.6
34209.4
34526.8
34845.0
35164.6
35482.8
35803.0
36124.4
36446.8
36770.0
37090.8
37408.4
37726.8
38045.6
38364.8
38685.0
39006.2
39328.4
39651.6
39975.2
40296.4
40614.4
40933.4
41252.6
41572.2
41892.6
42213.8
42536.0
42859.0
43182.4
43504.4
43821.6
44140.0
44458.6
44777.6
