15044.8
15365.4
15690.0
16008.6
16331.0
16653.4
16973.0
17297.2
17615.8
17937.8
18264.0
18582.8
18906.2
19226.6
19548.4
19874.0
20193.4
20516.6
20843.6
21163.0
21486.6
21813.0
22132.6
22457.0
22777.4
23100.0
23426.0
23745.8
24069.4
24396.4
24716.0
25048.8
25387.6
25731.8
26117.0
26425.2
26792.6
27140.0
27460.2
27784.2
28109.8
28431.2
28755.0
29081.2
29399.0
29721.8
30041.0
30361.4
30685.8
31004.0
31326.6
31650.8
31969.8
32293.6
32612.2
32934.0
33259.8
33578.4
33901.4
34220.4
34541.8
34867.4
35186.0
35509.0
35834.8
36154.0
36478.0
36797.6
37119.8
37446.2
37765.4
38088.6
38415.8
38735.0
39059.0
39383.2
39703.6
40028.6
40348.6
40671.4
40998.2
41317.8
41641.2
41968.6
42288.0
42611.8
42938.4
43258.0
43582.6
43903.0
44225.4
44551.6
44871.4
