15306.0
15636.8
15969.6
16303.4
16638.4
16974.4
17311.2
17648.4
17967.2
18301.2
18632.4
18965.2
19299.4
19634.6
19970.8
20307.8
20645.0
20963.8
21298.2
21629.2
21962.2
22296.4
22631.6
22967.8
23304.8
23642.0
23978.8
24297.6
24629.0
24961.6
25305.0
25655.4
26009.6
26337.6
26669.6
27001.6
27337.4
27652.8
27971.8
28305.4
28639.4
28973.8
29308.4
29643.6
29979.2
30315.8
30632.2
30964.8
31297.2
31633.6
31964.2
32299.4
32635.4
32972.6
33289.8
33955.8
34289.2
34299.6
34623.4
34958.6
35294.4
35631.2
36281.6
36614.6
36948.0
36959.8
37282.2
37617.0
37952.8
38289.4
38626.8
39278.2
39611.4
39945.2
39955.8
40279.4
40614.4
40950.2
41286.8
41624.4
42276.0
42609.4
42943.0
43277.2
43290.6
43612.2
43947.8
44284.2
44621.4
