15230.2
15558.6
15887.8
16200.2
16528.2
16856.4
17185.6
17498.4
17826.2
18154.4
18483.2
18809.4
19124.2
19453.2
19781.8
20111.2
20424.2
20753.0
21080.8
21410.8
21723.6
22051.8
22380.2
22709.4
23022.4
23350.0
23678.6
24007.4
24333.8
24659.0
24985.8
25325.4
25663.8
26015.8
26336.6
26690.8
27029.2
27352.6
27679.2
28007.8
28335.4
28664.8
28977.8
29305.0
29633.2
29960.8
30290.6
30603.8
30931.8
31260.6
31589.6
31914.6
32240.8
32568.0
32895.8
33225.8
33552.2
33879.0
34206.2
34534.0
34863.4
35192.8
35506.0
35834.8
36162.8
36493.2
36806.0
37134.0
37462.6
37791.8
38104.6
38432.4
38760.8
39089.8
39416.4
39731.0
40060.0
40388.4
40718.2
41031.2
41359.8
41687.6
42017.8
42330.6
42658.6
42987.2
43316.2
43629.2
43956.8
44285.2
44614.2
44940.6
