15201.8
15535.4
15862.6
16196.6
16512.2
16848.0
17176.2
17511.6
17828.2
18157.4
18488.6
18817.2
19148.6
19476.6
19807.8
20135.8
20468.0
20795.6
21128.0
21455.2
21788.6
22116.0
22449.8
22765.4
23101.4
23429.6
23765.0
24081.8
24410.8
24742.0
25072.4
25412.8
25744.6
26085.0
26441.2
26787.0
27441.4
27771.0
28099.0
28428.4
28429.4
28760.6
29093.0
29423.6
29755.0
30085.2
30416.6
30747.0
31078.6
31409.2
31741.2
32072.0
32404.2
32735.2
33067.4
33398.6
33730.6
34061.8
34393.4
34724.4
35055.8
35386.8
35717.8
36048.6
36379.4
36710.2
37041.0
37371.6
37702.6
38023.8
38354.2
38687.6
39333.2
39334.4
39664.4
39994.6
40324.0
40654.4
40984.6
41313.8
41643.8
41973.8
42304.0
42633.8
42964.2
43294.6
43625.0
43955.6
44286.4
44607.4
44937.4
