15079.8
15398.0
15720.6
16038.8
16361.4
16679.6
17002.0
17320.4
17642.6
17961.2
18282.6
18601.2
18920.6
19239.8
19557.6
19877.4
20194.8
20515.4
20832.8
21153.8
21471.4
21792.8
22110.4
22432.2
22750.2
23072.2
23390.4
23712.8
24031.0
24353.6
24672.0
24994.8
25318.4
25654.8
25998.4
26330.0
26652.4
26972.8
27291.0
27613.8
27932.0
28254.0
28571.8
28892.6
29210.6
29531.2
29849.4
30170.2
30488.2
30809.2
31127.4
31448.8
31767.0
32088.6
32406.8
32728.8
33047.0
33369.0
33687.2
34009.4
34327.4
34649.8
34967.8
35290.4
35608.4
35931.0
36249.2
36571.8
36890.2
37212.8
37531.2
37853.8
38172.4
38495.2
38813.8
39136.6
39455.2
39778.0
40096.8
40419.4
40738.4
41061.2
41380.2
41703.0
42022.0
42345.0
42664.0
42987.0
43306.0
43629.2
43948.0
44271.2
44590.2
44913.6
