15282.2
15609.2
15939.6
16266.6
16593.2
16919.2
17250.6
17577.8
17904.2
18230.6
18562.8
18880.6
19198.2
19526.2
19852.6
20181.0
20510.2
20836.8
21163.0
21489.0
21820.0
22146.6
22472.6
22798.6
23130.4
23447.6
23765.2
24093.2
24419.6
24747.2
25089.8
25418.8
25770.0
26106.8
26436.4
26774.6
27114.0
27445.4
27772.4
28098.4
28424.2
28755.4
29072.8
29390.4
29717.6
30043.8
30376.4
30703.2
31029.4
31355.4
31685.8
32004.8
32322.6
32650.4
32976.8
33302.8
33634.2
33961.2
34287.8
34613.8
34946.4
35273.2
35599.4
35925.6
36257.4
36575.6
36893.6
37221.4
37548.0
37875.6
38206.0
38533.2
38860.0
39187.6
39518.0
39845.0
40171.6
40497.6
40829.2
41158.2
41485.8
41812.2
42143.8
42461.6
42779.6
43107.6
43434.2
43767.0
44094.4
44421.0
44747.2
