15063.0
15395.2
15727.8
16057.2
16385.8
16713.6
17042.2
17375.6
17698.2
18019.6
18350.8
18680.0
19007.8
19336.2
19669.4
19992.2
20313.8
20644.8
20973.8
21301.8
21630.2
21962.8
22295.4
22615.2
22945.2
23273.4
23601.2
23931.4
24266.4
24587.2
24907.8
25243.2
25583.4
25910.0
26245.8
26571.6
26900.4
27229.6
27557.4
27884.0
28211.6
28526.6
28857.8
29175.0
29493.2
29828.8
30158.6
30477.4
30806.8
31134.6
31461.4
31792.0
32125.2
32444.6
32764.2
33093.8
33421.0
33747.6
34076.0
34410.6
34732.2
35053.0
35373.2
35702.6
36030.6
36357.4
36684.6
37015.8
37348.0
37677.6
38006.6
38334.8
38663.2
38996.2
39318.6
39639.8
39960.4
40290.2
40618.4
40945.2
41272.4
41603.2
41936.0
42255.6
42575.6
42905.0
43559.2
43560.0
43887.6
44220.8
44551.0
44879.6
