15275.8
15603.6
15927.6
16255.4
16579.2
16907.2
17231.2
17559.0
17882.8
18210.8
18534.8
18862.4
19186.8
19514.6
19838.6
20166.2
20490.6
20818.2
21142.8
21470.4
21794.6
22122.0
22446.6
22773.8
23098.8
23426.4
23751.2
24078.6
24533.8
24890.0
25242.0
25599.6
25983.2
26390.8
26737.2
27062.0
27392.4
27717.2
28058.0
28380.8
28708.8
29053.0
29375.2
29706.0
30032.0
30369.6
30711.2
31033.2
31364.8
31689.4
32029.2
32364.6
32690.4
33017.2
33354.4
33694.8
34018.0
34345.8
34668.8
34673.4
34996.8
35324.2
35647.8
35975.0
36299.0
36626.0
36950.0
37277.0
37601.4
37928.2
38252.6
38579.4
38904.0
39230.6
39555.4
39882.0
40207.0
40533.4
40858.4
41184.8
41510.2
41836.4
42161.8
42487.8
42813.4
43139.4
43465.0
43791.0
44116.8
44442.8
44768.6
