15238.2
15564.6
15886.8
16214.0
16526.2
16853.6
17177.4
17500.2
17825.6
18147.2
18473.8
18794.6
19121.2
19443.4
19770.8
20082.8
20408.2
20732.8
21054.8
21381.2
21703.2
22029.6
22350.8
22677.4
22999.4
23327.0
23639.0
23963.4
24288.6
24610.4
24937.0
25290.8
25607.2
25965.6
26322.6
26673.0
27011.2
27334.4
27660.8
27984.2
28310.2
28633.6
28962.2
29284.0
29612.2
29934.2
30262.6
30585.0
30913.8
31237.2
31566.4
31880.0
32202.4
32528.8
32850.6
33178.2
33500.4
33829.8
34152.2
34481.8
34803.2
35130.8
35453.4
35781.6
36104.6
36433.2
36756.6
37085.4
37408.8
37737.6
38060.8
38067.0
38389.4
39025.8
39351.4
39673.4
39677.8
40000.0
40326.4
40649.2
40973.6
41297.0
41622.4
41947.0
42583.0
42584.6
42908.2
43233.6
43556.8
43882.0
44204.2
44529.4
44853.4
