15305.8
15641.2
15960.8
16281.4
16613.2
16943.2
17263.4
17587.0
17908.4
18240.6
18571.0
18907.8
19228.6
19549.4
19881.4
20199.8
20530.6
20865.4
21185.4
21506.0
21837.4
22167.6
22502.2
22822.0
23142.4
23473.8
23803.8
24138.4
24458.2
24777.8
25111.2
25468.6
25818.4
26158.8
26476.0
26794.8
27129.8
27461.6
27792.6
28110.8
28436.2
28768.0
29098.8
29435.6
29756.0
30076.6
30408.6
30740.2
31074.8
31406.4
31725.6
32056.2
32393.0
32713.4
33034.4
33366.4
33696.8
34032.6
34352.8
34673.6
35005.8
35336.0
35671.4
35991.6
36312.6
36644.2
36975.6
37310.4
37641.4
37972.4
38290.2
38627.4
38948.0
39600.0
39604.6
39930.4
40248.2
40584.0
40915.8
41243.4
41565.2
41901.8
42222.0
42873.6
42881.2
43204.6
43523.4
43859.0
44510.0
44518.4
44841.0
