15061.6
15380.8
15711.2
16041.4
16375.2
16693.6
17011.8
17330.6
17660.0
17994.2
18313.4
18632.4
18951.0
19281.6
19599.2
19934.0
20263.8
20593.0
20927.8
21247.4
21566.2
21884.2
22202.2
22532.6
22867.4
23186.8
23505.6
23824.2
24143.6
24473.8
24807.6
25145.2
25476.0
25828.2
26146.0
26477.8
26808.6
27138.2
27455.4
27772.4
28088.8
28405.2
28721.4
29042.8
29362.8
29693.2
30022.6
30339.6
30662.4
30983.4
31303.4
31633.6
31963.2
32297.6
32616.6
32935.6
33265.8
33598.0
33929.2
34247.4
34565.2
34883.2
35213.4
35546.8
35865.8
36184.4
36503.4
36833.6
37168.0
37487.4
37806.4
38124.8
38455.6
38790.6
39110.6
39429.8
40079.2
40413.2
40733.8
41053.2
41372.0
41702.8
41703.4
42034.4
42366.4
42684.4
43002.4
43332.6
43667.6
43987.2
44306.0
44624.4
44954.8
