15188.2
15522.4
15856.6
16193.0
16527.0
16861.8
17197.8
17532.0
17868.0
18203.8
18538.2
18877.8
19200.2
19521.6
19855.4
20193.4
20527.0
20860.0
21197.6
21531.0
21864.0
22201.4
22534.6
22867.4
23204.6
23537.8
23870.4
24207.4
24540.4
24873.0
25223.4
25558.0
25891.4
26284.6
26615.8
26949.6
27288.4
27610.8
27945.4
28282.4
28617.4
28951.6
29290.0
29624.6
29959.2
30296.4
30631.2
30967.6
31304.2
31639.2
31979.6
32302.6
32624.6
32959.6
33298.6
33633.6
33968.4
34306.4
34641.4
34976.4
35313.8
35648.6
35986.0
36310.2
36632.6
36967.8
37307.6
37630.0
37965.0
38303.6
38626.8
38961.6
39296.0
39632.6
39966.6
40300.8
40637.2
40971.4
41306.2
41642.4
41976.8
42313.6
42649.4
42984.0
43324.0
43646.4
43968.0
44302.2
44640.0
44974.0
