15301.4
15620.4
15939.2
16270.6
16601.0
16930.2
17263.4
17581.6
17900.0
18235.0
18564.2
18893.8
19215.0
19534.0
19864.4
20196.2
20514.4
20833.0
21167.4
21496.8
21828.2
22147.8
22467.0
22797.2
23128.2
23457.2
23790.8
24109.0
24427.6
24762.6
25091.2
25443.8
25766.2
26100.4
26484.2
26810.4
27129.6
27448.2
27782.4
28111.4
28442.2
28773.2
29102.8
29436.6
29755.4
30074.4
30406.2
30736.4
31065.2
31399.8
31719.0
32038.2
32369.6
32700.8
33029.4
33363.0
33681.8
34001.0
34336.2
34667.0
34996.8
35329.0
35657.8
35991.8
36310.6
36629.2
36948.4
37282.2
37611.0
37944.8
38263.8
38583.2
38914.2
39244.6
39573.4
39907.0
40225.4
40543.8
40862.4
41196.0
41524.4
41858.2
42177.0
42501.6
42830.0
43159.8
43489.0
43812.0
44461.2
44465.2
44794.6
