15199.4
15527.8
15858.0
16171.4
16496.6
16822.0
17148.6
17477.0
17807.2
18129.8
18443.4
18769.8
19096.6
19425.2
19755.4
20067.6
20392.8
20718.2
21045.0
21373.8
21704.0
22014.2
22340.4
22666.4
22993.4
23322.4
23653.4
23964.8
24289.8
24615.2
24942.0
25286.0
25623.6
25957.6
26302.8
26744.0
27087.2
27417.4
27741.4
28064.4
28388.6
28713.2
29038.4
29365.0
29693.2
30021.8
30344.6
30667.6
30991.8
31317.0
31644.4
31973.8
32285.4
32610.8
32935.8
33262.0
33590.4
33919.6
34242.2
34565.2
34890.0
35215.4
35542.4
35871.6
36183.2
36508.2
36833.2
37159.8
37488.0
37814.6
38136.8
38460.8
38785.2
39111.0
39438.8
39768.0
40091.4
40414.2
40738.4
41063.6
41390.4
41719.6
42031.2
42356.4
42681.4
43007.6
43335.8
43664.4
43990.0
44314.0
44638.4
44963.8
