15231.8
15548.0
15867.4
16183.2
16499.4
16816.2
17133.8
17449.8
17766.0
18086.6
18402.0
18718.6
19034.8
19353.4
19669.4
19985.8
20303.8
20620.4
20937.0
21253.2
21573.4
21889.0
22205.8
22522.2
22840.6
23157.4
23474.0
23795.0
24110.8
24428.0
24744.6
25073.6
25399.0
25755.0
26077.2
26412.6
26739.0
27067.8
27381.8
27696.6
28015.6
28332.2
28648.4
28965.0
29285.2
29601.2
29917.0
30234.2
30562.4
30877.8
31193.4
31511.8
31827.6
32145.8
32462.6
32779.0
33411.6
33414.2
33732.0
34048.0
34681.4
34684.2
35000.4
35633.8
35955.0
35955.0
36271.4
36905.2
37224.4
37540.6
37857.2
38178.4
38494.4
38810.8
39127.4
39446.4
39762.2
40078.4
40398.8
40714.4
41030.4
41346.6
41666.2
41981.6
42298.0
42614.2
42932.4
43248.4
43564.8
43885.4
44200.6
44517.6
44833.8
