15094.6
15412.4
15730.2
16048.0
16365.6
16683.4
17000.8
17318.4
17636.0
17953.4
18270.8
18588.2
18905.6
19223.2
19540.6
19858.2
20175.6
20493.2
20810.6
21128.0
21445.4
21762.8
22080.4
22397.8
22715.2
23032.8
23350.4
23667.8
23985.4
24303.0
24620.6
24938.0
25292.6
25609.4
25958.4
26273.4
26661.2
26997.8
27327.8
27664.2
27985.6
28307.0
28637.8
28966.6
29295.0
29612.0
29931.2
30265.8
30597.6
30917.8
31238.6
31569.2
31898.2
32228.4
32546.0
32865.6
32865.8
33187.2
33509.2
33832.0
34156.2
34478.2
34799.2
35119.6
35439.4
35758.8
36077.8
36396.6
36715.4
37033.8
37352.2
37670.4
37988.4
38306.4
38624.4
38942.2
39260.0
39577.8
39895.4
40530.8
40848.4
41166.0
41483.6
41801.2
42118.8
42436.4
42754.0
43071.6
43389.2
43706.8
44024.4
44342.0
44659.6
44977.2
