15254.0
15581.2
15904.6
16230.6
16553.2
16879.2
17202.8
17528.8
17853.2
18178.6
18505.6
18830.4
19159.4
19473.0
19798.4
20124.4
20452.8
20777.4
21106.6
21430.4
21759.0
22082.6
22410.6
22734.2
23062.0
23373.8
23704.0
24027.6
24355.8
24678.6
25013.6
25328.8
25671.0
26064.6
26386.8
26702.0
27015.2
27328.0
27657.6
27969.8
28300.6
28625.2
28953.4
29277.8
29604.0
29933.8
30258.4
30587.4
30911.6
31240.0
31564.0
31892.2
32216.4
32544.0
32868.8
33195.6
33524.0
33849.4
34179.2
34503.6
34832.4
35156.2
35484.0
35807.6
36135.0
36458.4
36785.4
37108.6
37435.6
37758.8
38085.6
38409.0
38735.8
39059.8
39386.2
39713.6
40038.4
40367.8
40691.8
41020.6
41333.4
41664.0
41988.2
42317.2
42640.8
42969.2
43292.6
43620.2
43943.2
44260.2
44584.6
44913.2
