15221.0
15549.0
15869.4
16190.0
16514.6
16835.2
17163.2
17483.4
17804.0
18128.6
18449.2
18777.4
19097.6
19418.2
19742.8
20063.4
20391.6
20712.0
21032.4
21357.2
21678.0
22006.2
22326.4
22647.0
22971.6
23292.8
23620.8
23941.4
24261.8
24586.6
24908.0
25254.8
25628.4
26008.6
26327.6
26648.8
26972.4
27294.8
27624.2
27945.4
28266.8
28590.2
28910.8
29236.4
29557.0
29885.4
30206.0
30528.8
30853.6
31175.2
31503.2
31824.0
32146.8
32470.4
32791.4
33118.8
33439.4
33761.4
34085.0
34405.6
34733.2
35053.4
35374.8
35698.6
36019.2
36347.0
36667.2
36988.0
37312.0
37633.0
37960.8
38280.8
38601.4
38925.8
39247.0
39574.6
39894.8
40215.4
40540.0
40861.0
41189.0
41509.4
41829.8
42154.4
42475.4
42803.4
43123.6
43444.2
43769.0
44090.4
44418.6
44738.8
