15018.0
15346.4
15679.6
15998.0
16327.6
16656.2
16984.0
17311.4
17646.2
17976.4
18305.0
18632.8
18959.4
19286.4
19620.8
19940.6
20270.8
20599.4
20926.6
21253.8
21581.6
21915.4
22244.6
22573.0
22900.2
23227.2
23554.8
23888.6
24218.0
24546.2
24874.2
25204.2
25563.8
26251.8
26589.0
26920.6
27250.8
27580.2
27909.6
28245.0
28575.6
28905.2
29234.0
29569.2
29900.2
30230.2
30559.0
30887.6
31221.0
31553.2
31883.0
32211.4
32539.6
32867.4
33202.8
33533.6
33862.6
34191.4
34519.0
34847.8
35182.2
35512.4
35841.4
36169.8
36497.8
36833.0
36835.8
37164.4
37493.6
38150.2
38478.4
38812.8
38813.2
39142.8
39474.4
39800.2
40128.0
40462.0
40783.2
41113.6
41442.8
41773.8
42099.0
42427.6
42762.0
43080.6
43411.0
44068.4
44396.4
44731.8
