15062.4
15386.2
15709.0
16033.8
16343.0
16666.4
16990.2
17313.0
17637.8
17947.2
18270.4
18594.2
18917.0
19241.6
19551.2
19874.4
20198.2
20521.0
20845.4
21172.4
21481.0
21804.4
22127.8
22451.4
22776.8
23085.4
23408.8
23732.4
24055.8
24381.0
24689.6
25016.2
25348.0
25686.6
26024.2
26403.6
26722.6
27032.4
27349.4
27659.8
27972.2
28287.8
28596.4
28908.0
29223.4
29532.8
29854.8
30176.6
30490.6
30800.0
31123.4
31446.8
31769.8
32094.4
32403.4
32726.8
33050.4
33373.4
33698.2
34007.2
34330.4
34654.0
34977.0
35301.8
35610.8
35935.0
36257.8
36580.8
36905.6
37538.0
37541.2
37861.8
38184.6
38509.4
39141.8
39465.6
39473.2
39788.4
40113.2
40745.8
41069.6
41078.0
41392.4
41717.0
42349.6
42673.4
42682.4
42996.2
43320.8
43953.6
44277.4
44286.6
44600.2
44924.8
