15175.2
15499.2
15823.0
16151.4
16474.8
16799.0
17125.4
17449.0
17779.4
18103.0
18426.8
18754.8
19078.0
19403.0
19728.6
20052.4
20381.8
20694.8
21019.6
21349.8
21673.4
21997.0
22324.6
22648.0
22977.4
23301.8
23625.8
23954.8
24278.0
24601.6
24928.6
25261.4
25633.0
26005.4
26455.0
26795.2
27131.6
27460.0
27784.2
28116.2
28441.4
28784.2
29109.2
29449.6
29774.0
30113.8
30436.6
30762.4
31087.6
31411.2
31741.2
32064.6
32388.4
32716.2
33039.4
33364.4
33690.0
34014.0
34344.0
34667.4
34991.4
35319.0
35642.4
35970.6
36295.0
36619.2
36948.6
37272.2
37596.2
37923.4
38247.0
38577.6
38901.6
39226.0
39554.4
39878.0
40203.8
40529.8
40854.2
41184.6
41508.6
41833.0
42160.8
42485.0
42816.2
43140.6
43465.4
43794.0
44118.2
44449.4
44774.4
