15270.0
15602.4
15935.6
16269.6
16604.0
16938.2
17273.6
17609.8
17933.4
18253.4
18585.4
18916.8
19248.4
19580.4
19912.8
20246.0
20579.6
20914.0
21249.0
21584.6
21919.2
22254.8
22591.2
22928.4
23250.8
23570.6
23902.8
24234.4
24566.2
24898.4
25237.8
25582.2
25919.8
26318.6
26668.4
27015.0
27348.6
27681.0
28013.2
28344.2
28674.2
29004.4
29335.0
29665.8
29997.2
30329.2
30661.6
30995.0
31328.8
31663.4
31998.6
32334.8
32671.6
33009.0
33347.4
33671.0
33991.4
34323.6
34655.2
34986.8
35318.8
35651.4
35984.2
36317.8
36651.8
36986.8
37322.4
37659.0
37996.0
38333.8
38671.8
39010.0
39348.6
39676.8
39998.8
40319.4
40652.6
40984.8
41317.2
41649.8
41983.0
42316.6
42650.8
42985.2
43320.2
43656.0
43992.2
43995.4
44329.0
44666.2
44991.0
