15136.4
15467.8
15794.0
16121.2
16452.2
16779.0
17105.8
17436.6
17749.4
18078.4
18411.4
18737.0
19065.4
19397.6
19710.2
20040.4
20374.2
20699.8
21028.0
21360.8
21673.4
22004.2
22337.8
22663.6
22992.6
23325.6
23638.0
23969.0
24302.6
24627.8
24957.2
25308.8
25662.2
26034.6
26414.6
26754.8
27080.4
27412.6
27738.8
28066.4
28396.6
28729.8
29055.2
29382.6
29713.2
30042.8
30369.0
30698.6
31032.0
31357.6
31686.6
32020.0
32345.8
32674.4
33007.2
33333.0
33661.4
33993.6
34320.4
34648.4
34979.6
35312.4
35639.2
35969.4
36303.6
36630.2
36959.4
37292.4
37619.0
37947.4
38279.2
38608.8
38935.6
39266.0
39269.8
39599.2
40244.8
40573.0
40900.0
40912.0
41230.4
41563.2
41888.8
42218.0
42551.8
42873.2
43195.2
43525.6
43851.6
44181.4
44514.6
44837.2
