15195.2
15523.6
15853.4
16186.6
16519.0
16850.4
17181.0
17510.8
17840.4
18169.4
18498.2
18827.0
19155.4
19483.8
19811.8
20139.8
20467.8
20795.8
21123.6
21451.6
21779.4
22107.2
22435.0
22762.6
23090.0
23417.6
23745.0
24072.4
24399.6
24727.0
25059.2
25390.0
25720.4
26065.2
26405.8
26823.8
27186.0
27526.8
27857.0
28187.2
28517.4
28857.0
29195.0
29537.8
29867.4
29870.0
30197.6
30527.4
30857.0
31186.2
31515.4
31844.4
32173.4
32502.0
32830.6
33159.2
33487.6
33815.8
34144.0
34472.2
34800.2
35128.0
35456.0
35783.8
36111.6
36439.2
36767.0
37094.6
37422.2
37749.6
38077.2
38404.6
38732.2
39059.6
39387.0
39714.4
40041.8
40369.2
40696.4
41023.8
41351.0
41678.2
42005.6
42332.8
42660.0
42987.2
43314.4
43641.4
43968.6
44295.8
44622.8
44950.0
