15223.4
15546.4
15875.6
16199.8
16523.2
16846.0
17172.8
17497.8
17821.0
18143.8
18467.0
18793.8
19117.2
19440.0
19762.6
20090.8
20414.4
20737.4
21060.0
21388.8
21713.0
22036.4
22359.2
22688.2
23002.0
23326.4
23649.6
23972.2
24300.4
24624.0
24947.4
25273.6
25615.8
25945.4
26347.8
26678.6
27016.0
27340.0
27663.8
27987.0
28312.0
28639.8
28975.0
29297.4
29626.8
29950.0
30273.0
30595.8
30924.8
31248.0
31570.8
31893.6
32217.8
32543.2
32866.0
33188.8
33511.4
33839.0
34162.0
34484.8
34807.4
35136.0
35459.2
35782.0
36104.4
36428.8
36754.0
37076.8
37399.4
37721.8
38049.2
38372.2
38694.8
39017.4
39345.8
39669.0
39991.8
40314.2
40638.4
40963.6
41286.4
41609.0
41931.4
42259.0
42582.0
42904.6
43227.0
43555.6
43878.8
44201.6
44524.2
44848.2
