15106.6
15428.2
15750.0
16072.6
16396.0
16720.2
17046.2
17373.4
17701.6
18011.0
18332.8
18654.6
18976.4
19299.0
19622.4
19946.6
20272.6
20599.8
20910.0
21232.0
21553.2
21875.0
22197.2
22520.4
22844.4
23169.8
23496.4
23824.2
24132.8
24454.4
24775.8
25102.6
25428.4
25770.0
26103.0
26424.2
26748.4
27069.4
27390.6
27712.4
28034.6
28358.6
28684.0
29019.8
29342.6
29664.0
29986.0
30308.6
30632.2
30957.0
31277.0
31598.0
31919.2
32241.6
32567.6
32891.4
33213.6
33536.4
33860.2
34185.2
34505.8
34827.0
35148.6
35471.0
35795.2
36119.0
36441.2
36764.0
37088.0
37413.0
37734.2
38055.4
38376.8
38698.8
39022.4
39345.6
39667.6
39990.4
40314.2
40639.2
40959.8
41280.8
41602.0
41923.8
42246.4
42567.8
42890.0
43213.2
43537.6
43859.6
44180.0
44501.0
44822.4
