15170.0
15495.6
15821.4
16147.4
16474.0
16801.2
17129.6
17459.4
17784.6
18110.4
18436.8
18765.6
19090.2
19417.0
19742.2
20068.8
20505.0
20525.0
20857.8
21195.2
21535.6
21860.6
22186.0
22514.2
22839.2
23164.8
23492.2
23817.8
24148.6
24473.2
24799.0
25139.0
25483.6
25824.6
26160.4
26495.8
26833.2
27162.4
27488.0
27814.4
28143.6
28470.2
28797.0
29127.6
29454.2
29781.4
30111.6
30439.8
30781.8
31107.2
31433.2
31761.0
32087.8
32418.6
32745.4
33072.2
33400.6
33727.8
34059.4
34386.6
34712.8
35041.2
35693.4
36020.2
36346.6
36677.2
37003.6
37329.2
37331.0
37656.6
37981.4
38306.2
38633.2
38962.4
39284.0
39610.2
39939.0
40265.2
40589.8
40915.0
41243.4
41568.6
42221.4
42548.2
42556.4
42874.8
43200.6
43856.6
44183.0
44187.6
44508.4
44835.4
