15022.2
15351.4
15687.0
16017.2
16353.8
16673.2
17003.6
17338.2
17667.6
18003.6
18322.8
18653.2
18987.4
19316.8
19652.2
19982.6
20319.2
20638.4
20969.0
21303.6
21633.0
21969.0
22288.2
22618.6
22952.6
23282.0
23617.6
23948.0
24284.6
24603.8
24934.4
25282.4
25646.4
25994.8
26399.8
26724.6
27058.4
27389.4
27725.6
28055.8
28392.0
28722.0
29057.6
29387.6
29723.6
30054.0
30390.8
30721.4
31059.2
31390.0
31728.4
32059.2
32397.8
32728.8
33064.4
33395.6
33725.8
34060.0
34390.0
34726.0
35055.4
35391.8
35722.0
36058.6
36378.6
36709.2
37044.4
37373.8
37710.0
38040.4
38047.6
38377.2
39027.4
39031.0
39362.2
39695.6
40028.0
40677.6
41012.0
41341.4
41346.8
41677.0
42012.2
42344.4
42663.6
42995.6
43328.8
43660.4
43994.2
44643.8
44646.8
44977.8
