15068.6
15396.4
15728.8
16064.6
16393.6
16726.0
17062.0
17391.6
17724.4
18060.6
18391.2
18724.4
19070.4
19415.6
19744.8
20197.4
20552.6
20905.0
21245.2
21588.4
21927.8
22258.6
22600.8
22945.8
23274.8
23606.8
23941.4
24271.4
24603.2
24947.8
25302.4
25658.4
25989.8
26340.4
26773.0
27134.4
27477.6
27816.4
28158.0
28501.4
28848.2
29178.2
29520.0
29861.6
30205.6
30555.2
30883.4
31216.2
31232.0
31563.2
31897.0
32227.6
32561.8
32897.2
33561.6
33568.2
33901.6
34563.6
34567.4
34902.4
35233.4
35565.8
35902.2
36235.4
36566.4
36901.4
37235.6
37565.6
37899.8
38234.6
38567.0
38898.0
39236.0
39565.0
39898.0
40237.2
40567.2
40899.4
41236.8
41568.4
41899.8
42236.0
42569.8
42901.0
43236.2
43571.8
43902.8
44237.4
44578.0
44896.6
