15304.2
15633.8
15966.4
16301.0
16631.2
16966.8
17297.0
17629.2
17967.8
18284.0
18621.8
18951.6
19284.4
19619.6
19950.2
20286.0
20617.8
20938.0
21272.4
21603.4
21940.4
22270.6
22603.8
22940.4
23257.4
23596.4
23913.0
24249.0
24580.0
24911.8
25267.4
25597.0
25985.2
26303.4
26634.8
26966.0
27301.8
27631.2
27963.6
28297.4
28627.0
28962.6
29291.6
29623.0
29957.8
30286.6
30621.0
30950.2
31281.8
31619.4
31935.4
32273.0
32602.4
32935.0
33268.8
33586.4
33925.2
34241.2
34578.4
34907.0
35239.0
35572.0
35901.6
36237.4
36566.2
36898.4
37231.8
37562.0
37898.0
38214.2
38549.0
38879.2
39210.2
39548.2
39863.8
40200.6
40529.2
40861.4
41195.2
41512.6
41851.2
42167.0
42504.2
42832.8
43164.8
43497.6
43827.0
44163.2
44491.4
44823.8
