15047.2
15375.4
15703.2
16030.6
16363.6
16684.0
17004.6
17334.4
17662.8
17990.4
18323.6
18643.6
18973.2
19301.2
19628.4
19961.0
20291.2
20619.4
20936.2
21264.4
21591.4
21925.4
22254.0
22582.0
22909.4
23237.4
23570.2
23889.2
24218.4
24546.0
24873.0
25225.2
25557.6
25932.4
26263.2
26667.8
27014.0
27342.0
27671.6
28005.0
28333.6
28661.6
28996.0
29326.4
29655.2
29983.4
30319.4
30649.8
30978.8
31307.2
31642.4
31973.2
32302.0
32630.2
32958.0
33292.6
33621.8
33950.2
34277.8
34281.2
34612.2
34941.8
35270.0
35925.0
35927.8
36258.8
36908.0
36915.2
37236.0
37563.0
37896.6
38216.8
38546.6
39202.0
39531.0
39532.6
39862.6
40189.0
40510.4
41164.8
41167.4
41498.6
41827.6
42155.6
42483.6
42814.6
43134.0
43455.2
43785.0
44114.8
44440.4
44768.4
