15311.8
15646.4
15979.8
16312.4
16650.4
16973.6
17308.2
17641.6
17975.0
18312.6
18635.6
18970.2
19303.4
19637.8
19964.6
20289.4
20623.8
20956.4
21288.8
21627.8
21950.8
22274.4
22609.0
22941.0
23275.2
23601.8
23926.6
24261.0
24593.4
24925.6
25281.0
25662.6
26119.2
26447.8
26782.4
27116.4
27449.2
27782.0
28120.4
28454.4
28776.2
29108.4
29110.8
29446.2
30102.8
30436.6
30436.8
30776.8
31101.4
31436.6
31770.6
32103.2
32442.4
32766.2
33100.8
33434.2
33766.4
34105.2
34428.4
34762.6
35095.8
35427.6
35766.0
36089.0
36423.0
36755.6
37087.2
37425.4
37748.4
38082.6
38415.6
38748.6
39086.0
39743.6
40076.8
40409.0
40414.0
40747.8
41405.8
41739.0
42071.6
42409.8
42733.2
43067.2
43399.8
43732.8
44059.6
44385.2
44720.2
