15221.0
15549.6
15867.8
16185.6
16516.0
16845.2
17177.2
17493.0
17813.2
18146.6
18475.2
18804.6
19124.6
19441.2
19772.0
20102.8
20430.8
20748.2
21069.4
21387.2
21717.2
22048.6
22364.2
22683.8
23016.8
23345.2
23675.6
23995.4
24313.0
24643.8
24974.0
25323.6
25646.0
25980.8
26303.2
26632.8
26963.0
27297.0
27611.6
27932.2
28268.8
28598.8
28927.8
29258.2
29591.0
29906.8
30237.8
30569.8
30902.2
31218.0
31550.4
31885.2
32200.4
32531.8
32865.2
33196.2
33513.4
33846.2
34180.8
34496.2
34828.2
35162.6
35492.8
35822.2
36153.4
36488.0
36803.6
37135.6
37469.0
37786.4
38117.2
38449.2
38784.4
39099.8
39432.0
39766.2
40097.4
40415.0
40748.0
41081.4
41397.4
41729.8
42064.4
42394.8
42725.0
43056.8
43391.6
43707.6
44039.0
44371.8
44702.6
