15065.0
15388.6
15718.0
16030.4
16353.8
16681.8
17004.0
17332.6
17656.2
17985.8
18298.0
18621.4
18949.4
19271.6
19600.2
19912.4
20235.8
20563.0
20885.8
21214.6
21536.8
21865.6
22178.2
22501.6
22829.4
23152.2
23481.2
23803.4
24132.4
24444.8
24768.4
25108.6
25459.0
25786.0
26113.4
26530.2
26860.4
27184.8
27507.6
27833.8
28156.6
28483.0
28806.2
29132.6
29455.2
29782.0
30104.6
30432.8
30755.6
31084.6
31407.6
31735.8
32059.4
32382.2
32708.4
33031.2
33359.0
33681.8
34011.0
34334.2
34663.6
34987.2
35314.4
35639.0
35962.0
36288.8
36612.0
36940.2
37263.6
37593.0
37916.8
38247.2
38571.2
38901.8
39226.0
39556.4
39880.6
40210.0
40534.4
40858.6
41184.6
41507.6
41511.2
41835.2
42162.8
42487.0
42813.6
43138.6
43774.6
43779.0
44102.8
44430.2
44754.4
