15045.8
15368.6
15690.6
16012.2
16333.6
16655.4
16982.8
17307.4
17630.6
17953.0
18274.8
18596.2
18917.2
19238.2
19559.6
19886.6
20211.0
20534.0
20856.0
21177.6
21498.8
21819.6
22140.2
22461.2
22788.0
23112.4
23435.6
23758.0
24079.6
24400.6
24721.4
25044.4
25392.8
25723.8
26069.8
26400.4
26734.8
27067.4
27389.8
27712.4
28034.4
28362.8
28686.8
29009.6
29342.8
29664.8
30001.2
30324.0
30646.8
30978.2
31302.8
31630.0
31954.8
32278.8
32601.8
32924.4
33246.4
33568.2
33890.0
34217.6
34542.8
34867.0
35190.2
35512.6
35834.8
36156.4
36478.6
36806.6
37131.2
37454.8
37777.4
38099.4
38421.0
39063.6
39065.8
39390.4
39715.4
40038.8
40361.4
40683.2
41004.6
41646.6
41967.6
41971.8
42294.2
42618.8
42942.2
43264.6
43586.2
43907.4
44549.0
44869.6
