15248.2
15583.2
15920.8
16241.4
16577.0
16915.8
17235.8
17561.0
17882.2
18218.0
18556.6
18890.4
19213.2
19554.2
19874.6
20200.6
20535.4
20869.2
21195.6
21516.2
21841.8
22177.4
22511.8
22837.8
23158.6
23494.8
23834.4
24154.4
24491.2
24813.8
25141.6
25488.6
25822.6
26172.6
26504.0
26830.4
27151.6
27475.4
27813.2
28133.6
28469.8
28791.2
29127.0
29462.4
29795.6
30129.8
30464.6
30799.0
31121.0
31458.0
31791.6
32126.0
32461.2
32782.2
33117.4
33454.2
33775.0
34099.4
34433.0
34767.0
35103.0
35424.4
35747.8
36085.4
36407.0
36743.4
37076.0
37409.8
37745.2
38065.8
38389.2
38725.2
39058.6
39703.2
40038.8
40375.6
40696.4
41020.8
41026.4
41355.0
41688.6
42023.8
42358.0
42679.8
43336.6
43343.2
43671.6
44006.0
44339.8
44663.0
44985.6
