15266.2
15595.8
15926.8
16242.8
16573.8
16901.2
17230.8
17562.0
17889.6
18219.2
18550.4
18878.8
19209.0
19542.0
19857.8
20189.2
20516.4
20845.6
21176.8
21492.4
21823.8
22151.2
22480.2
22810.6
23139.0
23469.2
23801.6
24117.2
24448.8
24776.0
25107.6
25442.6
25776.8
26104.2
26535.0
26860.2
27198.6
27527.4
27855.6
28184.0
28517.2
28845.6
29172.6
29504.8
29833.6
30161.2
30494.8
30822.0
31150.8
31486.2
31813.4
32143.0
32479.0
32792.6
33125.8
33455.8
33773.2
34109.4
34423.2
34756.2
35085.4
35413.0
35746.8
36073.2
36402.2
36738.0
37052.0
37384.8
37715.2
38042.8
38375.8
38704.2
39022.2
39356.2
39683.6
40015.4
40347.4
40675.6
41008.2
41341.4
41657.6
41994.2
42308.8
42641.4
42973.8
43301.6
43634.4
43965.8
44282.2
44619.0
44933.6
