15277.2
15603.2
15932.8
16257.0
16582.8
16912.8
17224.8
17554.4
17879.0
18204.6
18534.6
18859.0
19185.6
19515.8
19827.8
20157.4
20482.0
20807.8
21137.8
21462.2
21789.0
22119.4
22431.2
22760.8
23085.4
23411.2
23741.0
24065.0
24391.4
24721.6
25048.4
25382.8
25726.4
26063.0
26439.4
26771.2
27097.4
27423.4
27749.0
28077.2
28402.2
28729.2
29057.2
29384.0
29710.8
30039.2
30367.0
30693.8
31022.6
31349.2
31676.6
32005.6
32331.6
32659.6
32988.0
33312.6
33639.0
33968.8
34293.4
34620.2
34950.6
35275.6
35601.8
35932.2
36256.4
36583.8
36910.0
37235.0
37563.0
37887.4
38213.0
38542.2
38866.2
39192.0
39522.4
39834.2
40163.4
40488.0
40813.8
41143.6
41468.0
41794.6
42125.0
42436.8
42766.4
43091.0
43416.8
43746.4
44070.4
44396.8
44727.0
