15291.4
15611.2
15937.2
16258.6
16579.4
16899.6
17219.4
17539.0
17865.0
18186.6
18507.4
18827.4
19147.4
19467.0
19793.0
20114.6
20435.4
20755.4
21075.2
21394.8
21720.8
22042.6
22363.4
22683.6
23003.6
23323.2
23649.2
23970.8
24291.6
24611.8
24931.6
25281.0
25674.6
26003.6
26326.6
26647.4
26968.8
27289.6
27610.0
27929.8
28256.2
28577.4
28898.0
29219.2
29558.0
29879.4
30201.6
30535.4
30861.6
31183.6
31504.8
31825.4
32145.8
32466.2
32792.2
33113.6
33434.2
33754.4
34074.6
34395.0
34720.6
35041.8
35362.2
35682.6
36322.8
36323.6
36648.2
36969.6
37290.0
37610.4
38250.4
38252.0
38576.0
38897.2
39217.8
39538.0
40178.0
40180.0
40503.6
40825.0
41145.4
41785.6
42105.8
42108.0
42431.6
42752.8
43073.4
43713.6
44033.6
44036.0
44359.4
44680.6
