15194.2
15530.0
15864.4
16198.4
16531.8
16864.8
17197.6
17530.4
17863.0
18195.6
18528.0
18860.4
19192.8
19525.0
19857.4
20189.6
20522.0
20854.2
21186.4
21518.4
21850.6
22182.6
22514.6
22846.6
23178.6
23510.6
23842.6
24174.6
24506.4
24838.4
25170.4
25502.4
25861.6
26215.4
26647.2
26989.6
27334.4
27666.4
27997.8
28328.2
28657.8
29316.6
29646.2
29975.8
30306.0
30636.6
30967.4
31298.8
31630.4
31962.4
32294.6
32626.8
32959.0
33291.4
33623.8
33956.2
34288.4
34620.8
34953.2
35285.6
35617.8
35950.2
36282.6
36614.8
36947.2
37279.6
37611.8
37944.2
38276.4
38608.6
38940.8
39273.0
39605.2
39937.2
40269.4
40601.2
40933.2
41265.2
41597.0
41929.0
42260.8
42592.8
42924.6
43256.6
43588.6
43920.4
44252.4
44584.4
44916.4
