15107.8
15434.6
15759.8
16090.0
16413.4
16738.0
17064.8
17389.2
17718.8
18042.8
18367.2
18694.2
19018.2
19348.8
19673.0
19997.6
20324.8
20648.6
20979.2
21303.4
21628.2
21955.2
22279.4
22610.0
22934.4
23259.8
23587.0
23911.6
24241.8
24566.2
24893.0
25223.2
25589.2
25998.6
26327.2
26777.6
27122.2
27460.8
27798.6
28141.2
28466.0
28808.2
29142.2
29480.0
29804.8
30142.8
30466.2
30471.2
30796.6
31445.2
31771.8
32096.2
32101.6
32426.8
33075.2
33402.2
33726.6
33732.4
34057.4
34706.4
35033.2
35357.8
35363.6
35688.6
36338.6
36665.0
36989.8
36995.2
37320.0
37974.2
38299.2
38624.2
38627.4
38953.6
39283.2
39610.2
40259.8
40588.2
40913.2
40917.8
41245.0
41896.6
42223.8
42549.2
42553.8
42879.8
43210.6
43537.6
44187.6
44516.2
44840.8
44846.0
