15084.4
15412.4
15746.4
16074.8
16403.2
16738.0
17055.4
17385.0
17712.4
18045.6
18374.0
18702.0
19036.4
19354.2
19684.0
20011.8
20344.6
20672.8
21000.8
21335.2
21663.6
21992.0
22327.0
22644.8
22974.4
23302.0
23635.2
23963.4
24291.6
24626.2
24954.8
25288.4
25640.6
25966.8
26303.0
26644.4
26974.4
27303.4
27632.4
27965.6
28294.4
28630.0
28960.4
29289.4
29625.0
29953.8
30282.0
30617.0
30934.8
31264.6
31592.4
31925.6
32254.2
32582.2
32916.8
33245.6
33573.8
33909.2
34226.8
34884.0
34887.2
35217.4
35550.4
35873.8
36208.6
36856.0
37183.8
37516.8
37845.0
37853.2
38173.0
38507.4
38835.8
39164.4
39499.6
40147.2
40474.6
40807.8
41136.0
41144.6
41464.2
41798.8
42127.4
42456.0
42791.0
43437.4
43444.4
43765.6
44099.2
44427.6
44755.8
