15072.0
15395.4
15719.6
16044.4
16370.6
16699.8
17016.8
17334.4
17652.2
17970.2
18298.8
18624.8
18949.8
19274.4
19598.4
19922.2
20245.6
20568.8
20892.0
21215.8
21540.2
21865.6
22195.0
22522.6
22849.0
23174.4
23499.2
23823.4
24147.2
24470.8
24794.2
25153.4
25478.0
25805.0
26136.2
26458.0
26886.8
27228.0
27566.6
27904.2
28229.6
28558.0
28882.8
29206.6
29530.0
29853.0
30175.8
30498.4
30820.8
31143.0
31465.4
31787.6
32110.4
32433.6
32757.4
33082.0
33409.8
33735.0
34059.4
34383.2
34706.8
35029.8
35352.8
35675.4
35997.8
36320.2
36642.6
36964.8
37287.2
37610.2
37933.6
38257.8
38583.4
38910.2
39235.0
39559.2
39883.0
40206.4
40529.4
40852.2
41174.8
41497.4
41819.8
42142.2
42464.8
42787.6
43111.2
43435.6
43760.8
44088.4
44413.2
44737.6
