15298.2
15622.4
15932.8
16254.4
16578.4
16899.2
17223.2
17543.8
17867.6
18188.2
18512.0
18832.6
19156.4
19477.2
19801.0
20121.6
20445.4
20766.0
21089.6
21410.4
21734.2
22055.0
22378.6
22699.4
23023.0
23343.6
23667.4
23988.2
24312.0
24632.8
24956.6
25308.0
25631.8
25967.2
26315.8
26646.8
26967.2
27287.4
27609.0
27929.4
28252.4
28573.6
28899.6
29233.8
29555.2
30198.4
30518.8
30841.8
31162.0
31485.0
31805.2
32128.2
32448.4
32771.2
33091.4
33414.6
33734.6
34057.8
34378.0
34701.2
35021.2
35344.8
35664.8
35988.4
36308.2
36632.0
36951.8
37275.6
37595.4
37919.4
38239.2
38563.2
38882.8
39207.0
39526.6
39851.0
40170.6
40494.8
40814.4
41138.8
41458.4
41782.8
42102.4
42426.8
42746.4
43070.8
43390.4
43715.0
44034.6
44359.0
44678.6
