15003.2
15335.2
15666.6
15997.0
16328.0
16659.6
16978.8
17299.6
17632.2
17963.6
18294.2
18625.0
18956.0
19287.8
19607.4
19928.8
20261.8
20593.0
20924.2
21255.8
21576.4
21898.4
22231.8
22563.4
22895.2
23227.2
23560.0
23880.8
24202.6
24526.0
24860.4
25202.0
25537.2
25876.4
26220.2
26562.8
26895.0
27217.6
27542.6
27863.0
28182.8
28502.0
28822.2
29154.4
29485.4
29816.8
30149.2
30468.6
30789.0
31121.6
31453.4
31784.0
32114.8
32446.2
32766.2
33087.4
33420.4
33751.8
34083.0
34414.8
34735.4
35057.4
35391.6
35714.0
36047.4
36379.4
36711.6
37044.4
37365.8
37688.4
38012.6
38348.0
38682.2
39016.4
39338.8
39672.6
39995.0
40319.0
40644.0
40966.0
41304.2
41625.6
42281.4
42283.0
42614.6
43254.0
43586.6
43918.6
43927.2
44249.8
44581.6
44914.6
