15212.0
15538.2
15866.0
16195.4
16527.2
16853.6
17181.6
17511.0
17842.8
18169.8
18497.8
18827.4
19159.4
19486.8
19815.2
20144.8
20478.8
20944.8
20953.4
21297.0
21637.8
21976.8
22316.4
22641.4
22968.2
23306.8
23645.8
23975.2
24626.8
24954.4
25298.6
25640.8
25967.0
26304.8
26647.8
26972.8
27300.2
27630.0
27955.8
28283.0
28611.2
28941.6
29267.6
29594.8
29922.8
30253.0
30579.6
30907.2
31235.8
31566.8
31893.8
32222.0
32551.2
32892.4
33223.8
33549.6
33877.2
34206.0
34537.6
34863.2
35190.8
35519.6
35850.8
36176.4
36504.0
36833.2
37163.6
37489.4
37817.2
38147.8
38479.6
38805.8
39133.8
39464.0
39796.8
40123.2
40451.6
40781.6
41114.2
41441.2
41769.6
42099.4
42431.6
42759.2
43087.8
43417.6
43750.6
44094.2
44533.2
44887.0
