15113.6
15436.6
15764.0
16087.8
16410.8
16733.6
17060.8
17384.4
17707.2
18029.8
18356.8
18680.2
19003.0
19325.4
19652.6
19975.8
20298.4
20620.8
20948.0
21271.4
21594.0
21916.2
22243.6
22567.2
22889.8
23212.0
23539.6
23863.2
24186.0
24508.2
24835.6
25167.0
25491.4
25843.8
26192.8
26529.2
26851.4
27174.2
27502.2
27826.2
28149.2
28472.0
28797.4
29120.0
29442.2
29769.4
30427.8
30428.4
30767.4
31090.2
31734.8
31736.0
32061.6
32384.8
33029.6
33031.6
33357.0
33680.6
34325.6
34328.0
34653.2
34977.0
35622.4
35624.6
35950.2
36274.2
36920.0
36921.2
37247.8
37571.8
37895.0
38218.2
38545.4
38869.2
39192.0
39515.8
39842.4
40166.2
40812.0
40813.8
41139.8
41463.6
42109.6
42112.0
42437.4
42761.2
43407.4
43410.2
43735.0
44059.0
44705.4
44708.2
