15315.4
15631.2
15947.4
16265.0
16586.2
16905.2
17223.2
17540.6
17857.8
18174.4
18490.8
18807.0
19123.0
19438.8
19754.8
20070.6
20387.2
20708.4
21027.8
21346.2
21663.8
21981.0
22297.6
22614.2
22930.4
23246.4
23562.2
23878.2
24194.0
24510.0
24827.6
25167.2
25490.8
25814.0
26203.0
26653.4
26968.4
27299.0
27627.0
27954.4
28286.2
28613.6
28930.0
29258.8
29590.8
29918.2
30244.6
30579.0
30582.0
30898.6
31217.4
31865.8
32183.0
32501.2
32835.0
32836.0
33153.6
33471.6
33789.2
34106.2
34739.4
35055.8
35372.0
35688.2
36005.0
36326.8
36329.0
36646.2
36964.4
37282.2
37599.4
37916.2
38232.6
38549.0
39181.0
39496.8
39812.8
40129.2
40449.4
40452.6
40769.4
41087.8
41405.6
41722.8
42039.8
42356.2
42672.6
43304.6
43620.4
43936.4
44252.4
44569.4
44890.8
44892.2
