15242.0
15562.6
15882.6
16201.8
16525.4
16843.4
17165.2
17483.2
17804.2
18122.6
18442.8
18766.8
19084.8
19407.2
19725.2
20046.6
20364.6
20685.2
21008.4
21326.8
21649.8
21967.8
22289.2
22607.2
22927.8
23248.6
23567.6
23891.0
24209.2
24531.0
24849.2
25180.2
25522.4
25878.0
26216.4
26622.8
26942.6
27262.2
27586.8
27907.2
28237.6
28568.6
28902.6
29220.4
29552.6
29883.8
30201.6
30524.4
30857.6
31175.4
31497.8
31817.8
32139.2
32464.6
32783.0
33105.8
33424.8
33746.6
34070.6
34389.4
34713.6
35032.4
35354.4
35674.4
35995.4
36320.8
36639.4
36962.2
37281.6
37603.2
37928.8
38247.6
38571.0
38890.0
39211.6
39532.6
39852.6
40177.2
40495.4
40817.6
41136.2
41457.2
41779.6
42098.2
42421.8
42740.0
43061.8
43379.8
43700.8
44021.0
44340.2
44664.0
44982.0
