15224.0
15554.0
15886.2
16220.0
16532.2
16862.2
17192.8
17525.0
17839.8
18168.0
18497.0
18827.6
19161.2
19476.4
19805.0
20134.0
20465.2
20799.2
21113.4
21442.0
21771.6
22103.2
22437.0
22749.6
23079.2
23408.8
23741.0
24075.0
24388.0
24717.2
25058.2
25398.4
25742.2
26103.6
26497.6
26833.0
27162.0
27494.6
27820.2
28147.6
28475.2
28804.0
29134.4
29467.0
29801.6
30116.8
30446.4
30775.8
31107.4
31441.4
31769.0
32095.4
32423.6
32753.8
33086.2
33420.6
33735.2
34064.4
34394.0
34725.8
35060.0
35387.2
35713.8
36042.0
36372.4
36705.4
37041.0
37356.0
37686.0
38016.0
38348.0
38682.8
39012.6
39338.8
39667.8
39997.8
40011.4
40329.6
40663.2
41307.0
41316.0
41636.6
41967.8
42300.2
42942.8
42952.4
43273.0
43605.2
43939.4
44581.2
44589.6
44911.2
