15028.0
15357.4
15686.6
16021.2
16351.2
16680.8
17015.8
17334.6
17665.2
17995.6
18328.4
18658.0
18987.2
19320.6
19650.0
19979.4
20313.6
20632.0
20962.2
21295.4
21627.0
21956.4
22287.8
22619.8
22949.2
23278.8
23611.6
23940.8
24270.0
24591.4
24923.2
25257.2
25610.0
25959.0
26344.6
26668.8
27000.8
27336.6
27668.6
28000.0
28334.4
28665.6
29001.8
29333.4
29665.6
29999.2
30330.0
30666.4
30986.8
31306.4
31637.6
31973.8
32305.2
32635.4
32971.2
33290.8
33621.8
33952.0
34285.6
34615.4
34945.4
35279.4
35610.0
35940.0
36274.0
36604.6
36934.8
37269.0
37587.8
37918.4
38254.4
38585.6
38915.6
39251.2
39570.8
39901.6
40232.0
40565.2
40895.2
41225.2
41559.2
41889.8
42220.0
42554.0
42884.6
43215.0
43549.0
43879.8
44210.4
44544.4
44875.2
