15111.2
15436.4
15758.2
16080.8
16406.2
16727.8
17050.2
17374.8
17697.8
18020.0
18344.6
18669.8
18991.4
19315.6
19641.8
19952.4
20278.2
20600.6
20923.0
21248.0
21570.2
21892.6
22217.0
22542.2
22864.2
23188.6
23515.6
23826.2
24151.8
24474.8
24797.0
25131.6
25468.4
25812.4
26146.2
26490.8
26821.4
27146.4
27468.2
27791.8
28117.6
28439.8
28762.2
29086.0
29412.0
29732.8
30055.6
30381.2
30702.2
31025.0
31350.4
31671.6
31994.4
32319.6
32640.8
32963.6
33288.8
33610.0
33932.8
34257.8
34579.4
34902.0
35227.0
35548.6
35871.2
36196.0
36518.0
36840.4
37165.2
37487.6
37810.0
38134.6
38458.2
38780.2
39104.6
39431.0
39752.8
40076.8
40403.6
40725.4
41049.0
41375.4
41697.4
42020.8
42346.6
42669.4
42992.4
43317.6
43643.6
43966.0
44290.6
44618.0
44940.2
