15223.6
15553.4
15877.8
16208.4
16522.6
16848.2
17179.6
17503.8
17828.4
18155.8
18480.2
18810.4
19123.2
19448.6
19778.4
20102.8
20433.6
20747.6
21073.2
21404.4
21728.4
22054.8
22381.2
22706.2
23036.4
23360.6
23689.8
24004.2
24329.8
24660.8
24985.4
25342.0
25668.6
26121.2
26526.6
26871.6
27208.6
27538.8
27863.0
28195.0
28519.4
28853.2
29179.2
29188.2
29521.0
29844.2
30175.6
30500.0
30824.2
31152.6
31476.6
31808.2
32132.4
32456.8
32785.0
33109.0
33440.4
33764.8
34089.4
34417.2
34741.4
35072.4
35396.8
35723.6
36050.4
36375.0
36705.4
37030.0
37362.2
37687.4
38012.6
38341.4
38666.2
38998.2
39323.2
39652.8
39979.4
40304.8
40635.0
40960.0
41292.8
41618.2
41945.2
42273.0
42598.2
42929.0
43253.6
43586.2
43911.2
44235.8
44564.2
44888.4
