15031.0
15354.0
15682.4
15999.6
16317.2
16644.0
16969.2
17294.0
17619.0
17943.0
18267.0
18590.2
18915.0
19242.4
19567.4
19892.2
20216.6
20540.8
20865.4
21189.2
21512.6
21836.6
22164.6
22489.8
22814.6
23139.0
23463.2
23787.8
24111.4
24435.2
24758.2
25101.0
25422.0
25763.8
26126.8
26447.4
26772.6
27100.4
27414.8
27730.6
28047.6
28373.0
28686.6
29001.8
29326.6
29651.0
29964.6
30288.8
30602.4
30926.8
31250.4
31576.0
31903.0
32218.8
32536.0
32862.2
33187.6
33511.4
33834.4
34157.8
34481.6
34805.2
35129.2
35457.0
35781.8
36106.2
36430.2
36754.6
37077.8
37400.8
37724.4
38047.8
38375.6
38701.2
39025.6
39349.8
39673.8
39998.0
40321.0
40644.2
40967.2
41290.0
41618.0
41934.6
42252.2
42579.2
42904.2
43229.2
43554.6
43883.4
44202.8
44526.0
44850.6
