15032.4
15357.2
15683.0
16010.8
16333.6
16657.6
16982.6
17309.0
17635.4
17957.4
18280.8
18605.4
18931.2
19258.6
19580.6
19904.2
20229.2
20553.6
20876.2
21198.8
21522.4
21848.4
22175.0
22497.4
22821.0
23146.0
23472.0
23798.2
24120.2
24443.4
24767.8
25099.4
25430.6
25754.6
26117.2
26450.6
26785.6
27119.4
27442.0
27767.2
28095.8
28419.4
28741.2
29065.8
29401.0
29735.4
30061.2
30386.8
30708.0
31030.4
31354.2
31681.6
32005.6
32327.0
32649.8
32974.6
33303.2
33626.6
33948.6
34271.8
34597.4
34925.6
35247.8
35570.0
35893.8
36220.4
36546.4
36868.4
37191.4
37515.8
37843.4
38169.2
38491.4
38814.8
39139.4
39467.8
39793.2
40115.6
40439.4
40764.6
41093.4
41419.6
41742.6
42066.8
42392.2
42720.8
43048.2
43372.2
43696.0
44021.0
44348.8
44677.0
