15120.4
15442.8
15764.2
16089.6
16404.0
16717.0
17040.2
17362.0
17690.0
18012.2
18333.8
18657.8
18982.8
19305.0
19626.4
19953.8
20266.6
20589.8
20911.6
21239.4
21561.8
21883.2
22210.2
22523.8
22836.8
23159.8
23481.4
23809.4
24131.4
24453.0
24778.8
25109.2
25434.6
25785.4
26138.8
26460.2
26902.4
27235.6
27574.2
27913.4
28237.0
28578.6
28901.4
29223.8
29553.0
29875.8
30198.2
30525.8
30848.8
31171.0
31492.8
31819.4
32141.8
32463.8
32791.4
33114.2
33436.2
33757.8
34084.2
34406.4
34728.2
35056.0
35378.8
35701.0
36022.8
36349.0
36671.4
36993.2
37321.2
37644.0
37966.2
38289.0
38614.6
38937.2
39259.2
39587.0
39910.0
40232.4
40559.8
40883.8
41206.6
41529.0
41855.8
42178.8
42501.2
42829.6
43153.0
43475.6
43804.0
44127.8
44450.4
44773.0
