15288.8
15609.0
15927.4
16245.0
16562.4
16879.8
17202.4
17521.2
17839.0
18156.8
18474.0
18793.6
19114.0
19432.2
19750.0
20067.4
20384.8
20707.4
21026.0
21344.0
21661.6
21979.0
22298.2
22618.8
22937.0
23254.8
23572.2
23889.6
24212.2
24531.0
24849.0
25170.6
25520.2
25868.6
26191.6
26524.6
26841.6
27159.6
27477.8
27796.2
28115.0
28436.4
28754.2
29074.4
29406.2
29739.2
30057.4
30376.2
30706.4
31036.6
31353.8
31671.4
31989.0
32306.8
32625.6
32948.0
33268.0
33587.2
33905.8
34224.0
34542.2
34860.4
35178.8
35501.4
35820.8
36139.6
36458.0
36776.4
37094.8
37417.8
37737.0
38055.8
38374.4
38692.8
39015.0
39335.2
39654.0
39972.4
40290.8
40609.2
40931.6
41250.4
41568.8
41886.8
42204.8
42528.2
42847.2
43165.4
43483.4
43801.0
44120.2
44441.2
44759.6
