15278.0
15606.4
15929.2
16251.8
16573.8
16902.2
17225.0
17547.8
17870.0
18198.6
18521.4
18844.4
19166.6
19495.2
19818.2
20141.2
20463.6
20792.2
21115.2
21438.4
21760.8
22089.6
22412.6
22735.8
23058.4
23387.0
23710.2
24033.4
24356.0
24684.6
25011.0
25341.8
25717.4
26060.8
26394.6
26824.8
27169.4
27506.0
27841.6
28178.2
28512.4
28849.6
29183.4
29522.8
29856.4
30195.4
30518.6
30853.4
30869.4
31193.4
31838.8
32161.0
32489.4
32812.4
33135.0
33457.2
33785.8
34109.2
34433.0
34774.6
35098.2
35421.4
35744.4
36073.6
36397.4
36720.8
37043.8
37372.4
37373.2
37696.4
38023.8
38362.0
38684.8
39007.2
39329.2
39657.6
39980.8
40303.4
40625.2
40953.8
41277.0
41599.6
41921.6
42250.2
42573.6
42896.2
43218.4
43546.8
43870.4
44193.2
44515.4
44843.8
