15307.0
15633.6
15967.0
16293.4
16620.0
16953.2
17280.0
17606.4
17939.0
18265.8
18592.4
18920.8
19249.2
19575.6
19901.8
20232.2
20558.6
20884.8
21216.2
21542.6
21869.0
22201.4
22527.8
22854.2
23187.2
23513.8
23840.4
24173.6
24500.4
24827.0
25179.2
25508.4
25855.6
26192.0
26643.0
26985.4
27315.2
27653.6
27997.0
28323.4
28662.2
29001.8
29339.4
29679.2
30016.8
30357.2
30695.4
31028.4
31355.6
31682.8
32016.8
32343.8
32671.0
33005.2
33332.2
33659.6
33994.0
34321.0
34648.6
34983.0
35310.2
35637.8
35972.2
36299.6
36627.2
36961.2
37288.4
37615.8
37949.4
38276.4
38603.4
38936.8
39263.6
39590.2
39923.8
40250.4
40576.8
40910.4
41237.0
41563.4
41896.8
42223.6
42550.0
42882.6
43209.4
43535.8
43864.0
44192.6
44519.0
44845.2
