15272.4
15581.2
15907.2
16216.0
16542.6
16851.2
17177.6
17487.6
17807.6
18128.4
18436.4
18751.4
19071.6
19394.0
19702.2
20028.2
20337.2
20663.2
20972.0
21297.6
21606.8
21927.6
22239.2
22558.6
22881.0
23201.8
23513.2
23821.4
24147.0
24455.4
24782.0
25097.8
25433.8
25744.0
26090.4
26428.2
26751.2
27070.2
27393.6
27712.8
28035.8
28355.6
28678.2
28998.8
29309.6
29631.2
29953.6
30277.4
30586.2
30908.2
31230.4
31554.4
31863.4
32186.0
32508.4
32833.8
33142.2
33465.6
33775.4
34095.4
34408.0
34728.0
35051.0
35358.8
35673.0
36307.0
36628.0
36633.4
36953.2
37570.6
37894.0
38213.6
38218.8
38535.6
38843.2
39167.8
39484.4
39801.6
40110.0
40743.2
40750.4
41064.4
41385.6
41693.8
42017.4
42337.0
42659.2
42967.0
43281.2
43916.6
43924.2
44237.4
44551.6
44872.2
