15065.6
15505.8
15507.2
15845.4
16185.8
16520.4
16853.6
17186.6
17519.6
17853.2
18186.6
18520.8
18844.8
19170.4
19507.0
19832.4
20158.8
20486.6
20815.0
21144.0
21473.8
22131.4
22456.4
22780.4
23103.6
23427.4
23751.8
24076.8
24402.6
24729.4
25070.8
25407.4
25737.4
26085.0
26407.2
26836.4
27175.4
27516.4
27853.8
28189.4
28524.0
28858.0
29191.8
29526.2
29861.8
30195.6
30529.4
30864.0
31198.4
31533.8
31857.2
31859.4
32195.0
32518.2
32842.4
33177.6
33827.6
33833.6
34163.4
34499.0
34823.8
35149.6
35476.2
35804.0
36132.2
36461.2
36790.8
37120.0
37446.0
37770.8
38094.0
38417.4
38741.4
39065.8
39391.2
39717.2
40044.6
40373.0
40702.4
41032.6
41363.0
42000.4
42324.0
42648.2
42973.0
43298.6
43625.2
43627.8
43952.8
44281.6
44611.2
44940.8
