15034.6
15367.2
15700.8
16031.4
16367.4
16698.4
17036.4
17356.4
17676.8
18014.2
18344.8
18679.8
19011.4
19344.4
19677.6
20008.8
20344.0
20675.4
21013.0
21333.4
21653.8
21990.4
22321.0
22658.4
22978.2
23310.6
23644.4
23974.6
24310.8
24641.4
24977.0
25306.8
25657.0
26006.6
26327.0
26659.2
26990.6
27320.6
27654.6
27974.2
28293.6
28614.2
28946.6
29276.6
29610.8
29929.8
30249.2
30569.4
30901.8
31232.6
31564.6
31894.0
32228.6
32547.8
32879.8
33212.2
33542.2
33876.6
34206.6
34537.0
34868.4
35199.0
35532.0
35861.8
36192.4
36523.4
36854.0
37186.6
37517.6
37852.0
38181.2
38511.6
38842.6
39172.6
39505.6
39835.6
40167.4
40497.8
40828.0
41159.8
41489.8
41824.4
42143.6
42475.4
42808.2
43138.4
43472.8
43802.6
44133.0
44464.4
44794.8
