15113.4
15438.0
15761.8
16085.2
16414.4
16740.4
17065.0
17388.8
17712.4
18039.2
18365.8
18690.2
19014.4
19338.2
19662.2
19990.6
20305.6
20631.2
20955.4
21279.0
21602.6
21931.6
22257.0
22581.2
22904.8
23228.2
23557.0
23882.4
24207.0
24531.0
24854.6
25200.2
25529.4
25895.4
26284.4
26617.0
26955.4
27281.4
27606.0
27929.6
28252.8
28581.6
28906.6
29230.2
29553.4
29880.6
30206.2
30530.4
30853.8
31176.8
31500.2
31828.0
32152.8
32476.6
32800.0
33123.0
33449.4
33775.6
34099.8
34423.4
34746.4
35069.6
35397.6
35722.4
36046.4
36369.6
36692.6
37017.2
37344.0
37668.4
37992.0
38315.2
38638.2
38966.2
39291.4
39615.4
39938.8
40261.8
40585.2
40912.8
41237.4
41561.0
41884.2
42207.2
42534.6
42860.2
43184.4
43507.8
43830.8
44153.8
44481.6
44806.4
