15004.6
15337.2
15669.8
16008.6
16346.2
16682.0
17016.8
17350.8
17684.6
18018.0
18350.6
18683.2
19022.8
19349.0
19676.6
20014.0
20349.0
20682.8
21016.2
21348.6
21681.0
22013.6
22345.8
22683.0
23021.4
23347.0
23683.4
24018.0
24351.8
24685.0
25018.6
25353.6
25685.0
26022.0
26366.4
26695.6
27028.8
27368.2
27703.8
28038.0
28371.0
28703.6
29035.6
29358.0
29695.0
30347.6
30683.8
31018.2
31351.4
31684.2
31684.2
32017.2
32350.0
33014.8
33018.4
33353.4
34016.2
34017.6
34352.0
34686.0
35019.2
35353.8
35684.4
36017.0
36349.2
36681.6
37021.2
37346.2
37673.0
38010.2
38345.2
38678.8
39012.0
39344.8
39676.8
40009.2
40341.6
40677.6
41002.0
41337.4
41991.4
42328.0
42662.4
42996.0
43329.2
43329.4
43661.4
43993.6
44326.0
44658.2
44996.4
