15272.2
15600.8
15927.2
16256.4
16582.4
16909.8
17240.2
17554.6
17885.4
18211.2
18538.8
18869.2
19195.0
19523.4
19849.6
20176.4
20506.0
20831.4
21159.2
21489.2
21804.0
22135.4
22461.0
22789.0
23115.8
23442.2
23771.8
24097.6
24425.2
24756.2
25077.0
25416.4
25761.0
26092.6
26419.4
26748.0
27063.6
27489.2
27836.8
28178.0
28516.2
28842.0
29167.4
29495.4
29819.6
30145.8
30475.0
30799.2
31126.8
31451.2
31777.4
32106.2
32430.4
32758.2
33082.4
33408.8
33736.4
34060.8
34389.0
34713.2
35039.6
35365.8
35690.8
36019.4
36343.6
36670.2
36995.6
37321.0
37650.0
37974.0
38301.0
38626.0
38951.6
39281.0
39605.2
39932.2
40257.2
40583.0
40912.4
41236.6
41563.8
41888.8
42214.8
42544.4
42868.6
43195.8
43520.8
43846.8
44176.4
44500.8
44828.0
