15008.8
15339.4
15670.2
15990.6
16314.2
16649.4
16967.0
17298.4
17628.8
17959.2
18278.0
18610.6
18943.2
19265.0
19583.4
19914.0
20244.2
20574.6
20893.8
21215.4
21537.8
21857.2
22188.0
22518.6
22849.8
23170.0
23493.4
23829.0
24163.6
24482.4
24813.4
25137.0
25472.4
25811.8
26144.6
26493.6
26822.4
27152.6
27471.6
27803.8
28134.4
28465.4
28785.0
29106.8
29440.2
29773.0
30105.6
30438.6
30761.8
31080.8
31412.0
31742.2
32073.0
32403.8
32723.6
33046.6
33363.6
33694.2
34024.6
34343.0
34664.2
35299.6
35619.6
35626.4
35952.2
36590.8
36593.6
36921.2
37239.6
37560.2
38199.2
38518.6
38525.8
38850.6
39489.2
39491.8
39819.6
40137.6
40457.6
41098.0
41101.6
41428.4
41758.6
42077.2
42398.4
43034.0
43354.4
43363.2
43687.0
44008.8
44331.6
44656.0
44974.4
