15096.0
15429.2
15762.6
16096.6
16419.6
16736.6
17068.2
17399.2
17730.2
18061.4
18392.6
18723.8
19055.2
19386.8
19718.4
20050.4
20382.4
20714.4
21046.6
21379.0
21711.4
22044.0
22376.4
22709.2
23041.8
23374.6
23707.2
24040.0
24372.8
24705.6
25049.2
25387.6
25727.2
26092.0
26435.0
26765.4
27096.6
27428.4
27760.2
28092.0
28423.4
28754.8
29085.8
29416.6
29747.6
30078.8
30410.0
30730.0
31063.8
31397.0
31730.2
32063.4
32384.2
32699.6
33030.6
33360.6
33690.8
34021.2
34351.8
34682.6
35013.6
35345.0
35676.4
36008.2
36340.0
36672.2
37004.6
37337.2
37670.0
38003.0
38325.2
38640.6
38970.4
39630.2
39960.2
40290.6
40621.0
40951.8
40958.6
41282.8
41614.2
41945.6
42277.4
42609.6
42941.8
43274.4
43607.0
43940.0
44262.4
44909.2
