15030.4
15358.2
15681.6
16004.6
16328.0
16652.4
16978.0
17302.6
17627.4
17954.0
18281.8
18605.2
18928.6
19252.0
19576.8
19902.2
20226.8
20551.6
20878.2
21206.2
21517.0
21841.4
22166.2
22492.4
22817.2
23141.8
23468.2
23796.0
24120.2
24443.6
24767.0
25093.6
25427.4
25775.2
26140.2
26475.0
26799.2
27130.6
27446.2
27767.6
28080.8
28405.4
28729.4
29054.6
29380.2
29706.6
30033.8
30361.8
30691.2
31021.4
31352.4
31684.6
31998.0
32322.4
32646.4
32971.0
33296.6
33623.2
33951.4
34281.2
34612.2
34928.0
35239.0
35564.2
35889.4
36215.8
36543.2
36872.0
37202.4
37534.2
37848.6
38485.4
38811.2
38814.6
39138.0
39465.6
39794.8
40125.4
40458.6
40773.2
41084.6
41735.6
41738.8
42062.4
42390.2
42719.2
43049.6
43381.8
43696.2
44333.2
44659.0
44663.0
44986.0
