15024.2
15345.6
15667.0
15988.6
16310.4
16632.0
16953.8
17275.6
17597.6
17919.6
18241.6
18564.2
18887.2
19213.4
19538.8
19863.2
20186.8
20510.0
20832.8
21155.4
21477.8
21800.0
22122.2
22444.2
22766.2
23088.0
23409.8
23731.6
24053.4
24375.0
24696.8
25020.4
25344.8
25668.6
26016.8
26336.2
26763.6
27100.2
27438.2
27764.0
28098.6
28420.8
28743.2
29064.6
29385.8
29706.8
30027.6
30348.4
30669.4
30990.6
31311.8
31633.0
31954.6
32276.2
32598.0
32920.2
33243.2
33569.0
33893.8
34217.8
34541.2
34864.2
35187.0
35509.4
35831.6
36153.6
36475.6
36797.4
37119.0
37440.6
37762.2
38083.6
38405.0
38726.4
39047.6
39369.0
39690.2
40011.4
40332.6
40653.8
40975.0
41296.0
41617.2
41938.4
42259.6
42580.8
42902.0
43223.2
43544.4
43865.6
44186.8
44508.2
44829.4
