15229.6
15556.0
15882.4
16203.4
16526.2
16851.2
17177.0
17498.0
17820.8
18145.2
18471.8
18781.6
19107.2
19433.8
19755.2
20078.0
20403.0
20728.6
21049.8
21372.4
21696.8
22023.4
22344.6
22667.6
22992.0
23318.6
23628.2
23954.2
24280.6
24601.8
24924.6
25261.8
25605.2
25954.6
26362.0
26681.0
26993.6
27303.6
27617.4
27926.8
28252.2
28578.6
28905.2
29232.4
29554.4
29878.0
30203.4
30530.0
30854.2
31177.0
31501.4
31827.8
32152.8
32474.8
32798.8
33124.8
33449.2
33771.0
34095.0
34420.6
34743.2
35065.2
35389.6
35715.2
36036.4
36358.8
36683.4
37009.0
37330.2
37653.0
37977.4
38303.8
38613.4
38939.0
39265.4
39586.6
39909.2
40234.2
40559.8
40881.0
41203.6
41528.0
41854.6
42164.8
42490.2
42816.6
43138.2
43461.0
43786.0
44112.2
44433.2
44755.8
