15312.4
15644.2
15976.0
16308.0
16640.8
16975.0
17310.6
17647.0
17981.0
18312.4
18644.0
18975.6
19307.2
19638.8
19971.0
20304.0
20638.2
20973.8
21309.4
21640.6
21971.6
22302.6
22633.6
22965.0
23296.8
23629.0
23963.0
24298.2
24633.6
24964.4
25295.6
25638.6
26020.8
26354.8
26692.2
27029.8
27349.0
27686.0
28004.0
28337.2
28670.2
29004.6
29341.0
29658.0
29990.8
30322.8
30655.2
30989.0
31324.2
31660.6
31977.6
32310.4
32642.4
32974.6
33306.8
33640.2
33974.6
34310.0
34646.6
34963.8
35296.6
35628.8
35961.0
36293.4
36626.2
36960.2
37295.2
37631.4
37948.8
38281.4
38613.6
38945.8
39278.2
39611.0
39944.2
40279.0
40614.8
40951.6
41268.8
41601.4
41933.6
42265.8
42598.4
42931.4
43265.0
43600.0
43936.2
44253.4
44586.0
44917.8
