15300.2
15627.8
15958.2
16283.4
16610.2
16939.0
17266.4
17592.2
17920.0
18251.2
18576.2
18903.0
19232.6
19557.8
19884.2
20212.4
20540.4
20865.4
21193.0
21523.8
21848.2
22174.8
22504.2
22829.0
23155.2
23483.4
23809.6
24135.0
24462.6
24793.2
25120.0
25452.0
25799.8
26163.0
26510.6
26845.8
27173.6
27498.6
27824.4
28152.2
28482.6
28806.6
29140.2
29472.2
29811.6
30136.8
30788.6
31118.6
31442.6
31769.2
31772.4
32099.0
32749.2
33078.2
33402.4
33728.2
34056.4
34381.4
34706.8
35034.4
35361.6
35686.4
36013.4
36343.8
36668.0
36994.4
37324.0
37648.4
37974.4
38303.0
38628.0
38953.8
39281.6
39609.8
39934.6
40261.8
40592.4
40917.0
41243.6
41573.0
41898.0
42224.2
42552.6
42879.6
43205.2
43533.0
43864.0
44189.2
44516.2
44846.0
