15219.8
15549.6
15879.8
16215.6
16550.0
16882.8
17214.4
17545.4
17875.8
18205.8
18535.4
18865.0
19194.6
19524.0
19853.2
20182.4
20511.6
20840.6
21171.6
21506.4
21821.8
22157.4
22490.4
22810.8
23143.6
23475.0
23805.6
24135.8
24465.4
24795.0
25127.8
25459.0
25787.2
26119.4
26546.8
26886.8
27216.4
27544.4
27873.2
28206.8
28536.8
28865.4
29193.4
29521.0
29848.4
30175.8
30503.0
30830.4
31157.6
31485.0
31812.4
32139.8
32467.2
32794.6
33122.2
33449.8
33777.4
34105.2
34432.8
34760.8
35089.8
35423.0
35754.8
36085.4
36415.0
36744.2
37072.8
37401.2
37729.4
38057.4
38385.4
38713.2
39041.2
39369.2
39697.0
40025.0
40353.2
40681.2
41009.4
41337.6
41666.0
41994.4
42322.8
42651.6
42981.8
43316.0
43647.8
43978.4
44308.0
44637.2
44966.2
