15144.2
15474.6
15805.8
16137.8
16472.4
16801.8
17132.6
17463.8
17796.6
18126.6
18457.0
18787.8
19119.6
19454.4
19783.6
20114.0
20445.2
20777.4
21108.6
21438.6
21769.4
22100.8
22435.2
22765.0
23095.6
23426.6
23759.0
24094.0
24423.4
24754.2
25090.4
25430.0
25764.2
26100.2
26480.4
26829.6
27159.4
27491.0
27826.2
28158.8
28487.8
28818.2
29483.2
29486.4
29818.8
30147.6
30477.0
30808.2
31142.6
31476.0
31804.4
32134.8
32466.8
32803.0
33135.2
33464.4
33795.0
34128.0
34465.0
34796.8
35126.4
35457.8
35791.4
36129.2
36462.6
37124.8
37126.4
37458.4
37796.0
38130.6
38461.6
38796.0
39127.4
39464.4
39803.8
40121.8
40455.0
40788.4
41125.4
41460.2
41791.2
42123.0
42456.4
42792.8
43132.4
43450.4
43783.6
44117.6
44454.8
44792.0
