15301.2
15632.0
15961.0
16292.8
16620.8
16950.4
17283.6
17611.8
17943.0
18273.0
18602.8
18935.4
19263.8
19593.6
19927.6
20256.2
20587.4
20918.2
21248.2
21581.0
21909.4
22239.2
22573.6
22902.4
23233.4
23565.6
23895.2
24229.0
24559.2
24888.4
25233.8
25581.8
25927.2
26259.6
26675.6
27012.6
27343.4
27674.4
28010.2
28337.6
28668.0
28998.8
29326.8
29658.2
29987.0
30316.0
30650.2
30977.8
31308.0
31639.2
31967.4
32299.6
32628.2
32957.6
33292.6
33620.2
33951.0
34281.8
34610.4
34943.0
35271.6
35601.2
35936.4
36264.2
36595.2
36926.0
37254.8
37587.6
37916.2
38246.0
38581.4
38909.2
39240.2
39571.2
39900.0
40232.6
40561.4
40891.4
41226.6
41554.6
41885.4
42216.8
42545.6
42878.2
43207.2
43537.0
43872.2
44200.2
44531.0
44862.6
