15083.4
15416.6
15750.6
16086.0
16404.8
16738.4
17072.6
17408.4
17739.2
18071.2
18404.8
18739.2
19076.4
19395.6
19730.2
20064.8
20402.4
20721.6
21056.0
21390.8
21728.4
22047.8
22382.2
22716.8
23053.4
23372.4
23706.6
24041.4
24377.4
24696.4
25038.6
25381.8
25728.2
26117.6
26444.8
26765.0
27084.4
27405.6
27724.0
28044.2
28368.0
28685.8
29007.8
29342.8
29660.8
29993.8
30327.0
30661.6
31313.4
31317.2
31647.0
31983.2
32305.4
32624.8
32961.0
33613.2
33625.8
33947.6
34599.2
34611.4
34933.0
35268.4
35920.8
35931.4
36254.6
36591.0
37243.8
37253.4
37578.0
37914.6
38567.6
38576.4
38902.2
39238.6
39891.8
39900.0
40226.6
40878.6
40888.0
41212.6
41548.0
42200.6
42209.8
42535.0
42870.8
43523.6
43532.6
43858.4
44194.2
44847.4
44856.2
