15105.4
15424.8
15746.4
16078.8
16410.2
16729.6
17050.8
17373.2
17696.6
18020.2
18344.4
18664.0
18982.4
19314.2
19632.8
19952.8
20284.6
20604.0
20925.0
21257.6
21578.0
21900.2
22233.6
22555.0
22878.0
23201.8
23526.0
23848.0
24166.4
24486.0
24817.4
25140.0
25474.0
25811.0
26222.2
26570.8
26905.4
27240.8
27574.6
27908.2
28241.6
28562.6
28895.8
29227.2
29558.4
29877.8
30210.4
30541.2
30871.8
31203.8
31522.6
31854.4
32186.0
32505.2
32837.4
33169.2
33488.8
33821.2
34153.0
34472.4
34804.8
35123.8
35455.8
35775.4
36107.4
36426.8
36747.2
37069.2
37078.6
37402.0
37723.0
38047.8
38379.4
38701.2
39024.0
39350.8
39671.8
40308.8
40629.2
40960.6
40964.6
41292.0
41931.0
41935.6
42263.0
42582.4
42903.8
43236.6
43557.4
43879.4
44203.0
44527.2
44850.0
