15233.0
15558.2
15883.4
16208.8
16534.0
16859.4
17184.8
17510.2
17835.8
18161.2
18486.8
18812.4
19138.0
19463.8
19789.4
20115.2
20441.0
20766.8
21092.6
21418.4
21744.2
22070.2
22396.0
23047.8
23373.6
23699.6
24025.6
24351.4
24677.4
25005.2
25341.2
25732.6
26131.8
26501.4
26844.2
27179.6
27503.6
27828.2
28152.4
28476.6
28800.6
29125.8
29461.8
29803.6
30131.2
30132.8
30459.0
30786.2
31115.8
31440.4
31767.4
32094.2
32420.8
32747.6
33074.2
33400.6
33727.2
34053.6
34380.0
34706.4
35032.6
35359.0
35685.2
36011.6
36337.8
36664.0
36990.2
37316.2
37642.2
37968.2
38294.0
38619.6
38945.2
39270.6
39596.0
39921.4
40246.6
40571.8
40897.0
41222.4
41547.6
41872.8
42198.0
42523.4
42848.8
43174.2
43499.8
43825.2
44150.8
44476.4
44802.0
