65.51658767772508
221.66292134831457
247.40939597315432
256.8408690546096
257.82383419689126
260.28555111364943
231.89272821041763
212.7085714285716
205.4514480408857
200.41450777202076
-84.24742268041251
-85.52826956025115
-79.07514450867052
-40.69930069930092
-25.052631578947512
-15.826494724501742
-10.14084507042196
-5.710928319624543
-11.640211640211646
-6.137566137566353
-11.647058823529392
-5.925925925925355
-1.4823529411780214
-8.04232804232845
-2.9612220916561114
-8.88888888888846
NaN
100.47003525264405
118.66039952996373
131.77438307873143
171.8518518518511
188.8836662749712
199.57671957671954
205.92592592592504
210.37037037037106
204.23280423280488
209.52380952380906
178.15005138746147
153.57798165137572
138.46153846153845
137.6283185840712
143.1938715380084
137.14285714285722
142.35017626322028
246.6274970622807
264.6063454759117
-82.11640211640042
-42.72620446533625
-25.804935370150645
-15.440658049355932
-8.888888888890392
-4.864864864863364
-11.00529100529252
-5.714285714287257
-11.428571428574458
-6.133960047002802
-11.64021164021159
-5.925925925928198
-1.4814814814830015
-8.042328042326574
-3.1727379553466335
NaN
101.52761457109348
119.50646298472334
132.620446533491
172.063492063492
189.09518213866266
199.5767195767176
206.13756613756493
210.3703703703714
204.2328042328038
209.52380952380906
178.15005138745977
153.37155963302635
138.46153846153845
137.62831858406926
143.19387153800764
137.14285714285677
142.22222222222345
246.83901292596994
264.81786133959986
-82.06815511163148
-42.72620446533625
-25.804935370150645
-15.238095238096719
-8.883666274972143
-4.656084656082385
-10.99882491186986
-5.925925925928198
-11.428571428574458
-6.345475910693324
-11.64021164021159
-5.925925925928198
-1.6931216931239987
-8.042328042326574
-2.962962962966003
NaN
101.5276145710924
119.50646298472334
132.620446533491
172.063492063492
188.99470899470504
199.67097532314804
206.13756613756658
210.37037037036754
204.2328042328016
209.31216931216647
177.96505652621028
151.20407009610418
136.8421052631579
141.12676056337753
144.80328831473932
137.90834312573537
142.90076335877617
247.11685261303225
265.085143863774
-81.90476190476238
-42.70111567821664
-25.820105820107585
-15.22914218566541
-8.883666274972143
-4.65608465608625
-10.793650793655274
-5.9224441833123365
-11.640211640211476
-6.137566137561578
-11.633372502937675
-5.717647058825094
-1.6921269095166735
-8.253968253963706
-3.174603174603135
NaN
101.73913043478679
119.71797884841773
132.9100529100525
172.1739130434806
188.99470899470504
199.45945945946133
206.13756613756658
210.37037037036754
204.2328042328016
209.31216931216647
178.05655526992422
151.32203389830804
