NaN
32.92984869325986
NaN
125.57167730702271
138.93653516295018
138.7927107061505
125.24961399897096
98.21917808219213
132.47018739352623
116.15853658536588
81.43589743589763
-21.768397033656356
-18.13394390383462
-8.581644815256254
-3.832052040212318
-1.4849734826169652
-0.423529411765287
NaN
1.9047619047620983
127.89195537287127
138.75440658049348
147.72486772486818
198.40188014101116
207.61904761904793
212.48677248677126
214.47708578143306
215.23809523809555
215.23809523809632
215.2380952380944
215.02645502645456
215.02645502645532
214.90011750881223
215.02645502645532
215.02645502645456
215.02645502645532
215.95769682726112
-19.24794359576856
-6.768507638072492
NaN
2.1151586368977697
53.33333333333283
62.82021151586337
67.5132275132266
69.62962962962908
70.47619047619071
70.47619047619109
61.57164869029286
17.521222410866724
4.126074498567335
-1.9205690574977439
-0.4250295159362736
NaN
0.21176470587927135
1.2690951821355905
126.27497062279771
138.67293012331317
147.21504112808475
198.4018801410103
207.7085781433614
212.2751322751303
214.47708578143423
215.23809523809632
215.23809523809632
215.23809523809632
215.02645502645532
215.0264550264538
215.02645502645532
214.90011750881303
215.02645502645532
215.0264550264538
215.74618096357133
-19.0364277320798
-6.560846560843515
NaN
2.115158636897758
53.33333333333148
62.82021151586496
67.30158730158561
69.62962962962871
70.47619047618954
70.47619047619264
61.571648690294545
17.521222410866724
4.126074498567335
-2.1339656194427903
-0.21264028351725983
NaN
0.42328042327811255
1.0582010582010672
126.62360540223362
138.67293012331317
147.21504112808475
198.4018801410103
207.61904761904793
212.36192714453642
214.60317460317492
215.32314923619026
215.23809523809092
215.23809523809862
215.0264550264569
215.0264550264538
215.0264550264569
215.0264550264538
214.90011750880916
215.0264550264538
215.66137566137598
-18.613396004699155
-6.556991774379981
NaN
2.115158636897758
53.33333333333533
62.64550264550646
67.47356051703531
69.62962962963182
70.47619047618954
70.47619047618804
61.571648690292335
17.531143827863804
4.329896907213531
-1.9217081850564455
-0.42502951594013894
NaN
0.42328042328195775
0.8465608465562341
126.83499706400524
138.75440658049757
147.4265569917753
198.40188014100818
207.7085781433614
212.36192714453486
214.60317460317492
215.32314923619026
215.23809523809092
215.0264550264538
215.0264550264569
215.0264550264538
215.0264550264569
215.0264550264538
215.0264550264538
214.90011750881686
215.44973544973115
-18.613396004699155
-6.34920634920627
NaN
