184.24682395644282
187.47851002865323
168.04828973843055
158.45884413309972
137.1919770773639
128.6153846153847
113.45005149330592
117.19017704169052
126.20454545454554
110.85365853658523
193.23076923076906
195.0941243582433
187.61142857142914
186.33273703041155
178.40331164991082
169.28697701826712
160.30588235294175
161.69312169312198
151.02232667450053
152.5925925925925
142.98472385428903
145.31139835487696
147.30158730158718
138.83597883597932
142.35017626321834
145.1851851851845
137.77777777777825
141.9271445358411
145.3968253968247
138.20105820105903
142.85714285714255
136.85076380728532
141.79894179894148
145.9058823529404
138.96592244418306
134.31257344300838
139.68253968253939
134.10105757931782
131.00529100528996
129.23619271445256
128.39012925969422
127.83068783068678
127.83068783068747
127.83068783068872
135.2380952380949
133.121693121694
207.64252696456043
187.33031674208223
180.41237113402025
178.612922347361
169.89958653278404
161.13074204947065
162.75132275132162
151.9576719576701
153.34900117508911
143.40775558167033
145.64885496183192
147.30158730158774
138.7544065804937
142.3501762632191
144.97354497354468
137.5661375661373
141.92714453584034
145.18518518518334
138.20105820106022
142.85714285714255
136.7195767195772
142.01058201058248
146.03174603174728
138.7544065804937
134.17989417989313
139.60047003525355
134.10105757932095
130.79365079364896
129.23619271445517
128.17861339600492
127.83068783068678
127.83068783068678
127.83068783068815
135.23809523809803
132.69841269841396
207.8274268104762
187.64006791171298
180.72123640526692
178.93238434163507
170.22432113340932
161.34275618374704
163.05882352941177
152.07990599294806
153.34900117508911
143.40775558167033
145.7344300822548
147.42655699177303
138.7544065804937
142.43386243386058
145.09988249118314
137.56613756613874
142.01058201058015
145.39682539682508
138.33137485310877
142.85714285714408
136.7195767195748
142.0105820105848
145.82010582010244
138.83597883598168
134.31257344301054
139.60047003525204
134.17989417989554
130.92831962396943
129.23619271445764
128.25396825397124
127.96709753231711
127.83068783068927
127.8306878306843
135.23809523809658
132.48677248677055
208.01232665639367
187.84380305602787
181.03092783505156
179.25311203319424
170.4368358913851
161.55477031801996
163.27058823529103
152.29142185664185
153.6507936507963
143.7463300058726
145.9459459459453
147.63807285546199
139.0476190476141
142.561692126912
145.18518518518334
137.69682726204869
142.01058201058015
145.39682539682508
138.20105820105783
142.98472385429307
136.7195767195748
142.0105820105848
145.82010582010244
138.83597883598168
134.31257344301054
139.68253968253788
134.10105757931325
130.92831962396943
