NaN
29.81963927855719
12.698412698412696
3.459581684567414
128.80924855491332
137.78032036613277
122.8365878725589
91.74458380843791
130.8905275099261
116.09954291518545
81.38952164009171
74.39724454649816
60.917431192660274
16.49484536082475
8.352668213457072
129.32242990654186
140.7962529274001
148.52112676056367
198.70816206694047
207.497062279671
212.27513227513276
214.6031746031749
215.32314923619333
215.23809523809632
215.02645502645532
214.8148148148155
214.81481481481435
214.8148148148155
214.81481481481435
214.81481481481435
215.02645502645456
215.11163337250278
-19.259259259259977
-6.133960047002745
NaN
2.538190364278849
53.301997649823406
62.433862433862636
67.30158730158755
69.62962962962871
70.68783068783014
70.68783068783169
70.47619047619109
61.38674884437708
17.51131221719353
3.9175257731969935
-2.560758743332883
-0.637920850559567
NaN
0.21164021164098112
125.92592592592565
139.17743830787094
147.84958871915413
198.61339600469873
207.70857814335977
212.36192714453801
214.47708578143192
215.44973544973575
215.4497354497373
215.23809523809632
215.02645502645532
214.9001175088153
214.81481481481435
214.81481481481435
214.81481481481435
215.02645502645532
215.23809523809476
-19.24794359577038
-6.133960047006553
NaN
2.7497062279693942
53.30199764982505
62.6455026455001
67.47356051704156
69.62962962962871
70.47619047618879
70.68783068783053
70.47619047619264
61.38674884437708
17.521222410866724
4.121350887235243
-2.3487544483993474
-0.6375442739063715
NaN
0.21176470588312335
126.06345475910716
139.17743830787094
147.84958871915413
198.40188014101204
207.70857814335977
212.36192714453801
214.6031746031734
215.32314923619256
215.449735449735
215.23809523809092
215.0264550264538
215.0264550264569
214.90011750880916
214.81481481481666
214.81481481481666
215.0264550264569
215.23809523809862
-19.247943595766515
-6.133960047006553
NaN
2.7497062279655466
53.30199764982505
62.6455026455001
67.26204465334717
69.6296296296333
70.47619047619573
70.68783068782668
70.51764705882199
61.54004106776069
17.521222410870248
4.123711340206134
-2.347362181384028
-0.4252805670423072
0.0
NaN
126.13756613756914
139.38895417156064
147.97416324133627
198.40188014101244
207.4970622796747
212.27513227512802
214.47708578143266
215.44973544973885
215.53466509987695
215.23809523809092
215.0264550264538
215.0264550264569
215.0264550264538
214.90011750881686
214.81481481481666
214.81481481481205
215.0264550264538
-19.247943595766515
-5.925925925924446
NaN
2.7497062279655466
53.33333333333533
62.60869565217826
67.3015873015849
