75.33671252715432
137.48127978216482
133.82519863791143
118.1725888324872
115.98411798071479
117.44092219020155
113.42975206611575
184.41528807758127
195.00850822461692
180.0
154.08081957882735
148.66396761133615
147.69230769230796
120.55045871559666
76.96832579185477
70.30927835051531
67.90035587188636
64.6044864226676
71.27872716558699
65.6470588235294
70.51764705882294
63.840281855548746
59.22444183313755
64.93537015276272
69.16568742655669
62.3971797884842
67.5132275132266
61.76263219741449
67.08994708994692
61.798941798943204
173.01997649823792
191.32275132275205
204.44444444444395
244.65608465608491
261.5873015873018
-87.61904761904714
-81.01057579318302
-76.82539682539704
-83.12573443008273
-78.0952380952391
-83.97179788484107
-78.68390129259666
-84.02116402116343
-78.68390129259666
-74.4973544973559
-81.05820105820317
-85.0293772032885
NaN
27.936507936509418
40.71979434447301
7.9366873940071905
32.95194508009167
41.209964412813626
55.041322314048934
62.968197879859794
67.97647058823607
62.010582010580336
67.05052878965735
61.128084606344444
66.41598119858955
60.7050528789672
66.24338624338456
70.43478260869456
63.703703703704335
59.894179894182074
172.8084606345484
191.3227513227522
204.65608465608577
244.65608465608491
261.5873015873018
-87.61904761905049
-81.05820105820021
-76.78025851938708
-82.9629629629643
-78.04935370152737
-83.97179788484254
-78.68390129259814
-84.2328042328034
-78.68390129259814
-74.4973544973559
-81.05820105820317
-85.07936507936347
NaN
24.579055441480318
-5.507082152976011
NaN
24.967397747478568
45.05312868949397
57.24381625441659
64.37647058823453
68.95417156286842
62.571931884909354
67.2620446533479
61.33960047003499
66.62749706227939
60.9165687426539
66.20446533489971
70.2645502645509
63.66627497061945
59.682539682534035
172.91005291005592
191.53439153438907
204.8677248677251
244.65608465608614
261.64512338425214
-87.83068783068671
-81.05820105820021
-76.78025851938708
-82.96296296295753
-78.04935370152265
-83.97179788484254
-78.51851851851609
-84.18331374852926
-78.73015873015925
-74.66509988249095
-81.26984126984331
-85.07936507936734
NaN
24.579055441477188
-5.711048158638732
NaN
24.96739774748218
45.05312868948672
57.031802120144675
64.37647058823838
68.95417156287154
62.60869565217826
67.4339401056992
61.33960047003499
66.62749706227939
60.9165687426539
66.24338624338527
70.43478260869381
63.66627497061945
59.682539682534035
172.91005291005592
191.53439153438907
204.65608465608796
244.65608465608614
261.7989417989379
-87.77908343125699
-81.05820105820021
-76.61375661375718
-82.91421856638772
