263.603305785124
-62.17484008528771
-84.32432432432427
-80.75964391691389
-77.21679125934457
-77.50999428897785
-73.49913244650071
-63.5403726708077
NaN
147.02212138400438
171.14155251141528
147.52418895845207
144.2914979757088
269.58041958041974
245.5714285714291
231.75257731958732
-88.00000000000017
-80.28318584070837
-74.46081319976417
-72.21176470588216
-71.74603174603197
-71.74603174603101
-72.12690951821281
-72.33842538190487
-72.76145710928444
-72.80423280423224
-72.97297297297268
-72.97297297297303
-72.80423280423224
NaN
52.45593419506507
65.60846560846547
74.49735449735435
125.92592592592565
135.2380952380942
140.10582010582016
142.43386243386252
143.1962397179786
143.28042328042258
142.98472385428806
142.77320799059945
142.35017626322028
142.22222222222155
142.35017626322028
142.22222222222155
142.22222222222229
142.43386243386328
267.7248677248671
245.4209445585222
229.05382436260476
268.40114613180214
-82.15767634854825
-75.44273907910286
-72.29681978798618
-71.15294117647136
-71.06933019976236
-71.66177334116145
-71.91539365452456
-72.33842538190487
-72.54994124559539
-72.7614571092829
-72.7614571092821
-72.80423280423571
-72.7614571092829
NaN
52.48677248677083
65.82010582010645
74.70899470899381
125.92592592592565
135.37015276145652
140.1058201058175
142.43386243386212
143.19623971797978
143.28042328042451
142.98472385429076
142.561692126912
142.43386243386058
142.3501762632191
142.22222222222345
142.35017626322144
142.2222222222196
142.43386243386212
267.7248677248671
245.4209445585222
229.05382436260476
268.40114613180214
-82.15767634854825
-75.44273907910286
-72.29681978798618
-71.15294117647136
-70.89947089947077
-71.4503816793881
-72.08455666470655
-72.33842538190487
-72.54994124559158
-72.76145710928597
-72.8042328042365
-72.76145710928597
-72.97297297297268
NaN
52.48677248677139
65.82010582010959
74.70899470899381
125.9259259259243
135.4497354497366
140.23501762631983
142.43386243386212
143.19623971797978
143.28042328042605
142.98472385429307
142.64550264550388
142.56169212690733
142.35017626322528
142.22222222222194
142.13866039952623
142.22222222222194
142.22222222222499
267.7248677248643
245.42094455852114
229.05382436260476
268.55504587155997
-82.10900473933509
-75.27466036621723
-72.08480565371053
-71.11111111110864
-70.89947089946997
-71.4503816793881
-72.08455666470655
-72.33842538190487
-72.54994124559158
-72.76145710928597
-72.8042328042365
-72.97297297297268
-72.80423280422883
NaN
52.66745005875069
65.82010582010959
74.70899470899381
125.9259259259243
135.4497354497366
140.23501762631983
142.22222222222499
143.28042328042298
143.19623971797515
143.06878306878585
