149.19642857142858
222.15264187866916
212.12404915155074
187.90644609241292
168.23194997157475
159.65397923875443
136.28171931641626
121.8493150684935
128.92167990919435
112.56852791878156
113.92145702902668
122.77456647398844
225.15254237288192
203.08654848800867
181.32577903682738
175.7796014068
164.15492957746528
154.01408450704236
155.25264394829648
145.0146799765117
147.003525264395
148.57142857142924
139.60047003525278
142.85714285714255
145.52291421856694
137.5661375661373
141.79894179894225
145.09988249118697
137.77777777777706
142.43386243386252
136.42773207990615
141.37566137566145
145.4823529411761
138.75440658049254
143.28042328042335
136.9312169312182
132.83196239718032
130.505287896592
129.02467685076326
128.17861339600367
127.83068783068747
127.83068783068872
127.75558166862452
127.83068783068872
135.31764705882276
133.96825396825477
207.27272727272717
186.92307692307622
180.00000000000188
178.18612922347285
169.4743059657397
160.61212477928072
162.21176470588313
151.53439153439197
152.9259694477064
142.90076335877617
145.31139835487753
147.08994708994834
138.7544065804937
142.1386603995309
144.9735449735462
137.5661375661373
141.92714453584034
145.18518518518565
138.20105820105783
142.85714285714255
136.7195767195772
142.01058201058248
146.0317460317457
138.75440658049135
134.17989417989313
139.60047003525204
134.10105757931854
130.79365079365283
129.2361927144538
128.17861339600245
127.83068783068678
127.83068783068678
127.83068783068678
135.23809523809564
133.33333333333306
207.45762711864464
187.23259762309038
180.3091013165419
178.39952578541792
169.68694624926084
160.91872791519427
162.5396825396845
151.74603174603297
153.13748531139694
143.19623971797745
145.52291421856808
147.2150411280863
138.7544065804937
142.22222222222499
145.09988249119084
137.5661375661358
142.01058201058015
145.39682539682818
138.33137485311647
142.857142857141
136.7195767195748
142.01058201058015
145.82010582010702
138.83597883597693
134.31257344300766
139.60047003525204
133.96825396825358
130.92831962397432
129.23619271444994
128.25396825396626
127.96709753231438
127.830687830692
127.83068783068927
135.23809523809177
132.91005291004967
207.64252696456262
187.4363327674016
180.51516886090815
178.7188612099675
170.01180637544127
161.13074204947065
162.8470588235325
152.0799059929519
153.34900117508747
143.40775558166646
145.52291421856734
147.4265569917753
138.75440658049757
142.22222222222499
145.18518518518795
137.69682726204098
142.01058201058015
145.39682539682818
138.20105820106258
142.9847238542854
136.7195767195748
142.01058201058015
145.82010582010702
138.83597883597693
134.31257344300766
139.6825396825409
134.10105757932095
130.92831962397432
