148.88571428571436
196.95390781563114
183.49206349206332
159.1407574901073
141.9190751445086
137.78032036613277
117.84172661870475
114.73204104903091
125.17300056721493
111.16302691721687
113.7813211845103
219.05855338691126
200.36697247706408
174.84536082474273
168.93271461716947
154.5560747663549
143.95784543325493
145.56338028169026
146.91720493247195
138.33137485311337
141.79894179894188
144.550264550265
137.06227967097584
141.37566137566145
144.55026455026461
137.566137566138
142.22222222222155
146.0317460317465
138.83597883597932
143.70370370370262
137.566137566138
142.56169212691083
136.29629629629716
132.62044653348977
130.29377203290338
129.02467685076326
128.17861339600367
127.83068783068747
127.61904761904773
127.83068783068678
127.83068783068747
135.2380952380961
132.9100529100537
207.64252696456043
187.33031674208223
180.41237113402025
178.61292234736297
169.899586532782
161.13074204947065
162.7513227513255
151.74603174603297
153.34900117508747
143.407755581668
145.7344300822548
147.42655699177303
138.7544065804937
142.1386603995309
144.9735449735462
137.5661375661373
142.01058201058248
145.3968253968266
138.3313748531141
142.85714285714255
136.7195767195772
142.01058201058248
145.82010582010474
138.83597883597693
134.31257344300766
139.60047003525204
134.17989417989455
130.92831962397432
129.2361927144538
128.25396825396626
127.96709753231438
127.83068783068678
127.83068783068678
135.23809523809564
132.69841269841396
207.8274268104762
187.64006791171667
180.72123640526692
178.93238434163507
170.22432113341318
161.34275618374704
163.05882352941177
152.0799059929519
153.34900117508747
143.407755581668
145.7344300822548
147.42655699177303
138.7544065804937
142.43386243386058
145.09988249118854
137.5661375661358
142.01058201058015
145.39682539682818
138.20105820106258
142.9847238542854
136.7195767195748
142.01058201058015
145.82010582010702
138.83597883597693
134.31257344300766
139.60047003525204
133.96825396825358
130.92831962397432
129.23619271444994
128.25396825396626
127.96709753231438
127.61904761904717
127.83068783068927
135.23809523809177
132.56470588235757
208.09034907598016
187.84380305602787
181.03092783504778
179.2531120331981
170.5375073833418
161.67157151265505
163.27058823529873
152.38095238095042
153.77203290246416
143.74633000586954
145.73443008225405
147.6380728554697
138.83597883598168
142.56169212690733
145.18518518518795
137.69682726204098
142.01058201058015
145.39682539682818
138.20105820106258
142.85714285714408
136.8507638072865
141.79894179894302
145.82010582010702
138.83597883597693
134.31257344300766
139.6825396825409
134.10105757932095
130.92831962397432
129.31216931216733
128.39012925969547
128.0423280423264
