NaN
135.74621485219902
134.78787878787884
120.2094240837696
113.56531660011419
116.4521739130434
106.59793814433003
85.98857142857133
59.15492957746478
22.217142857142765
13.877551020408063
2.535211267605248
101.44112478031626
118.4543325526927
131.04337631887444
172.08211143695016
189.19553728714064
199.45945945945954
205.38190364277327
210.0705882352947
178.24345146379034
151.54674220963116
134.58715596330265
135.5068168346178
142.04370939161277
136.74911660777371
132.98823529411803
139.17743830787362
246.4826776277163
264.6063454759117
-82.65413975337708
-42.937720329025126
-26.016451233841053
-15.449735449735783
-8.883666274970267
-4.232804232804199
-10.58201058201064
-5.49941245593493
-11.428571428570706
-6.137566137567262
-11.428571428570706
-5.925925925926322
-1.9036427732071957
-8.465608465608454
-12.275132275130773
NaN
100.95238095238089
119.5064629847259
132.40893066980044
171.96239717978804
188.9947089947109
199.57671957672147
206.22796709753143
210.7936507936495
214.51764705882584
180.92402464065876
144.53001132502726
138.71559633027326
138.49436870183771
134.30932703660017
140.77738515901044
135.52941176470588
141.081081081082
128.31473869641633
118.23736780258392
107.87309048178683
97.08578143360634
86.29847238542793
76.35722679200984
67.89659224441881
62.010582010581004
67.51322751323045
54.57109283196447
44.65608465608533
34.49735449735325
23.915343915346174
13.333333333335615
3.386243386244149
-10.364277320798351
-4.867724867723325
-18.401880141012043
-27.93650793650943
-38.28437132785058
-49.07168037602952
-59.68253968254112
-69.58871915393621
-77.67195767195903
-83.1746031746053
-77.46031746031804
NaN
25.13347022587322
-5.7078142695378915
NaN
25.180794309423625
45.053128689493484
57.243816254417204
64.58823529411765
69.20634920635133
72.71873165003119
65.10863182618782
59.85898942420502
65.3584018801375
69.58871915393932
62.82021151586496
67.93650793650544
61.974148061110476
67.51322751322972
173.54497354497502
191.6333725029338
204.77647058823683
244.72385428907216
261.5873015873008
-87.83068783068859
-81.01057579318262
-76.61375661375718
-73.01587301587364
-80.37602820211481
-85.4524089306725
-79.95299647473541
-75.55555555555611
-82.27967097532587
-77.2486772486779
-82.96296296295753
-77.24867724867624
NaN
28.783068783073034
41.04776579352374
7.7419354838768655
32.970807097881945
41.61232957913438
55.0738334317735
63.60424028268579
68.57142857143077
72.1693121693097
64.72385428906833
59.85898942420502
65.3584018801375
69.58871915393932
62.82021151586496
67.7248677248683
61.974148061110476
67.51322751322972
173.54497354497502
191.7460317460303
204.74735605170915
