163.94904458598742
150.14820042342978
225.53943217665605
213.9904988123516
192.31742380678548
173.83561643835628
165.84971098265905
141.87467633350613
124.10958904109556
130.68633011911518
113.42465753424634
114.12635173591323
122.84557547715436
209.65027876330504
187.52542372881413
180.3087478559183
178.3995257854174
169.89958653278154
161.1307420494698
162.9429075927017
152.38095238095246
154.0740740740736
144.04230317273792
146.36897767332528
148.14814814814784
139.38895417156223
142.77320799059945
145.3968253968266
137.9083431257342
142.01058201058248
145.39682539682548
138.41269841269929
142.98472385429
136.7195767195772
142.01058201058132
145.82010582010668
138.83597883597932
134.31257344300838
139.68253968254012
134.10105757931902
130.92831962397116
129.23619271445256
128.25396825396874
127.96709753231507
127.61904761904842
127.83068783068872
135.31764705882276
132.48677248677296
208.27515400410553
188.25127334465043
181.23711340206071
179.6799051570824
170.96278795038205
161.97879858657237
163.59788359788172
152.80423280423017
154.19506462984745
144.04230317273812
146.07163828538015
147.7248677248697
139.17743830787094
142.56169212690966
145.3968253968266
137.69682726204482
142.01058201058015
145.3968253968266
138.20105820106022
142.85714285714255
136.85076380728412
141.79894179894148
145.82010582010474
138.83597883597932
134.3125734430091
139.68253968253939
134.10105757931711
130.92831962397187
129.10052910052883
128.39012925969547
127.83068783068678
127.7555816686252
127.61904761904965
127.83068783068678
215.29774127310142
196.41926345609286
190.22375215146255
164.51313755795903
130.59025787965842
131.34570765661445
134.02688486265225
137.37397420867575
140.57545507927097
143.8307873090491
137.14285714285916
142.01058201058248
145.82010582010474
138.83597883597693
143.70370370370495
137.48531139835723
142.22222222222194
136.0047003525243
131.98589894241832
129.87074030552543
128.67724867724547
128.1786133960038
127.83068783068927
127.75558166861998
127.61904761904717
127.830687830692
215.48254620123285
196.62322946175192
190.43029259896207
164.6986089644512
130.59025787965467
131.34570765661445
134.0268848626561
137.3739742086781
140.57545507927247
143.83078730904757
136.93121693121194
142.01058201058015
145.82010582010702
138.83597883597693
143.70370370370495
137.48531139835723
142.22222222222194
136.0047003525243
131.98589894241832
129.87074030552543
128.67724867724547
128.1786133960038
127.83068783068927
127.8306878306843
127.75558166862768
127.830687830692
128.0423280423264
208.67420349434758
188.86247877758984
182.0618556701031
180.53349140486458
171.71192443919415
162.61484098940153
164.3294117647028
153.34900117508747
144.25381903642867
