NaN
231.75166297117516
203.8726790450927
175.2212389380531
140.04530011325022
129.64161849710996
121.71624713958842
90.69408740359897
38.725099601593804
15.723199092456138
4.934010152284347
45.512528473804686
53.0942741469057
60.1382488479263
85.23882896764309
61.82653647329143
64.80836236933804
67.11864406779667
69.80667838312817
62.709677419354456
67.26204465334946
61.5511163337257
66.83901292596914
61.12808460634477
66.4550264550259
70.64629847238628
63.91534391534373
173.12169312169314
191.53439153439214
204.65608465608577
244.65608465608491
261.64512338425374
-87.83068783068813
-80.8465608465603
-76.56874265569888
-82.96296296296242
-77.83783783783832
-83.97179788484107
-78.5185185185191
-84.18331374853159
-78.89541715628718
-74.70899470899491
-81.26984126984075
-85.07936507936449
NaN
24.763860369609276
-5.507082152972259
NaN
24.96739774748218
45.0531286894901
57.03180212014082
64.58823529411765
69.16568742655824
62.60869565217441
67.64533176746946
61.33960047003499
66.6274970622801
60.916568742657745
66.204465334899
70.26455026455166
63.66627497062329
59.68253968253725
172.9100529100521
191.53439153439112
204.86772486772674
244.65608465608491
261.64512338425317
-87.83068783068762
-80.84656084656223
-76.78025851939094
-82.96296296296134
-77.83783783783599
-83.80952380952442
-78.4723854289046
-84.18331374852926
-78.7301587301601
-74.66509988249015
-81.2698412698403
-85.07936507936643
NaN
24.579055441477188
-5.507082152972259
NaN
25.16587677725335
45.07974010631801
57.24381625441659
64.5502645502651
68.99470899470961
62.78332354668346
67.64533176746946
61.33960047003499
66.41598119858955
60.916568742657745
66.24338624338456
70.43478260869381
63.703703703701166
59.85898942420502
172.91005291005592
191.53439153438907
204.8677248677251
244.65608465608366
261.79894179894
-87.77908343125699
-81.05820105820021
-76.6137566137511
-82.91421856639369
-77.67195767195824
-83.76028202114992
-78.68390129259814
-84.18331374852926
-78.73015873015322
-74.4973544973551
-81.22209165687701
-85.07936507936734
NaN
24.763860369612637
-5.503963759910789
NaN
25.180794309423355
45.265643447459695
57.243816254417204
64.58823529411765
69.16568742655824
62.78332354667644
67.47356051703387
61.551116333723
66.58837345860132
60.9165687426552
66.24338624339156
70.43478260869381
63.492063492064034
59.89417989417887
173.01997649824278
191.53439153438907
204.8677248677251
244.65608465608366
261.5873015873029
-87.61904761904373
-81.01057579318262
-76.6137566137511
-82.91421856639369
-77.88359788360304
-83.76028202114992
-78.68390129259814
-84.02116402116451
