260.47186932849365
-35.84527220630383
-22.21327967806826
-26.47985989492122
-28.676217765043134
-28.307692307692207
-64.32543769309996
-77.09880068532271
-84.47727272727263
239.2682926829268
218.25641025641013
-43.33143183114646
-34.765714285714466
-16.10017889087652
NaN
28.426635238656676
46.588235294117645
56.50793650793712
62.820211515864166
67.30158730158676
61.33960047003532
66.62749706227956
60.95238095238041
66.45502645502555
70.64629847238473
63.70370370370275
60.10582010582113
173.23149236192657
191.74603174603212
204.8677248677259
244.65608465608491
261.4336075205651
-87.83068783068762
-80.68235294117721
-76.35722679201024
-72.97297297297303
-80.42328042328023
-85.4524089306691
-79.78835978836116
-75.51116333724997
-82.06815511163387
-77.03703703703803
-82.75132275132188
-77.2486772486771
NaN
28.783068783069492
41.232665639445486
7.941176470587528
32.98969072164942
41.61232957913483
55.28647371529793
63.60424028268579
68.78306878306864
72.38095238095377
64.93537015275956
59.858989424208865
65.32002348796193
69.41798941799158
63.031727379555505
67.89659224441954
62.01058201058419
67.5132275132266
173.44300822561618
191.7460317460303
204.86772486772674
244.65608465608491
261.5873015873018
-87.83068783068762
-80.84656084655921
-76.35722679200984
-72.8042328042319
-80.37602820211566
-85.45240893066864
-79.78835978836116
-75.51116333724849
-82.279670975322
-77.0370370370361
-82.75132275132336
-77.2486772486779
NaN
28.783068783069492
41.2326656394438
7.945670628182669
33.17687464224446
41.63701067615649
55.25383707201901
63.60424028268579
68.82352941176471
72.33842538190487
64.72385428907286
59.858989424208865
65.35840188013997
69.58871915393622
62.82021151586496
67.93650793650856
62.18566392478947
67.51322751322347
173.54497354497502
191.95767195767104
204.95887191538816
244.65608465608366
261.5873015873008
-87.83068783068671
-80.84656084656308
-76.19047619047524
-72.97297297297422
-80.58754406580152
-85.29100529101038
-79.74148061104103
-75.72267920093822
-82.11640211640724
-76.99177438307544
-82.75132275132631
-77.2486772486779
NaN
28.78306878306595
41.2326656394438
7.945670628178882
32.98969072164976
41.82572614107555
55.2538370720196
63.60424028268442
68.82352941176471
72.33842538189873
64.76190476190855
60.03523194362453
65.3584018801438
69.37720329024494
62.857142857137234
68.10810810810936
62.222222222218136
67.68507638072826
173.54497354497502
191.95767195767104
205.07936507936222
244.51233842538548
261.5873015873008
-87.83068783068671
-80.84656084656308
-76.19047619047524
-72.97297297297422
-80.42328042327938
-85.24089306698579
-79.74148061104103
