208.36471754212096
190.8940852819807
170.24749163879608
240.90539756239116
254.20240137221256
260.9794988610479
242.16160576428217
233.21917808219172
247.76831345826224
229.2073170731707
210.05128205128204
197.35310895607583
176.80595306239323
163.2657926102509
156.47545830869316
148.28520919269295
141.03529411764686
135.79318448883643
141.58730158730185
246.9054609512626
264.81786133960037
-81.90476190476159
-42.72620446533455
-25.82010582010537
-15.449735449735783
-9.306698002351368
-4.867724867723325
-11.005291005290587
-5.925925925926322
-11.428571428570706
-6.137566137567262
-11.42185663924721
-5.714285714287257
-1.4814814814811257
-7.830687830687452
-2.749706227967465
NaN
100.6815511163346
118.94179894180023
132.40893066980115
172.06349206349208
189.09518213865982
199.57671957671954
205.92592592592504
210.37037037037106
204.23280423280488
182.86594761171065
146.0780984719851
139.46131805157668
129.74510966212387
137.92207792207745
143.32155477031787
137.4352941176463
142.7732079906002
246.41598119858884
264.4509688784517
-82.49118683901258
-42.93772032902342
-26.016451233840883
-15.449735449737716
-9.306698002349492
-4.867724867723325
-11.00529100529252
-5.925925925928198
-11.428571428574458
-6.137566137565443
-11.216931216929652
-5.922444183316031
-1.4814814814830015
-7.8306878306855765
-2.9612220916561114
NaN
100.9523809523795
119.29494712103664
132.40893066980044
172.063492063492
188.88366627497211
199.5767195767176
205.92592592592393
210.3703703703714
204.2328042328038
182.86594761170898
146.0780984719851
139.46131805157668
129.53171310017882
137.79090372120402
143.53356890459426
137.3544973544963
142.6455026455031
246.482677627715
264.4509688784517
-82.49118683901258
-42.93772032902342
-26.031746031744433
-15.440658049352237
-9.100529100527467
-4.864864864870981
-11.005291005292634
-5.925925925924446
-11.428571428574344
-6.137566137561578
-11.428571428574344
-5.714285714287314
-1.48061104582996
-8.042328042326574
-2.751322751328871
NaN
101.104582843719
119.29494712103664
132.4089306697966
172.063492063492
188.99470899470504
199.45945945946133
205.92592592592945
210.37037037036754
204.2328042328016
182.86594761170903
145.95696489241487
139.58762886598205
129.60854092526677
137.92207792207506
143.32155477032327
137.35449735449868
142.43386243386212
246.48267762772147
264.60634547591417
-82.27967097532587
-42.72620446533625
-26.016451233848557
-15.652173913039121
-9.100529100527467
-4.864864864870981
-11.005291005292634
-5.925925925924446
-11.640211640211476
-6.137566137561578
-11.428571428574344
-5.714285714287314
-1.4814814814753277
-8.03760282020994
-2.962962962966003
NaN
101.37566137566316
119.50646298472334
