NaN
-0.25936599423624784
-5.695451549110032
0.0
-3.057757644394144
NaN
211.71624713958806
256.4494382022471
235.40669856459314
220.46670461013096
212.32861189801727
-20.915492957746665
-7.381370826010539
NaN
1.6881594372796127
54.263929618767946
63.417498532002284
68.1081081081078
69.84126984126988
70.26455026455088
61.449871465296134
17.724957555178797
4.123711340206188
-2.135231316725992
-0.6375442739083041
0.0
NaN
139.04761904761912
144.16911332942007
198.07398708162006
207.61904761904793
212.3619271445353
214.47708578143306
215.32314923619333
215.66137566137635
215.6613756613756
215.44973544973539
215.11163337250278
215.02645502645532
214.8148148148155
214.81481481481435
214.81481481481435
215.02645502645456
215.11163337250278
-18.83597883597804
-5.7109283196235765
NaN
2.7497062279674704
53.12169312169378
62.608695652171235
67.08994708994848
69.62962962962871
70.47619047618879
70.68783068783053
70.47619047619264
61.38674884437708
17.521222410866724
4.123711340206177
-2.3473621813878367
-0.42528056703844186
NaN
0.21164021163713367
126.5608465608486
139.72988843217837
148.06110458284465
198.40188014101204
207.4970622796731
212.15041128084746
214.3915343915324
215.32314923619256
215.4497354497373
215.23809523809632
215.02645502645532
214.9001175088153
214.94117647058823
215.02645502645532
214.90011750881303
214.81481481481435
215.0264550264538
-18.82491186838928
-5.710928319625509
NaN
2.751322751325055
53.30199764982505
62.43386243386297
67.26204465335103
69.41798941798773
70.47619047618879
70.68783068783053
70.47619047619264
61.38674884437708
17.521222410866724
4.123711340206177
-2.135231316725992
-0.6375442739141022
NaN
0.21176470587927135
3.1727379553466375
124.72108044627181
137.90834312573537
146.79200940070294
198.1903642773215
207.7085781433614
212.4867724867774
214.47708578143576
215.23809523809402
215.23809523809092
215.23809523809862
215.0264550264569
215.0264550264538
215.0264550264569
215.0264550264538
215.11163337250355
215.0264550264538
216.80376028202022
-19.670975323147616
-6.772486772488378
NaN
1.9036427732110603
53.33333333333533
62.82021151586496
67.30158730158634
69.62962962963182
70.47619047618954
70.47619047618804
61.571648690292335
17.521222410870248
4.126074498567335
-2.1339656194427903
-0.42502951594013894
NaN
0.21176470587927135
2.115158636897758
125.85193889541931
138.4615384615361
147.00352526439735
198.40188014101588
207.4970622796747
212.27513227513256
214.60317460317492
215.32314923619026
215.23809523809092
215.0264550264538
215.0264550264569
215.0264550264538
