NaN
58.52080123266556
144.00000000000009
137.3873359954363
123.40522133938707
118.1663837011885
118.96013864818023
120.34822983168876
107.64614588722189
75.28205128205137
68.53257790368299
174.7245017584992
193.48946135831352
206.5573770491801
211.44196951934322
215.28169014084511
208.73239436619747
213.63102232667472
207.70857814336102
213.12169312169286
207.4074074074075
212.91005291005285
207.4074074074075
212.91005291005322
216.5079365079376
208.677248677249
203.17460317460274
182.3112480739591
154.72253680634176
136.70103092783515
127.82454060462295
136.51506202008215
142.26148409894054
136.719576719576
142.01058201058248
247.3282442748089
264.8737522019966
-81.90476190476176
-42.514688601644025
-25.80493537015417
-15.440658049354113
-9.10052910052758
-4.86486486486524
-11.005291005290644
-5.925925925926322
-11.640211640211703
-6.137566137565329
-11.428571428570649
-5.714285714287257
-1.6921269095166735
-8.04232804232646
-2.7513227513250627
NaN
101.10458284371515
119.29494712103279
132.48677248677055
172.1739130434806
188.99470899470705
199.5767195767176
206.0164512338431
210.37037037036916
204.0211640211628
182.86594761171068
145.95696489241269
139.58762886598058
129.6085409252682
137.92207792207745
143.3215547703194
137.43529411765013
142.561692126912
246.4826776277176
264.60634547591036
-82.27967097532587
-42.72620446533284
-26.016451233844748
-15.449735449737716
-9.095182138658913
-4.656084656086193
-11.00529100529252
-5.922444183312223
-11.64021164021159
-6.137566137565329
-11.428571428570649
-5.714285714287257
-1.481481481479193
-8.03760282020994
-2.9629629629621945
NaN
101.31609870740293
119.50646298472334
132.62044653348855
172.27513227513498
189.09518213865883
199.5767195767176
206.13756613756712
210.37037037037075
204.11280846063804
182.86594761171233
145.95696489241487
139.6676217764983
129.7451096621228
137.92207792207984
143.32155477031554
137.22352941176317
142.561692126912
246.62749706227555
264.6623605402258
-82.27967097532587
-42.72620446533625
-26.01645123384145
-15.449735449733737
-9.09518213866653
-4.867724867723382
-11.00529100528496
-5.7142857142872
-11.633372502937675
-5.929411764712029
-11.633372502937902
-5.925925925924332
-1.4814814814830584
-8.042328042334077
-2.961222091652303
NaN
101.5276145710924
119.5064629847259
132.69841269841254
172.1739130434729
189.09518213865903
199.57671957672318
206.13756613756328
210.37037037037075
204.232804232806
209.5238095238113
178.15005138746486
153.57798165137356
138.46153846153845
137.62831858407696
143.19387153800764
137.14285714285384
142.22222222221728
246.83901292596994
264.8178613396009
-82.06815511163325
-42.72620446533625
-25.80493537015417
