58.14977973568283
136.92946058091306
136.2723600692441
124.1025641025641
121.16972477064208
124.41633122484161
134.8955916473317
125.13591671486431
95.65127140633113
47.054794520547716
25.551067512983618
10.668216153399001
-9.24154025670964
-5.058548009366916
-11.184056271981603
-6.126760563379548
-11.626541397533742
-5.925925925925355
-10.588235294117624
NaN
100.89306698002392
119.36507936507962
132.275132275132
171.96239717978713
188.783068783069
199.57671957671954
206.22796709753254
210.79365079365112
214.5176470588239
207.1957671957671
176.7642526964561
150.06787330316766
142.47422680412416
131.45228215767727
138.98465171192515
134.41696113074187
140.40000000000038
246.56084656084604
264.81786133960037
-82.442748091603
-42.937720329025126
-26.031746031746366
-15.440658049354113
-8.883666274970267
-4.232804232804199
-0.6349206349190695
-8.249118683900463
-13.121693121694648
-7.407407407407447
-2.9629629629621945
-9.5182138660399
-4.444444444445196
-9.952941176472109
-4.653349001172785
NaN
101.31609870740185
119.50646298472462
132.48677248677296
172.17391304347674
188.8836662749703
199.57671957672147
206.3492063492059
211.00529100528826
214.60317460317566
207.19576719576983
176.7642526964561
150.0678733031658
142.47422680412416
131.45228215767656
139.06674542232705
134.62897526501825
140.52910052910332
246.56084656084604
264.8178613396009
-82.27967097532292
-42.72620446533625
-26.016451233841167
-15.652173913042645
-8.883666274972143
-4.232804232804256
-0.8465608465600667
-8.249118683900463
-12.917647058824286
-7.40305522914224
-2.9629629629621945
-9.523809523809518
-4.232804232804199
-9.947089947091456
-4.653349001172785
NaN
101.31609870740185
119.5767195767206
132.620446533491
172.17391304347674
188.99470899470907
199.45945945945707
206.34920634920812
211.00529100528985
214.3915343915347
206.98412698412278
176.76425269645603
150.15280135823517
142.59874069834092
131.31672597864883
139.19716646989255
134.62897526501825
140.61176470588543
246.62749706228323
264.8178613396009
-82.27967097532587
-42.937720329023875
-26.016451233840883
-15.65217391304651
-8.6772486772457
-4.230317273795492
-0.846560846563932
-8.25396825397138
-12.910052910049956
-7.195767195770202
-3.1727379553466335
-9.523809523809632
-4.232804232804256
-9.947089947091342
-4.4444444444413875
NaN
101.3160987074057
119.5767195767206
132.620446533491
171.96239717978622
188.99470899470907
199.45945945945707
206.34920634920812
211.00529100528985
214.3915343915347
207.10588235293963
176.85831622176792
150.15280135823517
142.47422680412643
131.4522821576755
139.19716646989255
134.62897526501825
140.61176470588543
246.77248677248824
265.0293772032932
