NaN
-5.081157374735369
-22.94006309148267
-10.475059382422728
-6.417481311098356
-7.397260273972449
NaN
106.45261522527207
86.50684931506828
82.08735110606885
69.77168949771693
18.44052361980651
6.454598033545209
1.2772427774958686
-65.69491525423672
-75.33447684391058
-74.4754001185537
-72.29769639692864
-71.44876325088387
-71.19482048263762
-71.534391534392
-71.74603174603197
-72.12690951821281
-72.33842538190333
-72.59259259259284
-72.7614571092825
-72.97297297297303
-72.59259259259284
NaN
53.12169312169378
66.24338624338684
75.13227513227497
125.85193889541729
135.2380952380961
139.8941798941792
142.22222222222345
143.28042328042258
143.40775558166723
143.06878306878238
142.77320799059868
142.5616921269089
142.35017626322028
142.22222222222155
142.13866039952973
142.01058201058132
142.22222222222345
268.3058823529408
-78.30687830687816
253.73716632443492
-81.69779286927036
-82.88659793814566
-77.88974510966261
-73.57353809805107
-71.66077738515776
-71.32275132275271
-71.5343915343937
-71.91539365452456
-72.12690951821435
-72.50733998825478
-72.5925925925909
-72.76145710928597
-72.97297297297342
-72.8042328042319
NaN
53.1216931216905
66.24338624338841
75.13227513227497
125.92592592592565
135.15863689776742
139.89417989418035
142.22222222222345
143.28042328042451
143.407755581668
143.06878306878355
142.77320799059868
142.56169212690966
142.43386243386445
142.35017626322144
142.2222222222196
142.13866039952856
142.22222222222345
268.35978835978625
245.7905544147853
229.46175637393767
268.7091222030972
241.66924265842397
224.04584527220706
219.88399071925795
217.76738749269617
216.50644783118437
215.6194950088066
215.111633372502
215.02645502645532
215.02645502645532
214.81481481481052
215.0264550264538
215.0264550264569
215.11163337250045
-18.835978835981678
-5.710928319625509
NaN
2.749706227973242
53.33333333333419
62.6086956521719
67.30158730159259
69.58871915393163
70.47619047618954
70.68783068783438
61.54004106776627
17.337110481586404
4.337349397587374
-48.59350850077453
-62.92263610315189
-68.49187935034593
-70.90590298071515
NaN
53.69348209042427
66.62749706227939
75.13227513227578
125.925925925927
135.23809523809658
140.10582010582286
142.43386243385908
143.40775558166953
143.28042328042298
142.9847238542854
142.77320799060175
142.561692126912
142.43386243385908
142.13866039952623
142.0105820105848
142.22222222222499
142.3501762632176
268.3597883597891
-78.30687830687731
253.812949640291
-81.4940577249572
-82.6804123711317
-77.67634854771285
-73.53010625738301
-71.66077738515776
-71.36470588235449
-71.70387779083711
-71.91539365452377
