147.28457639391743
133.31518039482637
209.21679909194089
190.8629441624366
170.30062393647182
161.22190201729114
136.67355371900834
120.95835710211088
128.03176403857057
111.83756345177632
113.71656232214013
122.63736263736276
129.2307692307691
212.2935779816516
191.402714932127
184.74226804123703
183.41637010676138
174.6871310507674
165.8927519151447
167.71764705882313
156.7058823529412
147.1285965942455
148.90716803760412
149.96474735605221
140.65804935370167
143.40775558166916
145.82010582010474
137.9083431257342
141.79894179894225
144.97354497354468
137.69682726204556
142.22222222222155
145.8201058201055
138.83597883597932
143.49206349206358
137.35449735449703
142.56169212691083
136.50793650793622
141.50411280846
135.2380952380961
131.77438307873143
129.65922444183366
128.4656084656078
127.96709753231507
127.83068783068678
127.83068783068678
127.7555816686252
127.83068783068678
128.46560846560973
205.63496143958938
184.7823629169011
177.32265446224406
175.08896797152988
166.61157024793346
157.95053003533468
159.67058823529334
149.20634920634888
151.0223266745008
141.50411280845927
144.04230317273965
145.9459459459453
137.77777777777825
141.71562867215133
144.55026455026655
137.3544973544963
141.71562867214982
145.18518518518334
138.20105820106022
142.85714285714255
136.9312169312182
142.01058201058248
146.03174603174728
138.7544065804937
134.17989417989313
131.35135135135297
129.65922444183488
128.60164512338216
128.04232804232913
127.75558166862768
127.6190476190458
127.83068783068678
127.83068783068815
128.04232804232777
212.34086242299608
192.74787535410766
186.29226361031368
185.01481920568943
175.96221959858593
167.06713780918852
168.5647058823537
157.36780258519414
147.5513799177935
149.11868390129356
150.38777908343138
140.86956521738762
143.61927144535318
145.94594594594844
137.98941798941775
141.9271445358365
144.9735449735462
137.77777777777587
142.22222222222194
146.03174603174728
138.83597883598168
143.61927144535625
137.35449735449868
142.43386243386212
136.6392479435998
141.37566137566105
135.37015276145652
131.5628672150421
129.52380952381216
128.60164512338986
128.0423280423264
127.75558166862271
127.61904761905214
127.8306878306843
128.0423280423264
212.52566735113015
192.9518413597704
186.49856733523904
185.2282157676325
176.17473435655018
167.2791519434667
168.77647058823683
157.579318448883
147.84958871915637
149.45390487375437
150.38777908343522
140.86956521738762
143.83078730904757
146.03174603174728
138.11985898942208
141.9271445358365
144.9735449735462
137.77777777777587
142.22222222222194
145.82010582010244
138.83597883598168
143.49206349206318
137.4853113983543
142.43386243386212
136.50793650793474
141.50411280845844
