134.93706293706282
146.3414634146342
212.46684350132617
196.67256637168126
172.8652321630804
154.61271676300592
148.4897025171628
125.12082262210824
115.9704040978944
125.58139534883725
111.1065989847719
113.57630979498886
123.4702139965301
220.43778801843368
203.94453004622503
180.51694428489327
175.40069686411186
160.74810052600805
149.31458699472716
150.3343108504395
151.02232667450093
141.5041128084606
144.2538190364271
146.36897767332528
138.20105820105903
142.1386603995309
145.1851851851845
137.98941798941732
142.43386243386328
146.0317460317457
138.83597883597932
143.61927144535778
137.35449735449703
142.43386243386252
136.63924794359667
141.37566137566145
135.37015276145726
131.56286721504088
129.52380952380886
128.60164512338477
127.96709753231507
127.61904761904773
127.83068783068747
127.83068783068872
128.04232804232777
212.71047227926056
193.35977337110518
186.91117478510103
185.44161232957757
176.5997638724923
167.49116607773922
169.2000000000031
158.0023501762641
148.0611045828431
149.66529653552465
150.81081081080862
141.08108108107967
143.83078730904757
146.15746180963743
137.98941798941922
141.92714453584034
144.97354497354468
137.77777777777587
142.22222222222345
145.82010582010474
138.83597883597932
143.407755581668
137.35449735450015
142.43386243386445
136.4277320799054
141.37566137566105
135.37015276145652
131.6402116402129
129.65922444183244
128.60164512338602
128.04232804232777
127.7555816686252
127.61904761904965
127.83068783068678
128.04232804232777
212.89527720739096
193.5637393767698
187.22477064220374
185.971563981043
176.91671588895295
167.9151943462902
169.5238095238079
158.30687830688026
148.3969465648861
149.87668819729876
150.81081081080862
141.29259694477022
144.04230317273812
146.2433862433867
138.11985898942208
142.01058201058015
145.09988249118314
137.77777777777587
142.22222222222194
145.82010582010244
138.83597883597693
143.4920634920678
137.27379553465988
142.43386243386212
136.50793650793767
141.5041128084631
135.4497354497337
131.77438307873163
129.65922444183875
128.60164512338216
128.04232804232913
127.83068783068927
127.75558166861998
127.8306878306843
135.31764705882662
213.2648870636585
194.065685164212
187.63761467889694
186.2951985773539
177.44982290436684
168.33922261483707
170.04705882352786
158.63689776733187
148.60833822665793
150.17626321974083
151.23384253819296
141.4210217263659
144.04230317273735
146.24338624338898
138.11985898942208
142.01058201058015
145.18518518518334
137.90834312573537
142.22222222222194
145.82010582010244
138.83597883597693
143.4920634920678
137.3544973544939
142.561692126912
136.50793650793767
141.5041128084631
135.23809523809658
131.77438307873163
129.65922444183875
128.46560846560837
