NaN
143.9481268011528
130.99538562953202
116.03305785123973
115.17553793884483
116.39097744360899
105.65217391304343
83.52808988764036
53.58851674641144
21.718838929994146
11.422096317280731
0.21126760563409092
100.59753954305772
117.89103690685414
131.04337631887444
172.29325513196463
189.19553728714013
198.6133960046998
204.86772486772537
209.52380952380963
178.0565552699234
151.3752122241088
134.43298969072134
135.16014234875453
141.95985832349345
136.53710247349733
142.30588235294078
254.81481481481487
-89.2072812683495
-44.18085731062746
-26.243386243387363
-15.652173913044635
-8.67215041128162
-3.595769682725802
0.0
-7.619047619046512
-12.698412698412653
-7.191539365451661
-2.962962962964127
-9.523809523809575
-4.444444444445196
-10.15873015873052
-4.656084656084261
-9.941245593419126
NaN
101.31609870740239
119.71797884841453
132.620446533491
172.06349206349014
188.8836662749703
199.36507936508048
206.3492063492059
211.00529100528826
214.60317460317566
206.98412698412886
176.7642526964561
150.152801358233
142.47422680412416
131.45228215767656
139.2793857058482
135.05300353356958
140.9523809523791
246.772486772487
265.08514386376737
-82.06815511163234
-42.72620446533625
-26.016451233841167
-15.652173913042645
-8.677248677249452
-4.230317273795549
-0.6349206349190695
-8.253968253967457
-12.91005291005365
-7.40305522914224
-2.9647058823521775
-9.312169312168521
-4.230317273795492
-9.735449735450459
-4.232804232804256
NaN
101.31609870740185
119.71797884841132
132.69841269841396
172.17391304347674
188.99470899470907
199.4594594594609
206.3492063492059
211.00529100528826
214.60317460317566
206.98412698412886
176.7642526964561
150.152801358233
142.47422680412416
131.53024911032077
139.40968122786262
134.84098939929078
141.03529411764399
145.73443008225092
245.42571931884706
263.760282021152
-83.12573443008216
-43.14923619270968
-26.22796709753527
-15.661375661371153
-9.5182138660399
-5.079365079368074
-11.216931216929765
-5.925925925924446
-11.640211640211476
-6.137566137561578
-11.216931216937212
-5.5026455026424514
-1.48061104582996
-7.830687830689442
-2.5381903642788757
NaN
100.52910052910138
118.87191539365556
132.1974148061099
172.063492063492
188.88366627496828
199.3650793650826
205.92592592592945
210.1587301587304
204.02116402116448
182.86594761170903
145.87436332767788
139.46131805158043
129.74510966212
137.92207792207984
143.32155477031554
137.43529411764243
142.9847238542854
245.992949471213
264.02818555490165
-82.70270270270106
-42.937720329022966
-26.22796709753527
-15.661375661371153
-9.100529100527467
-5.0763807285576945
-11.216931216929765
-5.925925925924446
-11.640211640211476
-6.137566137561578
