203.45228215767642
217.6410256410257
160.07766990291253
133.57561547479483
123.39366515837104
126.3231036479445
127.62886597938153
113.39166237776602
117.73972602739714
121.83673469387728
197.3129770992365
178.781038374718
168.68571428571428
164.89361702127678
155.10300176574506
145.9459459459457
148.14814814814824
149.75323149236152
140.31746031746079
143.49206349206358
146.0317460317461
137.9894179894177
142.01058201058152
145.27058823529296
138.11985898942282
142.43386243386328
146.11764705882354
138.96592244418426
143.4920634920624
137.35449735449822
142.5616921269089
136.50793650793622
141.58730158730128
135.37015276145726
131.77438307873072
129.65922444183173
128.46560846560848
127.96709753231438
127.83068783068747
127.83068783068872
127.75558166862452
127.90588235294041
212.89527720739167
193.45413363533393
187.01834862385337
185.6550088915236
176.81227863046044
167.70318021201382
169.41176470588235
158.00235017626193
148.18555490311198
149.75323149236135
150.81081081081248
141.29259694477022
144.04230317273812
146.15746180963586
138.20105820105783
142.1386603995309
145.18518518518565
137.77777777777825
142.3501762632191
145.9058823529404
138.7544065804937
143.49206349206165
137.35449735449777
142.43386243386445
136.63924794359596
141.58730158730052
135.37015276145797
131.77438307873265
129.73544973544793
128.60164512338355
127.96709753231438
127.6190476190458
127.83068783068815
127.83068783069064
128.04232804232777
213.08008213552307
193.76770538243625
187.32378223495928
185.86840545346766
177.02479338842858
167.9151943462902
169.62352941176164
158.21386603995248
148.48413631022416
150.08807985907288
151.02232667449917
141.29259694477022
144.04230317273812
146.15746180963586
138.20105820105783
142.1386603995309
145.18518518518565
137.77777777777825
142.43386243386212
146.03174603174415
138.83597883597693
143.61927144536088
137.3544973544939
142.43386243385908
136.63924794359502
141.37566137566571
135.37015276145652
131.64021164020662
129.65922444183104
128.60164512338216
128.04232804232913
127.75558166862768
127.61904761904717
127.83068783068927
135.23809523809177
213.08008213552307
193.97167138810644
187.84403669724614
186.39810426539898
177.5546367395164
168.55123674911732
169.94708994709393
158.7301587301601
148.8197298884359
150.29947152084762
151.23384253819296
141.5041128084631
144.25381903642867
146.45502645502924
138.33137485311647
142.22222222222194
145.31139835487295
137.77777777778064
142.22222222222499
145.82010582010702
138.83597883597693
143.49206349206318
137.27379553466758
142.43386243385908
136.50793650793767
141.5041128084631
135.4497354497366
131.7743830787288
129.65922444183104
128.60164512338216
128.04232804232913
127.75558166862768
127.61904761904717
