150.81779053084645
221.4503816793893
210.9827278141751
190.68587896253618
172.8
165.11278195488705
141.275272161742
124.18046830382647
130.48213272830378
113.24200913242014
113.98633257403176
122.77456647398844
129.93586005830923
203.32653061224542
183.4001144819688
180.94022054556018
179.36842105263216
167.1277842907388
156.54929577464802
157.486788021139
147.003525264395
148.81972988843222
150.05291005290897
140.65804935370167
143.61927144535778
146.0317460317457
138.11985898942282
142.01058201058132
145.3968253968266
137.9083431257342
142.43386243386252
136.50793650793693
141.50411280846117
145.4823529411761
138.75440658049254
143.49206349206435
137.14285714285722
133.04347826086894
130.71680376028254
129.2361927144538
128.39012925969422
127.83068783068747
127.83068783068872
127.75558166862452
127.61904761904773
127.83068783068747
128.04232804232777
209.30662557781258
189.58097395243644
182.88659793814546
181.38707765263703
172.66391021854537
163.67491166077787
165.29100529100361
154.28571428571703
145.01467997651187
146.91720493247274
148.14814814814784
139.388954171563
142.561692126912
144.88836662749645
137.35449735449777
141.5041128084631
144.5502645502627
137.5661375661373
142.22222222222112
145.82010582010858
138.83597883597932
143.70370370370262
137.5661375661373
142.56169212690966
136.50793650793622
132.83196239717768
130.50528789659077
129.02467685076326
128.25396825396874
127.96709753231575
127.61904761904965
127.6190476190458
127.83068783068678
127.96709753231575
127.83068783068678
209.5991778006149
189.88115449915006
183.29896907216758
181.70818505338116
172.98701298701258
163.88692579505425
165.5026455026446
154.49735449735417
145.226071638286
147.00352526439576
148.48413631022416
139.388954171563
142.561692126912
145.18518518518334
137.4853113983543
141.58730158730285
144.76190476190138
137.69682726204098
142.01058201058015
145.82010582010702
138.83597883597693
143.49206349206318
137.35449735449868
142.5616921269043
136.29629629629284
132.83196239717768
130.50528789659322
129.024676850766
128.25396825397124
127.96709753231438
127.61904761904717
127.61904761904717
127.83068783068927
127.8306878306843
128.0423280423264
209.86132511556553
190.28862478777808
183.61031518624642
182.02726733846833
173.1995277449808
164.0989399293247
165.81176470588082
154.82961222091745
145.22607163827985
147.2150411280809
148.48413631021964
139.60047003525204
142.561692126912
145.18518518518334
137.4853113983543
141.375661375658
144.76190476190138
137.56613756613874
142.22222222222194
146.03174603174728
138.83597883598168
143.61927144535625
137.35449735449868
142.43386243386212
136.4277320799054
132.620446533491
130.58201058201323
