218.0022701475596
192.01555411535966
207.82860451650262
211.30434782608705
209.93166287015939
182.13072568193513
153.37521416333541
151.36363636363637
232.1341463414632
225.35917901938436
222.31075697211122
234.86238532110113
219.57738435179945
217.6695652173917
216.58878504672862
215.6623681125437
215.19671168526105
214.81481481481435
214.94117647058823
214.81481481481492
214.81481481481492
214.94117647058823
215.02645502645532
-19.670975323149662
-6.3492063492063835
NaN
2.3266745005863925
53.33333333333312
62.60869565217441
67.30158730158598
69.62962962963064
70.68783068783014
70.68783068783169
61.724845995892494
17.53114382785851
4.334862385321839
-1.7071724955546301
-0.2125147579681652
NaN
0.4235294117643207
0.8460634547602621
125.98943041691197
138.96592244418306
147.63807285546392
198.6133960046998
207.7085781433606
212.36192714453415
214.60317460317566
215.53466509988465
215.44973544973345
215.44973544973345
215.111633372502
214.94117647058823
214.90011750881303
214.81481481481435
215.0264550264538
214.90011750881303
215.02645502645532
-19.470899470900974
-6.345475910693324
NaN
2.3266745005883283
53.33333333333476
62.60869565217441
67.30158730158561
69.62962962962945
70.47619047619264
70.68783068782977
61.54004106776069
17.541076487252866
4.332378223496453
-1.9205690574977439
-0.2125147579700979
NaN
0.42352941176239467
0.8465608465600839
126.2008220786854
139.09571344685753
147.63807285546585
198.4018801410103
207.7085781433614
212.48677248677126
214.68860164512475
215.3231492361941
215.44973544973345
215.23809523809246
215.0264550264538
215.02645502645532
215.02645502645532
214.90011750881303
214.81481481481666
215.02645502645532
215.11163337250355
-19.470899470900974
-6.345475910693267
NaN
2.328042328046918
53.30199764982505
62.6455026455001
67.47356051704156
69.62962962962561
70.47619047618804
70.68783068782668
61.54004106776069
17.337110481586404
4.334862385325571
-1.91943127962395
-0.21264028351725983
NaN
0.6349206349267863
0.8465608465562341
126.20082207868676
139.09571344686225
147.63807285546514
198.40188014101588
207.7085781433614
212.4867724867774
214.68860164512247
215.44973544973115
215.53466509988155
215.23809523809402
215.0264550264538
215.0264550264569
215.0264550264538
215.0264550264538
214.90011750881686
215.0264550264569
215.11163337250045
-19.470899470900747
-6.345475910693267
NaN
2.538190364278849
53.30199764982505
62.6455026455001
67.47356051704156
69.62962962962561
70.47619047618804
70.72941176470125
70.47619047618954
61.571648690291184
17.714932126698386
4.121350887235243
-2.348754448395482
