138.34061135371178
155.87896253602304
214.29136453526706
196.78866587957503
173.47678369195924
155.3267784846733
149.1075514874144
137.12359550561789
118.27751196172233
116.99487763232777
128.90651558073662
130.35211267605683
135.39543057996462
130.75571177504372
128.72215709261437
127.74193548387096
127.46917204932497
127.54406580493493
127.61904761904808
128.0423280423281
208.41131105398526
188.6587436332772
181.8556701030925
180.21352313167142
171.49940968122783
162.61484098939874
164.32941176470473
153.43915343915393
144.59189665296634
146.49442160892565
147.93650793650684
139.1774383078717
142.35017626322028
144.88836662749722
137.14285714285722
141.37566137566222
144.7619047619056
137.69682726204556
142.22222222222155
145.8201058201055
138.83597883597932
143.70370370370262
137.566137566138
142.56169212691083
136.29629629629716
132.62044653348977
130.29377203290338
129.02467685076326
128.25396825396874
127.96709753231575
127.61904761904965
127.6190476190458
127.83068783068678
127.83068783068815
128.25396825396874
208.93682588597764
189.0662139219012
182.26804123711602
180.53349140486068
171.81334908446465
163.0388692579487
164.65608465608452
153.6507936507941
144.59189665296367
146.5804935370147
148.0611045828431
139.17743830787245
142.35017626322144
144.97354497354468
137.2737955346652
141.37566137566338
144.76190476190368
137.5661375661373
142.13866039952856
145.90588235294425
139.0476190476203
143.61927144535701
137.3544973544963
142.43386243386212
136.4277320799054
132.620446533491
130.29377203290022
129.10052910052883
128.39012925969547
127.83068783068815
127.75558166862768
127.6190476190458
127.83068783068678
127.83068783068815
128.04232804232777
209.1217257318951
189.26994906621434
182.47422680412333
180.85409252669155
172.1369539551343
163.25088339222685
164.9647058823483
153.98354876615525
144.59189665296137
146.5804935370131
148.06110458284624
139.17743830787865
142.3501762632176
144.9735449735462
137.27379553466758
141.375661375658
144.76190476190138
137.56613756613874
142.22222222222194
146.03174603174728
138.83597883598168
143.7037037037003
137.4853113983543
142.43386243386212
136.4277320799054
132.620446533491
130.37037037036842
129.02467685076326
128.39012925969547
127.8306878306843
127.75558166862768
127.61904761904717
127.61904761905214
127.8306878306843
128.0423280423264
209.30662557780977
189.47368421052553
182.78510028653744
181.38707765263703
172.56198347107446
163.46289752649938
165.1764705882353
154.19506462984197
144.88836662749955
146.9172049324696
148.06110458284624
139.17743830787865
142.3501762632176
144.9735449735462
137.35449735449868
141.5041128084554
144.76190476190138
137.56613756613874
142.22222222222194
145.82010582010244
