152.77533039647582
135.43568464730302
124.01615695326028
113.23076923076908
201.05504587155963
206.39447958596892
211.1136890951276
203.21573163678445
175.4229372080952
148.35616438356143
142.50432775533721
140.77861708309072
141.35355892648806
143.1147540983611
136.10785463071483
140.7042253521128
135.2906635349382
140.74074074074082
144.8470588235296
137.98941798941863
133.46650998824967
130.79365079365027
129.3121693121698
128.39012925969422
127.83068783068747
127.83068783068872
127.75558166862452
127.83068783068872
135.31764705882276
133.5449735449728
207.45762711864464
187.12669683257923
180.0
178.1861292234738
169.3742621015339
160.49469964664343
162.21176470588313
151.53439153439197
153.13748531139774
143.11215502055143
145.3113983548764
147.08994708994678
138.75440658049254
142.13866039952973
144.97354497354468
137.566137566138
141.92714453584034
145.18518518518565
138.20105820105783
142.85714285714255
136.63924794359596
141.79894179894148
145.9058823529404
138.9659224441819
134.17989417989313
139.8119858989426
134.10105757931854
131.00529100528996
129.2361927144538
128.390129259693
127.83068783068678
127.83068783068678
127.83068783068678
135.23809523809564
133.12169312169593
207.6425269645621
187.33031674208223
180.2061855670092
178.39952578541792
169.68694624926084
160.91872791519427
162.5396825396845
151.74603174603297
153.13748531139694
143.19623971797745
145.52291421856808
147.42655699177303
138.7544065804937
142.1386603995309
144.9735449735462
137.5661375661373
141.92714453584034
145.2705882352949
138.3313748531141
142.85714285714255
136.7195767195772
142.01058201058248
145.82010582010474
138.75440658049135
134.17989417989313
139.60047003525204
134.17989417989455
130.92831962397432
129.2361927144538
128.25396825396626
127.96709753231438
127.830687830692
127.83068783068927
135.23809523809177
132.69841269841254
207.64252696456262
187.64006791171843
180.51516886090815
178.7188612099675
170.01180637544127
161.13074204947065
162.8470588235325
152.0799059929519
153.34900117508747
143.40775558166646
145.73443008225405
147.4265569917753
138.75440658049757
142.22222222222499
145.09988249119084
137.5661375661358
142.01058201058015
145.39682539682818
138.20105820106258
142.9847238542854
136.7195767195748
142.01058201058015
145.82010582010702
138.83597883597693
134.31257344300766
139.60047003525204
133.96825396825358
130.92831962397432
129.23619271444994
128.25396825396626
127.96709753231438
127.830687830692
127.83068783068927
135.23809523809177
132.56470588235757
207.90554414784472
187.84380305602787
180.82474226804047
179.03971547124917
170.43683589138143
161.34275618374318
163.05882352941177
152.38095238095042
153.77203290246416
