212.42975206611578
155.56503198294246
227.49034749034763
217.49554896142448
196.0437032777458
177.63563677898324
169.90167727009853
145.34161490683226
125.753424657534
131.7073170731706
113.78995433789952
114.12635173591323
122.84557547715436
129.4405594405601
206.26530612244932
187.0103092783507
181.33333333333258
177.98230088495518
168.22628167354114
158.8235294117647
160.4232804232809
149.8412698412703
151.44535840188107
141.71562867214982
144.2538190364275
146.45502645502654
138.119858989424
141.71562867215056
144.76190476190445
137.35449735449822
141.71562867215056
145.18518518518565
138.20105820105903
142.85714285714255
136.7195767195772
142.01058201058132
146.0317460317457
138.75440658049254
134.17989417989313
131.35135135135033
129.65922444183366
128.60164512338477
128.04232804232777
127.75558166862452
127.61904761904773
127.83068783068747
127.8306878306894
128.04232804232777
212.71047227926027
193.35977337110333
186.7048710601719
185.44161232957956
176.5997638724923
167.49116607773743
168.9882352941161
157.7908343125752
147.97416324133786
149.5417156286708
150.59929494712193
141.081081081082
143.8307873090491
146.15746180963586
137.9894179894154
141.927144535838
144.97354497354468
137.77777777777825
142.2222222222196
146.03174603174728
138.83597883597932
143.61927144535701
137.3544973544963
142.43386243386212
136.63924794359596
141.37566137565955
135.37015276145797
131.5628672150421
129.5238095238108
128.60164512338355
128.04232804232777
127.75558166862383
127.6190476190458
127.83068783068815
128.04232804232777
212.89527720739235
193.5637393767698
187.1174785100264
185.6550088915246
176.81227863046237
167.70318021201382
169.19999999999922
158.09523809523546
148.39694656488382
149.87668819729876
150.81081081081248
141.081081081082
144.04230317273425
146.2433862433844
138.11985898942208
141.9271445358365
144.9735449735462
137.77777777777587
142.22222222222194
145.82010582010244
138.83597883598168
143.49206349206318
137.4853113983543
142.43386243386212
136.4277320799054
141.37566137566105
135.37015276145652
131.6402116402115
129.65922444183383
128.60164512338986
128.0423280423264
127.75558166862271
127.61904761905214
127.8306878306843
128.0423280423264
213.08008213552307
193.76770538243625
187.4311926605513
185.971563981041
177.1293561724741
168.12720848056455
169.73544973545273
158.30687830688242
148.60833822665793
150.08807985907288
150.81081081080862
141.29259694476872
144.04230317273425
146.2433862433844
138.11985898942208
142.01058201058015
145.18518518518795
137.90834312573062
142.22222222222194
145.82010582010244
138.83597883598168
143.49206349206318
137.27379553466758
142.43386243386212
136.50793650793474
141.50411280845844
135.23809523809658
