NaN
177.9369627507163
189.29577464788744
206.79509632224156
210.6361031518623
209.84615384615375
182.22451081359412
153.58081096516247
144.20454545454547
120.36585365853654
83.48717948717947
199.20136908157477
203.24571428571466
212.093023255814
269.52099349497337
-79.34001178550415
-74.11764705882354
-72.16931216931204
-71.91539365452394
-71.95767195767195
-72.33842538190333
-72.54994124559369
-72.80423280423207
-72.80423280423378
-72.97297297297303
-72.80423280423224
NaN
52.87896592244424
66.0317460317455
74.92063492063438
125.92592592592565
135.1586368977667
139.89417989418035
142.30588235294078
143.40775558166916
143.1962397179786
142.85714285714255
142.77320799059945
142.64550264550158
142.5616921269089
142.13866039952973
142.22222222222155
142.22222222222229
142.43386243386252
268.1481481481486
-78.5185185185191
253.68258859784322
-81.65158371040832
-82.88659793814566
-77.88974510966261
-73.57353809805107
-71.66077738515776
-71.53439153438984
-71.74603174603084
-71.91539365452456
-72.12690951821435
-72.71873165002893
-72.8042328042319
-72.97297297297268
-72.97297297297342
-72.8042328042319
NaN
52.87896592244396
66.03174603174429
74.92063492063784
125.92592592592565
135.2380952380942
140.1058201058175
142.43386243386212
143.40775558167033
143.28042328042451
142.98472385429076
142.561692126912
142.43386243386058
142.3501762632191
142.1386603995309
142.01058201058248
142.2222222222196
142.43386243386212
268.1481481481491
-78.5185185185191
253.68258859784322
-81.69779286927121
-82.83915283342986
-77.72241992882857
-73.53010625737994
-71.87279151943414
-71.36470588235062
-71.70387779083325
-72.12690951821128
-72.33842538190487
-72.54994124559539
-72.7614571092829
-72.97297297297268
-72.80423280423571
-72.76145710928597
NaN
52.91005291005336
66.24338624339156
75.08813160987042
125.71428571428217
135.23809523809948
140.10582010581984
142.43386243386212
143.28042328042298
143.40775558166953
142.98472385429307
142.64550264550388
142.56169212690733
142.35017626322528
142.22222222222194
142.13866039952623
142.22222222222194
142.43386243386212
268.1481481481462
-78.51851851851609
253.68258859784322
-81.69779286927405
-82.6804123711317
-77.67634854772064
-73.53010625737681
-71.87279151943648
-71.36470588235449
-71.70387779083092
-71.95767195767104
-72.2959483264845
-72.54994124559158
-72.76145710928597
-72.8042328042365
-72.76145710928597
-72.5925925925917
NaN
52.91005291005336
66.24338624339156
75.13227513227578
125.85193889541662
135.23809523809948
139.8941798941827
142.22222222222499
143.28042328042298
143.40775558166953
143.06878306878585
142.77320799059868
142.56169212690733
