NaN
246.8101761252445
223.28847279110593
217.06788362806617
212.84820920977845
214.46366782006947
193.70274469186975
211.84931506849338
210.03405221339372
182.01015228426382
NaN
57.01734104046262
63.05084745762712
50.114702815433205
12.645892351274416
1.0550996483001178
1.0563380281690136
1.0563380281690136
266.93301997649814
-81.17439812096313
-77.20329024676857
-75.76719576719523
-75.0881316098708
-74.49735449735397
-73.81903642773136
-73.22751322751384
NaN
52.667450058755335
66.03174603174585
74.70899470899494
125.85193889541729
135.02645502645512
139.97647058823415
142.35017626321834
143.28042328042335
143.28042328042451
142.98472385429
142.77320799059945
142.56169212691006
142.35017626321834
142.01058201058132
142.22222222222345
142.13866039952973
142.22222222222155
268.09411764705766
-78.51851851851762
253.49768875192578
-81.65158371040832
-82.88659793814566
-77.88974510966176
-73.57353809805187
-71.83048852265978
-71.57647058823375
-71.74603174603084
-72.12690951821435
-72.50733998825478
-72.76145710928597
-72.80423280423264
-72.97297297297268
-72.97297297297268
-72.80423280423264
NaN
52.87896592244396
66.03174603174358
74.70899470899381
125.92592592592565
135.2380952380942
140.10582010582135
142.43386243386058
143.407755581668
143.28042328042451
142.98472385428923
142.56169212690966
142.43386243386445
142.3501762632176
142.13866039952856
142.01058201058248
142.22222222222345
142.43386243386058
268.14814814814815
-78.5185185185191
253.49768875192578
-81.69779286926752
-82.83915283342986
-77.88974510966176
-73.57353809805187
-71.87279151943414
-71.53439153438984
-71.74603174603084
-72.12690951821435
-72.3384253819018
-72.54994124559539
-72.7614571092829
-72.97297297297268
-72.80423280422883
-72.76145710927824
NaN
52.91005291005336
66.24338624338527
74.87661574618372
125.71428571428719
135.23809523809177
140.10582010582286
142.43386243386678
143.28042328042605
143.40775558166646
142.9847238542854
142.64550264549925
142.561692126912
142.3501762632176
142.22222222222499
142.1386603995309
142.22222222222499
142.43386243386678
268.14814814815196
-78.51851851852211
253.49768875192714
-81.69779286926666
-82.83915283342986
-77.72241992882164
-73.53010625737528
-71.87279151943034
-71.36470588235449
-71.70387779083711
-72.12690951821816
-72.33842538190487
-72.54994124559312
-72.76145710927824
-72.97297297297268
-72.80423280422883
-72.59259259259011
NaN
52.91005291005336
66.24338624338527
74.92063492063704
125.85193889541662
135.23809523809177
139.89417989417802
142.43386243386678
143.28042328042605
143.40775558166646
143.06878306878122
142.77320799059868
142.561692126912
