-66.62840746054525
-86.79389312977094
-82.97796307325774
-78.63976945244951
-78.58285714285722
-74.54019664545967
248.0248833592534
225.53969160479716
215.0198525241066
183.19634703196348
153.1435079726658
-87.19075144508594
-76.61807580174928
253.65306122449047
-77.68746422438511
-73.75507835171169
-71.36842105263082
-70.48065650644787
-70.56338028168955
-71.23899001761549
-71.70387779083364
-72.29594832648223
-72.38095238095377
-72.54994124559386
-72.7614571092825
-72.80423280423378
-72.76145710928444
-70.89947089947111
NaN
52.87896592244424
65.39682539682642
74.49735449735435
125.85193889541662
135.31764705882276
140.2350176263206
142.43386243386328
143.28042328042451
143.1962397179786
142.77320799059945
142.56169212691006
142.35017626321834
142.22222222222229
142.22222222222345
142.13866039952973
142.22222222222155
143.91534391534438
267.9365079365081
245.17719568567003
228.9241223103062
268.24742268041257
-82.37107291049244
-75.48730064973455
-72.29681978798618
-71.53439153439058
-71.32275132274884
-71.87316500293554
-72.2959483264845
-72.38095238095377
-72.54994124559232
-72.7614571092821
-72.97297297297268
-72.80423280423264
-71.70387779083325
NaN
52.698412698411815
65.60846560846618
74.49735449735587
125.92592592592565
135.44973544973516
140.31746031745848
142.56169212690966
143.06878306878355
143.19623971797978
142.7732079906002
142.56169212690813
142.2222222222196
142.3501762632191
142.22222222222345
142.22222222222345
142.2222222222196
143.407755581668
268.1481481481491
245.48818088386523
228.99830220713142
268.24742268041257
-82.20640569394999
-75.44273907910286
-72.50883392226257
-71.53439153439058
-71.32275132274884
-71.87316500293554
-72.3384253819018
-72.54994124559539
-72.76145710927904
-72.76145710928597
-72.80423280422883
-72.97297297297268
-71.95767195767104
NaN
53.09048178613065
65.60846560846618
74.49735449735508
125.925925925927
135.4497354497366
140.31746031746468
142.3501762632176
143.06878306878122
143.19623971797978
142.77320799059868
142.35017626322065
142.22222222222194
142.1386603995309
142.22222222221728
142.22222222222499
142.22222222222194
143.28042328042605
268.35978835978335
245.54699537750616
228.99830220713275
268.40114613180964
-82.15767634854734
-75.44273907910207
-72.50883392226336
-71.36470588235449
-71.4923619271504
-71.87316500293628
-72.33842538190487
-72.54994124559312
-72.76145710927824
-72.76145710928597
-72.80423280422883
-72.97297297297268
-72.16931216931584
NaN
53.33333333333533
65.82010582010959
74.70899470899381
126.13756613756914
135.58166862514614
140.31746031746468
142.43386243386212
143.19623971797978
142.9847238542854
142.85714285714408
