-2.643171806167402
NaN
10.594345066358958
1.6410256410255477
-0.2064220183484622
NaN
2.0881670533642707
257.3510699826491
241.93046185781
229.931506849315
233.69878822850524
223.61417780360284
219.06651108518113
216.88524590163985
215.8733880422039
215.49295774647933
215.19671168526145
215.02645502645498
215.15294117647042
-19.4708994708991
-6.345475910693267
NaN
2.3280423280421307
53.301997649823406
62.433862433862636
67.30158730158755
69.58871915393586
70.47619047619071
70.51764705882391
70.47619047619109
61.57164869029286
17.714932126696535
4.123711340206177
-2.347362181385904
-0.8500590318783452
0.0
NaN
125.92592592592565
139.17743830787362
147.76277157956648
198.40188014101116
207.61904761904793
212.3619271445353
214.47708578143306
215.44973544973539
215.44973544973652
215.11163337250355
215.02645502645532
215.0264550264538
215.02645502645532
214.68860164512247
214.81481481481435
214.94117647058823
215.111633372502
-19.259259259259977
-6.133960047006553
NaN
2.5396825396840743
53.51351351351175
62.608695652171235
67.30158730158946
69.62962962962871
70.68783068782977
70.68783068783053
70.47619047619264
61.38674884437708
17.511312217195382
3.917525773195118
-2.560758743332883
-0.637920850559567
NaN
0.21164021164098112
125.92592592592565
139.17743830787094
147.84958871915413
198.61339600469873
207.70857814335977
212.36192714453801
214.47708578143192
215.44973544973575
215.4497354497373
215.11163337250355
214.94117647058823
214.9001175088153
214.81481481481435
214.81481481481435
214.81481481481435
215.02645502645532
215.111633372502
-19.259259259259977
-6.133960047006553
NaN
2.7497062279693942
53.30199764982505
62.6455026455001
67.47356051704156
69.6296296296333
70.47619047619573
70.68783068782668
70.47619047618804
61.386748844371496
17.521222410870248
4.121350887235243
-2.348754448395482
-0.6375442739063715
NaN
0.21176470588697532
126.06345475911101
139.17743830787094
147.8495887191487
198.40188014101244
207.7085781433614
212.36192714453801
214.60317460317953
215.32314923619796
215.44973544973115
215.23809523809092
215.0264550264538
215.0264550264569
214.90011750880916
214.81481481481666
214.81481481481666
215.0264550264569
215.23809523809862
-19.247943595766515
-6.133960047006553
NaN
2.538190364278849
53.30199764982505
62.6455026455001
67.47356051704156
69.6296296296333
70.47619047619573
70.68783068782668
70.51764705882199
61.54004106776069
17.521222410870248
4.123711340206134
-2.347362181384028
-0.6375442739063715
NaN
0.21176470588697532
126.13756613756914
139.38895417156064
