166.1123595505617
144.35024322446142
120.41739130434792
206.2713797035348
199.20544835414336
193.52601156069363
187.10801393728218
160.53802379720653
134.15384615384633
131.3541076487254
130.8323563892146
135.3161592505859
138.89929742388765
142.0164126611953
135.84507042253458
140.9154929577464
135.1586368977673
140.5291005291008
134.8148148148145
131.35135135135096
129.5238095238092
128.46560846560814
128.04232804232777
127.83068783068747
127.83068783068872
127.83068783068747
128.04232804232777
129.52380952380886
204.2343268242548
183.35782928208044
179.78947368420975
180.0
168.69054609512645
158.5437463300057
159.38931297709914
148.60833822665907
150.17626321974163
151.23384253818972
141.50411280846
144.2538190364275
146.66666666666674
138.5428907168039
142.43386243386328
145.52291421856614
137.98941798941806
142.64550264550348
136.42773207990422
141.37566137565955
145.39682539682278
138.6243386243398
143.49206349206548
137.14285714285916
133.25499412455878
130.71680376028132
129.2361927144538
128.390129259693
127.83068783069064
127.75558166862383
127.6190476190458
127.61904761904717
127.83068783069064
128.04232804232777
129.3121693121698
204.78931140801404
183.9683436970036
180.31597425395083
180.52785923753666
169.0011750881301
158.96652965355094
159.81209630064737
149.03112155020457
150.29947152084696
140.86956521739148
143.5349383440985
145.6084656084676
137.69682726204482
141.37566137566105
144.4653349001192
137.14285714285532
141.79894179894148
145.18518518518334
138.20105820106022
143.06878306878355
136.8507638072865
142.01058201058015
145.82010582010858
138.62433862433832
134.10105757931711
131.13983548766242
129.44770857814436
128.46560846560587
127.96709753231575
127.83068783068678
127.75558166862383
127.61904761904717
127.83068783068927
127.8306878306843
128.88888888889306
205.0796915167149
184.0677966101695
180.52662375658278
180.73900293254826
169.21269095182066
159.17792131532505
160.02348796242148
149.03112155020617
150.51086318261787
141.08108108107734
143.83078730904757
145.73443008225863
137.69682726204098
141.37566137566105
144.55026455026115
137.27379553466284
141.58730158730285
145.18518518518334
138.20105820105488
142.85714285714408
136.8507638072865
142.01058201058015
145.90588235294425
138.75440658049757
134.10105757932095
131.139835487661
129.52380952380446
128.60164512338216
127.96709753231438
127.8306878306843
127.830687830692
127.75558166862768
127.61904761904444
127.8306878306843
128.67724867724823
205.26478149100527
184.37535330695601
176.91075514874515
174.55838767041857
177.65957446808434
166.95344725987118
156.4021164021131
147.0035252643942
148.69565217391087
149.96474735604966
140.44653349001422
