NaN
NaN
0.9863013698630978
11.500285225328051
1.8388195232689668
0.2037351443124403
-7.279029462738265
-10.655832849680621
-51.215726849456814
-64.61538461538464
NaN
51.06682297772573
70.18735362997612
78.40749414519955
73.85697538100824
71.83098591549292
70.98591549295752
70.43478260869514
70.22326674500634
70.26455026454991
70.47619047618994
70.68783068783092
70.89947089947094
70.89947089947074
70.89947089947113
70.68783068783169
70.47619047619071
61.38674884437568
17.53114382785851
4.123711340206177
-2.1339656194427903
-0.21264028352112518
NaN
0.4232804232800397
1.2698412698420372
128.10334703464537
139.09571344685872
147.72486772486667
198.6133960047017
207.7085781433614
212.3619271445353
214.60317460317452
215.32314923619217
215.23809523809555
215.02645502645532
215.02645502645456
215.02645502645532
215.02645502645532
215.02645502645532
214.90011750881146
215.02645502645532
215.66137566137442
-18.824911868389506
-6.556991774383846
NaN
2.1164021164021345
53.30199764982505
62.64550264550328
67.5132275132266
69.80023501762678
70.26455026455166
70.47619047618879
61.38674884437429
17.531143827860276
4.123711340206177
-1.9217081850525801
-0.42502951594013894
NaN
0.21176470588312335
1.057579318448879
126.83499706400524
138.7544065804937
147.4265569917753
198.4018801410103
207.7085781433614
212.48677248677126
214.47708578143423
215.23809523809632
215.44973544973345
215.111633372502
215.02645502645532
214.81481481481435
214.81481481481435
215.02645502645532
215.0264550264538
214.90011750881303
215.44973544973345
-18.41269841269991
-6.345475910693324
NaN
2.3266745005883283
53.33333333333476
62.82021151586496
67.5132275132266
69.62962962962945
70.47619047618804
70.64629847238201
61.38674884437708
17.531143827863804
4.126074498567335
-1.9205690574938785
-0.42502951594013894
NaN
0.21176470588697532
0.8460634547621813
126.9095182138655
138.88432178508728
147.4265569917753
198.40188014100818
207.70857814335815
212.48677248677285
214.4770857814281
215.23809523809092
215.44973544973575
215.23809523809402
214.90011750880916
214.94117647058823
214.90011750881376
215.0264550264569
215.0264550264538
215.0264550264569
215.32314923619487
-18.201058201062608
-6.345475910693267
NaN
2.328042328046918
53.51351351351175
62.82021151585861
67.30158730159259
69.62962962962561
70.47619047618804
70.47619047618954
70.47619047618954
61.41829393628021
17.958715596332002
9.02564102564401
-0.6371681415913599
NaN
0.21164021164482857
0.6349206349191004
127.1210340775522
138.96592244418426
147.63807285546514
198.6133960047026
207.9200940070481
