668.8
1021.2
1329.8
1675.2
2024.8
2376.0
2764.6
3114.8
3466.8
3860.4
4211.2
4562.6
4955.0
5305.2
5650.2
5992.6
6333.8
6674.4
7014.6
7354.6
7694.8
8035.0
8375.0
8715.2
9055.6
9395.8
9736.2
10076.6
10416.8
10757.2
11097.4
11437.6
11777.8
12118.0
12507.6
12860.8
13209.6
13547.0
13885.8
14225.4
14565.4
14905.8
15246.4
15586.8
15927.2
16267.6
16608.0
16948.4
17288.6
17629.0
17969.2
18309.4
18649.8
18989.8
19330.2
19670.4
20010.6
20351.0
20691.2
21031.4
21371.8
21712.2
22052.6
22392.8
22733.2
23073.4
23413.6
23753.8
24094.0
24483.6
24836.6
25185.6
25523.0
25861.8
26201.4
26541.4
26881.6
27222.2
27562.8
27903.2
28243.6
28584.0
28924.2
29264.6
29605.0
29945.2
30285.4
30625.6
30965.8
31306.0
31646.4
31986.6
32326.8
32667.2
33007.4
33347.8
33688.2
34028.4
34368.8
34709.0
35049.4
35389.6
35729.8
36070.0
36459.6
36812.6
37161.4
37499.0
37837.6
38177.2
38517.4
38857.6
39198.2
39538.8
39879.2
40219.6
40560.0
40900.2
41240.6
41580.8
41921.2
42261.4
42601.6
42941.8
43282.0
43622.2
43962.6
44302.8
44643.2
44983.4
45323.8
45664.0
46004.4
46344.8
46685.0
47025.4
47365.6
47705.8
48045.8
48386.0
48775.4
49129.0
49478.4
