520.4
722.2
1013.0
1312.0
1656.6
2006.4
2357.6
2746.2
3096.6
3448.8
3842.4
4193.4
4544.0
4893.4
5229.0
5567.2
5906.6
6246.6
6587.0
6927.2
7267.8
7608.2
7948.4
8288.8
8629.0
8969.2
9309.6
9649.8
9990.0
10330.2
10670.4
11010.6
11351.0
11691.2
12031.4
12371.6
12712.0
13052.4
13392.8
13733.0
14073.4
14413.6
14754.0
15094.2
15434.4
15774.6
16114.8
16504.2
16857.6
17206.6
17544.0
17882.8
18222.4
18562.4
18902.8
19243.2
19583.8
19924.2
20264.6
20605.0
20945.2
21285.6
21625.8
21966.0
22306.2
22646.4
22986.6
23326.8
23667.2
24007.4
24347.6
24688.0
25028.4
25368.6
25709.0
26049.4
26389.6
26730.0
27070.2
27410.4
27750.6
28090.8
28480.2
28833.6
29182.6
29520.0
29858.6
30198.2
30538.4
30878.6
31219.2
31559.8
31900.2
32240.6
32580.8
32921.2
33261.4
33601.8
33942.0
34282.2
34622.4
34962.6
35302.8
35643.0
35983.4
36323.6
36663.8
37004.2
37344.6
37685.0
38025.4
38365.6
38705.8
39046.2
39386.4
39726.6
40066.8
40456.2
40809.4
41158.6
41495.8
41834.6
42174.2
42514.4
42854.6
43195.2
43535.6
43876.0
44216.4
44556.8
44897.2
45237.4
45577.8
45918.0
46258.2
46598.4
46938.6
47278.8
47619.0
47959.2
48299.6
48639.8
48980.2
49320.4
