645.0
917.4
1206.6
1553.2
1904.2
2253.0
2600.8
2945.6
3291.4
3676.8
4027.2
4373.8
4718.0
5060.8
5402.4
5743.6
6084.4
6425.0
6765.2
7105.2
7445.4
7785.8
8126.0
8466.2
8806.6
9146.8
9487.0
9827.4
10167.6
10507.6
10847.8
11237.2
11590.8
11940.0
12277.4
12616.2
12955.8
13295.8
13636.0
13976.4
14317.0
14657.4
14997.6
15338.0
15678.4
16018.6
16358.8
16699.2
17039.4
17379.6
17719.8
18060.2
18400.4
18740.4
19080.8
19421.0
19761.4
20101.8
20442.0
20782.4
21122.8
21463.0
21803.2
22143.4
22483.6
22823.8
23213.2
23566.8
23916.0
24253.4
24592.0
24931.6
25271.8
25612.0
25952.4
26292.8
26633.2
26973.6
27314.0
27654.4
27994.6
28334.8
28675.2
29015.2
29355.6
29695.8
30036.0
30376.2
30716.4
31056.8
31397.0
31737.4
32077.6
32418.0
32758.4
33098.6
33439.0
33779.2
34119.4
34459.6
34799.8
35189.2
35542.6
35892.0
36229.2
36568.0
36907.6
37247.6
37588.0
37928.4
38268.8
38609.2
38949.6
39290.0
39630.2
39970.6
40310.8
40651.0
40991.2
41331.4
41671.8
42012.0
42352.2
42692.4
43032.6
43373.0
43713.4
44053.6
44394.0
44734.4
45074.6
45415.0
45755.2
46095.4
46435.6
46775.6
47165.2
47518.6
47867.8
48205.2
48544.0
48883.6
49223.6
49563.8
