603.2
875.0
1177.4
1523.2
1875.0
2220.6
2570.0
2917.8
3303.4
3653.8
4006.6
4347.6
4689.0
5030.6
5371.8
5712.8
6053.4
6394.0
6734.2
7123.4
7476.4
7825.4
8162.6
8501.4
8840.8
9181.0
9521.2
9861.8
10202.2
10542.8
10883.2
11223.6
11563.8
11904.2
12244.4
12584.8
12925.0
13265.2
13605.4
13945.6
14285.8
14626.2
14966.4
15306.6
15647.0
15987.2
16327.6
16668.0
17008.4
17348.6
17689.0
18029.2
18369.4
18709.4
19099.2
19452.2
19801.0
20138.4
20477.2
20816.8
21157.0
21497.4
21837.8
22178.2
22518.8
22859.2
23199.6
23540.0
23880.2
24220.4
24560.8
24901.0
25241.2
25581.4
25921.6
26262.0
26602.2
26942.4
27282.6
27623.0
27963.2
28303.6
28644.0
28984.2
29324.6
29664.8
30005.2
30345.4
30685.4
31025.6
31415.0
31768.6
32117.8
32455.2
32794.0
33133.6
33473.6
33813.8
34154.2
34494.8
34835.2
35175.4
35515.8
35856.2
36196.4
36536.6
36877.0
37217.2
37557.4
37897.6
38237.8
38578.2
38918.2
39258.6
39598.8
39939.2
40279.6
40619.8
40960.2
41300.6
41640.8
41981.0
42321.2
42661.4
43001.6
43391.0
43744.6
44093.8
44431.2
44769.8
45109.4
45449.6
45789.8
46130.2
46470.6
46811.0
47151.4
47491.8
47832.2
48172.4
48512.6
48852.8
49193.0
49533.4
