786.8
1051.0
1349.4
1689.6
2037.0
2387.4
2775.2
3125.0
3477.6
3825.6
4212.8
4562.8
4908.6
5252.0
5594.0
5935.4
6276.0
6616.4
6956.6
7296.8
7637.0
7977.2
8317.2
8657.4
8997.6
9337.8
9678.0
10018.4
10358.8
10699.2
11039.6
11379.8
11720.0
12060.4
12400.6
12740.6
13130.4
13483.4
13832.2
14169.6
14508.4
14848.0
15188.0
15528.4
15869.0
16209.4
16549.8
16890.2
17230.6
17571.0
17911.4
18251.6
18591.8
18932.2
19272.4
19612.6
19952.8
20293.0
20633.4
20973.6
21313.8
21654.2
21994.4
22334.8
22675.2
23015.4
23355.8
23696.0
24036.4
24376.6
24716.6
25056.8
25446.2
25799.8
26149.0
26486.4
26825.0
27164.8
27504.8
27845.0
28185.4
28526.0
28866.4
29206.6
29547.0
29887.4
30227.6
30567.8
30908.2
31248.4
31588.6
31928.8
32269.0
32609.2
32949.4
33289.8
33630.0
33970.4
34310.8
34651.0
34991.4
35331.8
35672.0
36012.2
36352.4
36692.6
37032.8
37422.2
37775.6
38125.0
38462.4
38801.0
39140.6
39480.8
39821.0
40161.4
40501.8
40842.2
41182.6
41523.0
41863.4
42203.6
42543.8
42884.0
43224.2
43564.6
43904.8
44245.0
44585.2
44925.4
45265.6
45606.0
45946.4
46286.6
46627.0
46967.4
47307.6
47648.0
47988.2
48328.4
48668.6
49008.8
49398.2
