617.2
884.2
1172.0
1517.0
1867.8
2220.2
2566.2
2910.6
3297.2
3648.2
4001.2
4342.4
4684.0
5025.6
5366.8
5707.6
6048.4
6388.8
6729.0
7069.2
7409.6
7749.8
8090.0
8430.2
8770.4
9110.6
9450.8
9791.0
10131.2
10520.4
10874.2
11216.2
11557.0
11897.6
12238.2
12578.8
12919.4
13259.8
13600.2
13940.6
14281.0
14621.2
14961.6
15301.8
15642.2
15982.4
16322.6
16663.0
17003.2
17343.4
17683.6
18023.8
18364.0
18704.4
19044.8
19385.2
19725.6
20065.8
20406.2
20746.4
21086.6
21426.8
21767.0
22107.2
22496.4
22850.2
23192.0
23533.0
23873.4
24214.0
24554.6
24895.2
25235.8
25576.2
25916.8
26257.0
26597.4
26937.6
27278.0
27618.2
27958.4
28298.6
28638.8
28979.0
29319.4
29659.6
29999.8
30340.0
30680.4
31020.8
31361.2
31701.4
32041.8
32382.0
32722.4
33062.6
33402.8
33743.0
34083.2
34472.2
34826.2
35168.0
35509.0
35849.4
36190.0
36530.6
36871.2
37211.8
37552.2
37892.6
38233.0
38573.4
38913.6
39253.8
39594.2
39934.4
40274.6
40614.8
40955.0
41295.4
41635.6
41975.6
42316.0
42656.4
42996.8
43337.0
43677.4
44017.8
44358.0
44698.2
45038.6
45378.8
45719.0
46059.2
46448.2
46802.0
47151.6
47489.0
47827.4
48166.8
48507.0
48847.4
49187.8
49528.2
