638.6
917.4
1231.8
1567.6
1914.6
2264.6
2610.4
2996.2
3346.4
3699.0
4093.2
4444.4
4790.4
5133.4
5525.4
5874.8
6219.4
6561.4
6902.6
7243.4
7584.0
7924.4
8265.0
8605.2
8945.6
9286.0
9626.2
9966.6
10306.8
10647.0
10987.4
11327.6
11667.8
12008.2
12348.2
12688.6
13028.8
13369.0
13709.4
14049.8
14390.2
14730.6
15070.8
15411.0
15751.4
16091.6
16431.8
16772.0
17161.4
17514.6
17863.8
18201.2
18539.8
18879.4
19219.6
19559.8
19900.4
20241.0
20581.2
20921.6
21262.0
21602.4
21942.6
22283.0
22623.2
22963.4
23303.6
23643.8
23984.0
24324.2
24664.4
25004.8
25345.0
25685.4
26025.8
26366.2
26706.4
27046.8
27387.0
27727.2
28067.4
28407.8
28748.0
29137.2
29490.6
29839.8
30177.0
30515.8
30855.4
31195.6
31535.8
31876.4
32216.8
32557.2
32897.6
33238.0
33578.2
33918.6
34258.8
34599.0
34939.4
35279.6
35619.8
35960.0
36300.2
36640.4
36980.8
37321.0
37661.4
38001.8
38342.2
38682.4
39022.8
39363.0
39703.2
40043.4
40383.6
40723.8
41113.2
41466.6
41815.6
42153.0
42491.8
42831.4
43171.4
43511.8
43852.4
44192.8
44533.2
44873.6
45214.0
45554.2
45894.6
46234.8
46575.0
46915.2
47255.4
47595.6
47935.8
48276.2
48616.4
48956.6
49297.0
49637.4
