373.4
614.4
965.4
1274.4
1615.6
1969.2
2314.6
2663.8
3052.4
3402.8
3755.6
4148.6
4503.0
4853.0
5191.4
5531.2
5871.6
6211.8
6552.2
6892.4
7232.6
7572.8
7913.0
8253.2
8593.2
8933.6
9273.8
9613.8
9954.2
10294.4
10634.6
10975.0
11315.2
11655.4
11995.8
12336.2
12676.6
13016.8
13357.2
13697.4
14037.6
14378.0
14718.0
15107.6
15460.8
15809.6
16147.0
16485.8
16825.4
17165.4
17505.8
17846.4
18186.8
18527.2
18867.6
19208.0
19548.4
19888.6
20229.0
20569.2
20909.4
21249.8
21589.8
21930.2
22270.4
22610.6
22950.8
23291.2
23631.4
23971.8
24312.2
24652.4
24992.8
25333.2
25673.4
26013.6
26353.8
26694.0
27083.6
27436.6
27785.6
28123.0
28461.8
28801.4
29141.4
29481.8
29822.2
30162.8
30503.2
30843.6
31184.0
31524.4
31864.6
32205.0
32545.2
32885.4
33225.6
33565.8
33906.0
34246.4
34586.6
34926.8
35267.2
35607.4
35947.8
36288.0
36628.4
36968.8
37309.0
37649.4
37989.6
38329.8
38670.0
39059.6
39412.6
39761.4
40099.0
40437.6
40777.2
41117.4
41457.6
41798.2
42138.8
42479.2
42819.6
43160.0
43500.2
43840.6
44180.8
44521.2
44861.4
45201.6
45541.8
45882.0
46222.2
46562.6
46902.8
47243.0
47583.4
47923.6
48264.0
48604.4
48944.8
49285.0
49625.4
