349.6
607.2
866.8
1158.8
1509.4
1861.8
2215.2
2561.4
2906.0
3292.6
3643.6
3996.6
4337.8
4679.4
5021.0
5362.2
5703.0
6043.8
6384.2
6724.6
7064.8
7405.0
7745.2
8085.4
8425.6
8765.8
9106.0
9446.2
9835.6
10188.8
10538.0
10875.4
11214.0
11553.6
11893.8
12234.0
12574.6
12915.2
13255.4
13595.8
13936.2
14276.6
14616.8
14957.2
15297.4
15637.6
15977.8
16318.0
16658.2
16998.4
17338.8
17679.0
18019.2
18359.6
18700.0
19040.4
19380.6
19721.0
20061.2
20401.4
20741.8
21082.0
21422.2
21811.6
22164.8
22514.0
22851.2
23190.0
23529.6
23869.6
24210.0
24550.6
24891.0
25231.4
25571.8
25912.2
26252.4
26592.8
26933.0
27273.2
27613.6
27953.8
28294.0
28634.2
28974.4
29314.6
29655.0
29995.2
30335.4
30675.8
31016.2
31356.6
31696.8
32037.2
32377.4
32717.6
33057.8
33398.2
33787.6
34140.8
34489.8
34827.2
35166.0
35505.6
35845.6
36186.0
36526.4
36867.0
37207.4
37547.8
37888.2
38228.4
38568.8
38909.0
39249.2
39589.4
39929.8
40269.8
40610.2
40950.4
41290.6
41630.8
41971.2
42311.4
42651.8
42992.2
43332.4
43672.8
44013.2
44353.4
44693.6
45033.8
45374.0
45714.2
46103.4
46452.2
46803.2
47142.2
47481.6
47821.8
48162.0
48502.4
48842.8
49183.2
49523.6
