486.2
629.2
899.8
1201.4
1540.4
1893.6
2239.6
2589.2
2978.2
3329.6
3682.2
4076.2
4427.4
4773.2
5120.4
5509.8
5858.0
6202.4
6544.6
6886.0
7227.0
7567.4
7907.8
8248.2
8588.6
8928.8
9269.2
9609.4
9949.6
10289.8
10630.0
10970.2
11310.6
11650.8
11991.0
12331.4
12671.6
13012.0
13352.4
13692.6
14033.0
14373.4
14713.6
15053.8
15394.0
15734.2
16123.8
16476.8
16825.8
17163.2
17502.0
17841.6
18181.6
18522.0
18862.4
19203.0
19543.4
19883.8
20224.2
20564.6
20904.8
21245.2
21585.4
21925.6
22265.8
22606.0
22946.2
23286.6
23626.8
23967.0
24307.4
24647.6
24988.0
25328.2
25668.6
26009.0
26349.2
26689.6
27029.8
27370.0
27710.2
28099.8
28452.8
28801.6
29139.2
29477.8
29817.4
30157.6
30497.8
30838.4
31179.0
31519.4
31859.8
32200.2
32540.4
32880.8
33221.0
33561.4
33901.6
34241.8
34582.0
34922.2
35262.4
35602.8
35943.0
36283.2
36623.6
36963.8
37304.2
37644.6
37985.0
38325.2
38665.4
39005.8
39346.0
39686.0
40075.6
40428.8
40777.6
41115.0
41453.8
41793.4
42133.4
42473.8
42814.4
43154.8
43495.2
43835.8
44176.2
44516.4
44856.8
45197.0
45537.2
45877.6
46217.8
46558.0
46898.2
47238.4
47578.6
47919.0
48259.2
48599.6
48939.8
49280.2
49620.6
