483.2
618.6
896.0
1193.0
1536.8
1887.4
2232.4
2581.6
2931.6
3315.0
3665.0
4017.8
4358.6
4700.0
5041.6
5382.8
5723.8
6064.4
6404.8
6745.2
7085.2
7474.6
7827.6
8176.4
8513.8
8852.4
9192.0
9532.0
9872.4
10213.0
10553.4
10894.0
11234.4
11574.8
11915.0
12255.4
12595.6
12935.8
13276.2
13616.4
13956.6
14296.8
14637.0
14977.4
15317.6
15657.8
15998.2
16338.4
16678.8
17019.2
17359.6
17699.8
18040.0
18380.4
18720.6
19060.6
19450.2
19803.4
20152.2
20489.6
20828.4
21168.0
21508.0
21848.4
22189.0
22529.4
22869.8
23210.2
23550.6
23891.0
24231.4
24571.6
24911.8
25252.2
25592.4
25932.6
26272.8
26613.0
26953.2
27293.6
27633.8
27974.2
28314.4
28654.8
28995.2
29335.4
29675.8
30016.0
30356.2
30696.4
31036.6
31426.2
31779.4
32128.2
32465.6
32804.4
33144.0
33484.0
33824.2
34164.8
34505.4
34845.8
35186.2
35526.6
35867.0
36207.2
36547.6
36887.8
37228.0
37568.4
37908.4
38248.8
38589.0
38929.2
39269.6
39609.8
39950.0
40290.4
40630.8
40971.2
41311.4
41651.8
41992.0
42332.2
42672.4
43012.6
43352.8
43742.2
44095.6
44445.0
44782.4
45121.0
45460.6
45800.8
46141.0
46481.4
46821.8
47162.2
47502.6
47843.0
48183.2
48523.6
48863.8
49204.0
49544.2
