633.8
913.8
1213.2
1553.4
1907.2
2253.2
2602.8
2992.0
3342.8
3695.4
4089.2
4440.4
4788.8
5181.2
5530.4
5875.2
6217.6
6559.2
6900.0
7240.6
7581.0
7921.2
8261.4
8601.8
8942.0
9282.2
9622.4
9962.6
10302.8
10643.0
10983.2
11323.4
11663.8
12004.0
12344.4
12684.8
13025.2
13365.6
13705.8
14046.0
14386.2
14726.4
15066.6
15406.8
15796.2
16149.8
16499.0
16836.4
17175.0
17514.6
17854.8
18195.0
18535.4
18875.8
19216.2
19556.6
19897.0
20237.4
20577.6
20917.8
21258.0
21598.2
21938.6
22278.8
22619.0
22959.2
23299.4
23639.6
23980.0
24320.4
24660.6
25001.0
25341.4
25681.6
26022.0
26362.2
26702.4
27042.6
27382.8
27772.2
28125.6
28475.0
28812.2
29151.0
29490.6
29830.6
30171.0
30511.4
30851.8
31192.2
31532.6
31873.0
32213.2
32553.6
32893.8
33234.0
33574.2
33914.4
34254.8
34595.0
34935.2
35275.4
35615.6
35956.0
36296.4
36636.6
36977.0
37317.4
37657.6
37998.0
38338.2
38678.4
39018.6
39358.6
39748.2
40101.6
40450.8
40788.2
41126.8
41466.6
41806.6
42146.8
42487.2
42827.8
43168.2
43508.6
43848.8
44189.2
44529.4
44869.8
45210.0
45550.2
45890.4
46230.6
46571.0
46911.2
47251.4
47591.6
47932.0
48272.2
48612.6
48953.0
49293.2
49633.6
