394.0
600.4
858.0
1207.2
1529.4
1861.0
2203.0
2550.6
2902.2
3235.4
3624.4
3975.4
4321.8
4665.8
5008.4
5350.0
5691.2
6032.0
6372.6
6713.0
7053.2
7393.2
7733.4
8073.4
8462.8
8816.0
9165.2
9502.4
9841.2
10180.8
10521.0
10861.2
11201.8
11542.4
11882.6
12223.0
12563.4
12903.8
13244.0
13584.2
13924.4
14264.8
14605.0
14945.2
15285.4
15625.6
15965.8
16306.2
16646.4
16986.8
17327.2
17667.6
18007.8
18348.2
18688.4
19028.6
19368.8
19709.2
20049.4
20438.6
20792.0
21141.2
21478.4
21817.2
22156.8
22497.0
22837.2
23177.8
23518.2
23858.6
24199.0
24539.4
24879.6
25220.0
25560.2
25900.4
26240.8
26581.0
26921.0
27261.4
27601.6
27941.8
28282.0
28622.4
28962.8
29303.2
29643.4
29983.8
30324.2
30664.4
31004.6
31344.8
31685.0
32025.2
32414.6
32768.0
33117.0
33454.4
33793.2
34132.8
34472.8
34813.2
35153.6
35494.2
35834.6
36175.0
36515.4
36855.6
37196.0
37536.2
37876.4
38216.6
38556.8
38897.0
39237.2
39577.6
39917.8
40258.0
40598.4
40938.8
41279.0
41619.4
41959.8
42300.0
42640.4
42980.6
43320.8
43661.0
44001.2
44390.6
44744.0
45093.0
45430.4
45769.0
46108.8
46448.8
46789.0
47129.6
47470.2
47810.6
48151.0
48491.2
48831.6
49171.8
49512.2
