539.8
739.2
1077.8
1386.6
1710.0
2042.2
2383.8
2724.4
3091.4
3452.6
3803.8
4187.0
4546.0
4985.8
5341.0
5684.4
6025.8
6355.2
6686.2
7028.4
7369.8
7701.2
8044.2
8386.6
8719.2
9063.2
9406.4
9739.8
10084.2
10427.8
10761.2
11106.0
11440.4
11785.4
12120.2
12465.0
12799.6
13136.4
13474.8
13814.2
14154.0
14494.0
14834.4
15174.6
15515.0
15964.4
16313.4
16658.0
16999.6
17329.4
17660.0
18001.4
18331.0
18662.0
19004.0
19345.6
19676.8
20019.8
20362.4
20695.0
21039.0
21382.2
21715.6
22060.0
22403.6
22737.2
23081.8
23416.4
23761.4
24096.0
24441.0
24775.6
25112.4
25450.8
25790.2
26130.0
26470.0
26810.2
27150.6
27491.0
27940.6
28289.6
28634.2
28976.0
29305.6
29636.2
29977.6
30307.2
30638.2
30980.2
31321.6
31653.0
31996.0
32338.4
32671.0
33015.0
33358.2
33691.6
34036.0
34379.6
34713.2
35057.8
35392.2
35737.4
36072.0
36417.0
36751.6
37088.4
37426.8
37766.2
38106.0
38446.0
38786.2
39126.6
39473.8
39916.8
40266.0
40610.6
40952.2
41282.0
41612.6
41954.0
42283.4
42614.4
42956.4
43297.8
43629.0
43972.0
44314.4
44647.0
44991.0
45334.2
45667.6
46012.0
46355.6
46689.2
47033.8
47368.2
47713.4
48048.0
48393.0
48727.4
49064.4
49402.8
49742.0
