534.2
755.0
1111.2
1429.2
1752.0
2083.2
2423.8
2762.4
3115.2
3472.2
3820.4
4201.4
4559.4
4910.6
5355.0
5703.8
6048.4
6390.2
6720.2
7051.0
7392.6
7722.8
8064.6
8395.8
8738.6
9081.0
9413.4
9757.2
10100.4
10433.6
10778.0
11121.6
11455.2
11799.8
12134.2
12479.4
12823.4
13156.8
13492.8
13830.4
14169.2
14508.6
14848.4
15188.4
15528.6
15869.0
16209.2
16549.6
16999.0
17348.0
17692.4
18034.2
18364.0
18694.6
19035.8
19365.4
19696.6
20038.6
20380.0
20711.4
21054.4
21397.0
21729.6
22073.6
22416.8
22750.2
23094.6
23438.4
23771.8
24116.6
24451.0
24796.0
25130.8
25475.6
25810.2
26147.0
26485.4
26824.8
27164.6
27504.6
27844.8
28185.2
28525.6
28975.2
29324.2
29668.8
30010.4
30340.2
30670.8
31012.0
31341.6
31672.8
32014.8
32356.2
32687.4
33030.6
33373.0
33705.6
34049.6
34392.8
34726.2
35070.6
35414.2
35747.8
36092.4
36427.0
36772.0
37106.6
37451.6
37786.2
38123.0
38461.4
38800.8
39140.6
39480.6
39820.8
40161.2
40501.6
40951.4
41300.4
41645.0
41986.6
42316.4
42647.0
42988.4
43317.8
43649.0
43991.0
44332.2
44663.6
45006.6
45349.0
45681.6
46025.6
46368.8
46702.2
47046.6
47390.2
47723.8
48068.4
48402.8
48748.0
49082.6
49427.6
49762.0
