714.0
1060.6
1379.4
1702.8
2034.8
2376.0
2715.2
3073.8
3431.8
3781.2
4163.2
4521.4
4970.8
5319.8
5664.8
6006.6
6336.6
6667.8
7009.6
7340.4
7682.8
8024.6
8356.4
8699.8
9042.6
9375.4
9719.6
10063.0
10396.4
10741.0
11075.6
11420.6
11764.6
12098.4
12443.0
12777.2
13113.6
13451.8
13790.8
14130.4
14470.4
14810.6
15150.8
15491.2
15838.4
16177.2
16615.0
16963.8
17308.4
17650.0
17979.8
18310.6
18652.0
18982.0
19323.6
19654.6
19997.4
20339.4
20671.8
21015.4
21358.4
21691.6
22036.0
22379.4
22713.0
23057.6
23392.0
23737.2
24081.2
24414.6
24750.6
25096.0
25431.2
25768.4
26107.2
26446.6
26786.6
27126.8
27467.0
27814.2
28152.6
28591.2
28940.0
29284.6
29626.2
29956.0
30286.8
30628.2
30958.2
31299.8
31630.8
31973.4
32315.4
32647.8
32991.4
33334.4
33667.6
34012.0
34355.4
34689.0
35033.6
35368.0
35713.2
36057.0
36390.6
36726.6
37072.0
37407.0
37744.4
38083.2
38422.6
38762.6
39102.8
39443.0
39790.2
40128.2
40567.4
40916.2
41260.8
41602.4
41932.2
42263.0
42604.4
42934.4
43276.0
43607.0
43949.4
44291.6
44623.8
44967.4
45310.4
45643.6
45988.0
46331.4
46664.8
47009.6
47344.0
47689.2
48033.0
48366.6
48702.6
49048.0
49383.0
49720.4
