509.6
826.6
1102.8
1401.0
1736.8
2090.4
2438.4
2786.2
3167.0
3522.2
3971.0
4324.6
4667.0
5008.0
5337.8
5669.2
6011.6
6353.4
6684.8
7028.0
7370.6
7703.2
8047.2
8390.4
8723.8
9068.2
9411.8
9745.2
10089.8
10424.2
10769.4
11104.0
11449.0
11783.4
12120.4
12458.8
12798.0
13137.8
13478.0
13818.2
14158.4
14498.8
14948.4
15297.4
15642.0
15983.6
16313.4
16644.0
16985.4
17314.8
17646.0
17988.0
18329.4
18660.8
19003.8
19346.2
19679.0
20023.0
20366.2
20699.4
21044.0
21387.6
21721.0
22065.8
22400.2
22745.2
23080.0
23425.0
23759.4
24096.4
24434.8
24774.0
25113.8
25453.8
25794.2
26134.4
26474.8
26924.6
27273.6
27618.2
27959.8
28289.6
28620.2
28961.6
29291.0
29622.2
29964.2
30305.6
30636.8
30979.8
31322.2
31655.0
31999.0
32342.2
32675.4
33020.0
33363.6
33697.0
34041.8
34376.2
34721.2
35056.0
35400.8
35735.4
36072.2
36410.6
36750.0
37089.8
37429.8
37770.0
38110.4
38457.6
38900.6
39249.8
39594.6
39936.2
40266.0
40596.6
40937.8
41267.4
41598.4
41940.4
42281.8
42613.0
42956.0
43298.4
43631.0
43975.0
44318.2
44651.4
44995.8
45339.4
45673.0
46017.6
46352.0
46697.2
47031.8
47376.8
47711.4
48048.2
48386.6
48726.0
49065.8
49405.8
49746.0
