711.2
1058.0
1376.6
1700.0
2032.0
2373.2
2713.0
3053.2
3419.2
3780.4
4130.2
4476.0
4813.0
5152.4
5492.8
5833.4
6174.0
6514.6
6964.8
7313.8
7658.4
8000.2
8329.8
8660.4
9001.8
9331.2
9662.2
10004.2
10345.6
10676.8
11019.6
11362.0
11694.6
12038.6
12381.8
12715.0
13059.4
13403.0
13736.6
14081.2
14415.6
14760.8
15095.4
15440.4
15775.0
16111.8
16450.2
16789.6
17129.4
17469.4
17809.6
18150.0
18497.2
18940.8
19290.2
19634.8
19976.6
20306.2
20636.8
20968.0
21309.6
21639.8
21981.6
22312.8
22655.6
22997.8
23330.2
23674.0
24017.0
24350.2
24694.6
25038.2
25371.8
25716.4
26050.8
26396.0
26740.0
27073.6
27409.6
27754.8
28090.0
28427.4
28766.0
29105.6
29445.4
29785.6
30126.0
30473.2
30812.2
31249.8
31598.6
31943.2
32284.8
32614.6
32945.4
33286.8
33616.8
33958.4
34289.4
34632.2
34974.2
35306.6
35650.2
35993.2
36326.4
36670.8
37014.2
37347.8
37692.4
38026.8
38372.0
38716.0
39049.4
39385.4
39730.8
40066.0
40403.4
40742.0
41081.6
41421.4
41761.6
42101.8
42449.0
42787.4
43226.0
43574.8
43919.4
44261.0
44590.8
44921.6
45263.0
45593.0
45934.6
46265.6
46608.2
46950.2
47282.6
47626.2
47969.2
48302.4
48646.8
48990.2
49323.8
49668.4
