424.6
714.4
975.4
1276.4
1704.6
2057.2
2399.4
2737.8
3075.6
3422.0
3771.4
4120.2
4466.0
4811.2
5155.8
5490.8
5836.2
6171.2
6508.6
6847.0
7186.4
7526.2
7866.0
8206.2
8546.4
8886.6
9227.0
9673.2
10022.4
10367.0
10708.6
11038.4
11369.2
11710.4
12040.2
12371.8
12714.0
13055.6
13387.4
13730.8
14073.4
14406.4
14750.6
15094.0
15427.4
15772.0
16115.6
16449.2
16794.0
17128.4
17473.4
17808.0
18144.8
18483.0
18822.0
19161.6
19501.6
19841.8
20182.0
20522.2
20862.6
21202.8
21649.4
21998.6
22343.2
22685.0
23014.8
23345.4
23686.6
24016.4
24347.8
24690.2
25031.8
25363.6
25706.8
26049.6
26382.4
26726.6
27070.0
27403.4
27748.0
28091.6
28425.2
28769.8
29104.2
29449.4
29784.0
30128.8
30463.4
30800.2
31138.6
31478.0
31817.8
32158.0
32498.2
32838.4
33178.8
33625.8
33975.0
34319.6
34661.2
34991.0
35321.6
35663.0
35992.6
36324.0
36666.4
37008.0
37339.6
37683.0
38025.6
38358.4
38702.6
39045.8
39379.4
39723.8
40067.6
40401.0
40745.8
41080.2
41425.2
41759.8
42104.8
42439.4
42776.2
43114.6
43454.0
43793.8
44133.8
44474.2
44814.4
45154.8
45497.2
45934.8
46283.4
46628.0
46969.6
47299.4
47630.4
47972.0
48302.4
48644.2
48985.8
49317.0
49660.0
