483.2
742.0
1076.4
1384.6
1708.4
2040.4
2381.6
2721.2
3063.0
3430.2
3791.0
4141.2
4487.2
4824.2
5163.6
5503.8
5844.4
6185.0
6525.4
6865.8
7315.6
7664.6
8009.2
8351.0
8680.6
9011.2
9352.6
9682.0
10013.2
10355.0
10696.4
11027.6
11370.6
11713.2
12045.8
12389.6
12732.8
13066.2
13410.6
13754.2
14087.8
14432.4
14766.8
15112.0
15446.6
15791.6
16126.2
16463.0
16801.4
17140.8
17480.6
17820.6
18160.8
18501.2
18848.4
19291.6
19640.8
19985.6
20327.2
20657.0
20987.6
21328.8
21658.4
21989.4
22331.4
22672.6
23003.8
23346.8
23689.2
24021.8
24365.8
24708.8
25042.2
25386.6
25730.2
26063.8
26408.4
26742.8
27088.0
27422.6
27767.6
28102.0
28439.0
28777.4
29116.6
29456.4
29796.6
30136.8
30477.0
30824.2
31267.8
31617.2
31961.8
32303.6
32633.2
32963.8
33305.2
33634.6
33965.6
34307.6
34648.8
34980.0
35322.8
35665.2
35997.8
36341.8
36684.8
37018.2
37362.6
37706.2
38039.6
38384.4
38718.8
39063.8
39398.6
39743.6
40078.0
40415.0
40753.4
41092.6
41432.4
41772.6
42112.8
42453.0
42800.2
43139.8
43576.8
43925.6
44270.2
44611.8
44941.6
45272.4
45613.8
45943.8
46285.4
46616.6
46959.2
47301.4
47633.6
47977.4
48320.4
48653.6
48998.0
49341.4
49674.8
