907.4
1184.0
1494.4
1820.4
2161.6
2510.0
2887.0
3330.0
3681.6
4023.2
4364.2
4706.0
5048.4
5381.8
5726.2
6070.0
6413.4
6746.8
7091.2
7425.6
7770.6
8114.6
8448.2
8793.0
9127.4
9472.2
9806.4
10143.2
10481.6
10820.8
11160.6
11500.6
11840.8
12181.2
12528.4
12971.8
13321.2
13665.8
14007.4
14337.2
14667.8
15009.0
15338.6
15669.6
16011.4
16352.8
16684.0
17026.8
17369.2
17701.8
18045.8
18389.0
18722.2
19066.6
19410.2
19743.8
20088.4
20422.8
20768.0
21102.6
21447.6
21782.2
22119.0
22457.4
22796.8
23136.4
23476.6
23816.8
24157.2
24504.4
24844.6
25280.8
25629.6
25974.2
26315.8
26645.6
26976.4
27317.8
27647.8
27989.4
28320.6
28663.2
29005.4
29337.6
29681.4
30024.4
30357.6
30702.0
31045.4
31379.0
31723.6
32058.0
32403.2
32747.2
33080.6
33416.6
33762.0
34097.2
34434.4
34773.2
35112.6
35452.6
35792.8
36133.0
36480.2
36819.0
37257.0
37605.8
37950.4
38292.0
38621.8
38952.6
39294.0
39624.0
39965.6
40296.6
40639.2
40981.4
41313.6
41657.4
42000.4
42333.6
42678.0
43021.4
43355.0
43699.6
44034.0
44379.2
44723.0
45056.6
45392.6
45738.0
46073.0
46410.4
46749.2
47088.6
47428.6
47768.8
48109.0
48456.2
48794.4
49233.2
49582.0
