760.6
1026.2
1326.0
1663.6
2099.0
2452.4
2803.0
3140.8
3479.2
3821.2
4164.4
4508.4
4852.6
5196.6
5531.4
5876.8
6212.4
6558.0
6902.0
7235.6
7571.6
7909.4
8248.2
8587.6
8927.4
9267.6
9607.8
9948.2
10295.4
10633.8
11072.2
11421.0
11765.4
12107.0
12436.8
12767.6
13109.0
13439.0
13780.8
14111.8
14454.4
14796.4
15128.8
15472.4
15815.4
16148.6
16493.0
16836.4
17170.0
17514.6
17849.0
18194.2
18538.2
18871.8
19207.6
19553.2
19888.2
20225.6
20564.2
20903.8
21243.6
21583.8
21924.0
22271.2
22609.4
23048.4
23397.2
23741.6
24083.2
24413.0
24743.8
25085.2
25415.2
25756.8
26087.8
26430.4
26772.6
27104.8
27448.4
27791.4
28124.6
28469.0
28812.4
29146.0
29490.6
29825.0
30170.2
30514.0
30847.6
31183.6
31529.0
31864.2
32201.4
32540.2
32879.6
33219.6
33559.8
33900.0
34247.2
34585.0
35024.4
35373.4
35717.8
36059.4
36389.2
36720.0
37061.4
37391.4
37733.0
38064.0
38406.6
38748.6
39080.8
39424.4
39767.4
40100.6
40445.0
40788.4
41121.8
41466.6
41801.0
42146.2
42490.0
42823.6
43159.6
43505.0
43840.0
44177.4
44516.2
44855.6
45195.6
45535.8
45876.0
46223.2
46560.8
47000.6
47349.6
47694.0
48035.6
48365.6
48696.2
49037.6
49367.6
49709.2
