504.6
719.6
1062.4
1369.0
1693.2
2025.2
2366.2
2704.6
3043.6
3381.6
3742.6
4096.2
4446.2
4793.8
5139.4
5475.4
5814.0
6153.4
6493.4
6833.6
7173.8
7514.2
7854.4
8299.8
8648.8
8993.4
9335.0
9664.8
9995.6
10337.0
10666.6
10998.4
11340.8
11682.4
12014.4
12357.8
12700.4
13033.6
13377.8
13721.0
14054.6
14399.2
14742.8
15076.4
15421.0
15755.6
16100.6
16435.0
16772.0
17110.2
17449.2
17788.8
18128.8
18468.8
18809.0
19149.4
19489.6
19830.0
20276.0
20625.0
20969.6
21311.4
21641.2
21971.8
22313.2
22642.8
22974.4
23316.8
23658.6
23990.4
24333.8
24676.4
25009.6
25353.8
25697.0
26030.6
26375.0
26718.8
27052.4
27397.0
27731.4
28076.6
28411.0
28747.8
29086.2
29425.2
29764.8
30104.8
30444.8
30785.0
31125.4
31465.6
31806.0
32252.2
32601.2
32946.0
33287.6
33617.4
33948.0
34289.4
34619.0
34950.6
35293.0
35634.6
35966.4
36309.8
36652.6
36985.6
37329.6
37673.0
38006.4
38351.0
38694.8
39028.2
39373.0
39707.4
40052.4
40387.0
40723.8
41062.0
41401.2
41740.8
42080.6
42420.8
42761.0
43101.2
43441.6
43782.0
44228.4
44577.4
44922.2
45263.8
45593.6
45924.2
46265.6
46595.2
46926.8
47269.2
47610.8
47942.6
48285.8
48628.6
48961.6
49305.6
49649.0
