576.0
882.8
1155.8
1465.6
1790.4
2131.8
2479.8
2859.8
3219.4
3569.2
4030.0
4382.6
4725.6
5066.8
5396.2
5726.4
6057.6
6399.0
6729.2
7071.0
7402.2
7744.8
8087.0
8419.2
8762.8
9105.8
9439.0
9783.2
10126.8
10460.2
10804.8
11139.4
11484.4
11828.4
12162.0
12498.0
12843.4
13178.4
13515.8
13854.4
14194.0
14533.8
14874.0
15214.2
15561.4
15899.6
16338.6
16687.4
17032.0
17373.6
17703.4
18034.2
18375.6
18705.6
19047.2
19378.2
19720.8
20062.8
20395.0
20738.8
21081.6
21414.8
21759.2
22102.6
22436.2
22780.8
23115.2
23460.4
23804.4
24137.8
24473.8
24819.2
25154.4
25491.6
25830.4
26169.8
26509.8
26850.0
27190.2
27537.4
27875.2
28314.8
28663.6
29008.2
29349.8
29679.6
30010.4
30351.8
30681.6
31023.2
31354.2
31696.8
32038.8
32371.0
32714.8
33057.6
33390.8
33735.2
34078.6
34412.2
34756.8
35091.2
35436.4
35780.2
36113.8
36449.8
36795.2
37130.4
37467.6
37806.4
38145.8
38485.8
38826.0
39166.2
39513.4
39851.0
40291.0
40639.8
40984.4
41326.0
41655.8
41986.6
42328.0
42657.8
42999.4
43330.4
43673.0
44015.0
44347.2
44690.8
45033.6
45366.8
45711.2
46054.6
46388.0
46732.8
47067.2
47412.4
47756.2
48089.8
48425.8
48771.2
49106.2
49443.6
