570.4
875.8
1159.2
1469.2
1793.2
2133.6
2481.2
2860.4
3220.2
3570.0
4033.4
4386.0
4729.0
5070.2
5399.6
5730.0
6060.8
6402.4
6732.4
7064.2
7406.6
7748.2
8080.2
8423.6
8766.2
9099.2
9443.4
9786.6
10120.2
10464.6
10808.4
11141.8
11486.6
11821.0
12166.0
12500.6
12837.4
13175.6
13514.8
13854.4
14194.4
14534.4
14874.6
15215.0
15555.2
15895.6
16341.8
16690.8
17035.6
17377.2
17707.0
18037.6
18379.0
18708.6
19040.2
19382.6
19724.2
20056.0
20399.4
20742.2
21075.2
21419.2
21762.6
22096.0
22440.6
22784.2
23117.8
23462.6
23797.0
24142.0
24476.6
24813.4
25151.6
25490.8
25830.4
26170.2
26510.4
26850.6
27190.8
27531.2
27871.6
28318.0
28667.0
29011.8
29353.4
29683.2
30013.8
30355.2
30684.8
31016.4
31358.8
31700.4
32032.2
32375.4
32718.2
33051.2
33395.2
33738.6
34072.0
34416.6
34760.2
35093.8
35438.6
35773.0
36118.0
36452.6
36789.4
37127.6
37466.8
37806.4
38146.2
38486.4
38826.6
39166.8
39507.2
39847.4
40294.2
40643.4
40988.0
41329.6
41659.4
41990.0
42331.4
42661.0
42992.6
43334.8
43676.4
44008.2
44351.6
44694.2
45027.2
45371.2
45714.6
46048.0
46392.6
46736.2
47069.8
47414.4
47749.0
48094.0
48428.6
48773.4
49108.0
49444.8
