755.4
1110.8
1428.6
1751.4
2082.6
2423.2
2761.8
3117.0
3474.2
3823.0
4204.4
4562.4
4914.2
5354.8
5703.4
6048.0
6389.8
6719.8
7050.8
7392.4
7723.0
8065.2
8406.8
8738.2
9081.4
9424.0
9756.8
10100.8
10444.2
10777.4
11122.0
11456.6
11801.6
12145.6
12479.4
12824.2
13158.4
13494.8
13833.0
14172.0
14511.6
14851.4
15191.6
15531.8
15872.0
16212.4
16552.8
16998.4
17347.4
17692.0
18033.8
18363.6
18694.2
19035.6
19365.4
19697.0
20039.4
20381.0
20713.0
21056.4
21399.0
21732.2
22076.4
22419.6
22753.2
23097.8
23441.4
23775.0
24119.8
24454.2
24799.2
25133.8
25470.6
25808.8
26147.8
26487.4
26827.4
27167.4
27507.6
27848.0
28188.4
28528.6
28974.6
29323.6
29668.4
30010.0
30339.8
30670.4
31011.8
31341.6
31673.2
32015.4
32357.2
32689.0
33032.4
33375.2
33708.2
34052.4
34395.6
34729.2
35073.6
35417.4
35751.0
36095.6
36430.0
36775.2
37109.6
37446.6
37784.8
38123.8
38463.4
38803.4
39143.4
39483.6
39824.0
40164.2
40504.6
40950.8
41300.0
41644.6
41986.2
42316.0
42646.6
42988.0
43317.8
43649.2
43991.6
44333.2
44665.2
45008.4
45351.2
45684.2
46028.2
46371.6
46705.0
47049.6
47393.4
47726.8
48071.6
48406.0
48751.0
49085.6
49422.4
49760.8
