373.4
727.4
1004.8
1305.8
1629.4
2310.6
2653.0
2995.0
3052.4
3437.6
3799.6
4152.0
4533.6
4891.4
5241.4
5588.0
5933.2
6268.4
6614.2
6949.4
7295.0
7639.2
7973.2
8309.8
8756.8
9114.6
9467.2
9845.2
10201.4
10551.8
10898.4
11242.8
11577.2
11922.2
12256.8
12602.2
12937.4
13282.8
13627.0
13960.8
14297.4
14378.0
14744.8
15455.2
15460.8
15833.2
16189.4
16539.8
16886.4
17230.8
17565.2
17910.2
18244.8
18590.2
18925.2
19270.8
19614.8
19948.8
20285.4
20732.8
21090.6
21443.2
21821.2
22177.4
22527.8
22874.4
23218.8
23553.2
23898.2
24232.8
24578.2
24913.2
25258.6
25602.8
25936.8
26273.4
26353.8
26720.8
27431.2
27436.6
27809.0
28165.4
28515.6
28862.4
29206.8
29541.0
29886.2
30220.8
30566.2
30901.2
31246.6
31590.8
31924.8
32261.4
32708.8
33066.6
33419.2
33797.0
34153.4
34503.6
34850.4
35194.8
35529.0
35874.2
36208.8
36554.2
36889.2
37234.6
37578.8
37912.8
38249.4
38329.8
38696.8
39407.2
39412.6
39785.0
40141.4
40491.6
40838.4
41182.8
41517.0
41862.2
42196.8
42542.2
42877.2
43222.6
43566.8
43900.8
44237.4
44684.8
45042.6
45395.2
45773.0
46129.4
46479.6
46826.4
47170.8
47505.2
47850.2
48184.8
48530.2
48865.2
49210.6
49554.8
49888.8
