638.6
979.4
1284.4
1616.2
1960.8
2311.4
2659.2
3011.4
3352.2
4036.8
4380.2
4444.4
4821.2
5179.0
5532.4
5911.4
6268.0
6618.2
6964.4
7308.8
7643.0
7988.2
8323.0
8668.2
9003.4
9349.0
9693.2
10027.4
10372.8
10810.6
11168.2
11521.2
11899.2
12255.4
12605.6
12951.8
13296.2
13630.6
13975.8
14310.6
14656.0
14991.2
15336.8
15681.2
16015.4
16360.6
16431.8
16798.6
17509.2
17514.6
17887.0
18243.4
18593.6
18939.8
19284.2
19618.6
19963.8
20298.6
20644.0
20979.2
21324.8
21669.2
22003.4
22348.6
22786.6
23144.2
23497.2
23875.0
24231.4
24581.6
24927.8
25272.2
25606.6
25951.8
26286.6
26632.0
26967.2
27312.8
27657.2
27991.2
28336.6
28407.8
28774.6
29485.2
29490.6
29863.0
30219.4
30569.6
30915.8
31260.2
31594.6
31939.8
32274.6
32620.0
32955.2
33300.8
33645.0
33979.2
34324.4
34762.6
35120.4
35473.2
35851.0
36207.4
36557.6
36903.8
37248.2
37582.6
37927.6
38262.6
38608.0
38943.2
39288.8
39633.0
39967.2
40312.4
40383.6
40750.8
41461.2
41466.6
41839.0
42195.4
42545.6
42891.8
43236.2
43570.6
43915.6
44250.6
44595.8
44931.2
45276.8
45621.0
45955.2
46300.4
46738.8
47096.4
47449.2
47827.0
48183.4
48533.6
48879.8
49224.2
49558.6
49903.6
