660.0
993.6
1303.4
1638.6
1984.2
2335.4
2681.8
3026.6
3370.8
3715.2
4166.2
4524.0
4877.2
5257.6
5614.6
5964.6
6310.8
6655.4
6990.0
7335.4
7670.2
8015.6
8351.0
8696.6
9040.8
9374.8
9450.8
9817.6
10175.2
10527.8
10906.0
11262.4
11612.6
11959.2
12303.4
12637.8
12983.0
13317.8
13663.0
13998.2
14343.8
14688.0
15022.2
15367.2
15806.6
16164.0
16516.8
16894.2
17250.6
17600.8
17947.2
18291.4
18626.0
18971.0
19305.8
19651.0
19986.2
20331.8
20676.0
21010.0
21355.2
21426.8
21794.6
22152.0
22504.8
22882.2
23238.6
23588.8
23935.2
24279.4
24613.8
24959.0
25293.8
25639.0
25974.2
26319.8
26664.0
26998.0
27343.0
27782.6
28140.0
28492.8
28870.2
29226.4
29576.8
29923.2
30267.4
30601.8
30947.0
31281.6
31627.0
31962.2
32307.8
32652.0
32986.0
33331.0
33402.8
33770.6
34128.0
34480.8
34858.2
35214.4
35564.6
35911.2
36255.4
36589.8
36934.8
37269.6
37615.0
37950.2
38295.8
38640.0
38974.0
39319.0
39758.6
40116.0
40468.8
40846.2
41202.4
41552.6
41899.2
42243.4
42577.8
42922.8
43257.6
43603.0
43938.2
44283.6
44628.0
44962.0
45298.4
45378.8
45745.4
46103.2
46456.0
46834.0
47190.2
47540.6
47887.0
48231.4
48565.8
48910.8
49245.6
49591.0
