689.0
1027.4
1337.8
1674.2
2021.6
2373.2
2730.0
3065.8
3393.8
3722.6
4051.8
4384.0
5052.0
5397.6
5733.0
6078.6
6414.0
6759.6
7095.2
7105.2
7540.8
7898.6
8251.0
8628.8
8985.0
9335.4
9682.0
10026.6
10370.2
10703.4
11039.0
11384.6
11729.0
12063.2
12408.2
12743.0
13088.4
13528.8
13886.4
14239.0
14616.8
14973.0
15323.4
15670.0
16014.6
16358.2
16691.4
17027.0
17372.6
17717.0
18051.2
18396.2
18731.0
19076.4
19080.8
19516.8
19874.4
20227.0
20604.8
20961.0
21311.4
21658.0
22002.6
22346.2
22679.4
23015.0
23360.6
23705.0
24039.2
24384.2
24719.0
25064.4
25504.8
25862.4
26215.0
26592.8
26949.0
27299.2
27646.0
27990.6
28334.0
28667.4
29003.0
29348.6
29693.0
30027.0
30372.2
30707.0
31052.4
31056.8
31492.8
31850.4
32203.0
32580.8
32937.0
33287.2
33634.0
33978.6
34322.0
34655.2
34991.0
35336.6
35681.0
36015.0
36360.2
36695.0
37040.4
37480.8
37838.4
38191.0
38568.6
38925.0
39275.2
39622.0
39966.6
40310.0
40643.2
40979.0
41324.6
41668.8
42003.0
42348.2
42683.0
43028.4
43032.6
43468.8
43826.4
44179.0
44556.6
44913.0
45263.2
45610.0
45954.6
46298.0
46631.2
46967.0
47312.6
47656.8
47991.0
48336.2
48671.0
49016.4
49456.8
49814.4
