842.2
1101.0
1397.0
1721.8
2143.6
2507.8
2864.4
3208.8
3582.0
3943.2
4291.8
4638.8
4984.8
5329.8
5665.4
6112.2
6470.0
6822.8
7200.2
7556.4
7906.6
8253.2
8597.8
8941.2
9274.4
9610.2
9955.8
10300.0
10634.2
10979.2
11314.0
11659.4
11663.8
12099.8
12457.4
12810.0
13187.8
13544.0
13894.4
14241.0
14585.6
14929.2
15262.4
15598.0
15943.6
16288.0
16622.0
16967.2
17302.0
17647.4
18087.8
18445.4
18798.0
19175.8
19532.0
19882.2
20229.0
20573.6
20917.0
21250.4
21586.0
21931.6
22276.0
22610.0
22955.2
23290.0
23635.4
23639.6
24075.8
24433.4
24786.0
25163.8
25520.0
25870.2
26217.0
26561.6
26905.0
27238.2
27574.0
27919.6
28264.0
28598.0
28943.2
29278.0
29623.4
30063.8
30421.4
30774.0
31151.6
31508.0
31858.2
32205.0
32549.6
32893.0
33226.2
33562.0
33907.6
34251.8
34586.0
34931.2
35266.0
35611.4
35615.6
36051.8
36409.4
36762.0
37139.6
37496.0
37846.2
38193.0
38537.6
38881.0
39214.2
39550.0
39895.6
40239.8
40574.0
40919.2
41254.0
41599.4
42039.8
42397.4
42750.0
43127.6
43484.0
43834.2
44181.0
44525.6
44869.0
45202.2
45538.0
45883.6
46227.8
46562.0
46907.0
47242.0
47587.4
47591.6
48027.8
48385.4
48738.0
49115.6
49471.8
49822.2
