997.0
1306.8
1646.6
1995.4
2347.6
2702.4
3045.2
3390.4
3834.4
4196.2
4549.8
4930.2
5287.2
5636.8
5983.2
6328.0
6663.0
7008.4
7343.6
7689.0
8033.2
8367.2
8703.6
8715.2
9150.8
9508.6
9861.2
10239.2
10595.4
10945.8
11292.4
11636.8
11971.2
12316.2
12650.8
12996.2
13331.4
13676.8
14021.0
14354.8
14691.6
15138.8
15496.6
15849.2
16227.2
16583.4
16933.8
17280.4
17624.8
17959.2
18304.2
18638.8
18984.2
19319.4
19664.8
20008.8
20342.8
20679.6
20691.2
21126.8
21484.6
21837.2
22215.2
22571.4
22921.8
23268.4
23612.8
23947.2
24292.2
24626.8
24972.2
25307.2
25652.8
25996.8
26330.8
26667.4
27114.8
27472.6
27825.2
28203.2
28559.4
28909.6
29256.4
29600.8
29944.4
30277.8
30613.4
30959.0
31303.4
31637.4
31982.4
32317.2
32662.8
32667.2
33103.0
33460.6
33813.2
34191.0
34547.4
34897.6
35244.4
35588.8
35932.4
36265.6
36601.4
36947.0
37291.2
37625.4
37970.4
38305.2
38650.8
39091.0
39448.6
39801.2
40179.0
40535.4
40885.6
41232.4
41576.8
41920.4
42253.6
42589.4
42935.0
43279.2
43613.4
43958.4
44293.2
44638.8
44643.2
45079.0
45436.6
45789.2
46167.0
46523.4
46873.6
47220.4
47564.8
47908.4
48241.6
48577.2
48923.0
49267.2
49601.4
