640.6
977.6
1285.0
1621.2
1967.6
2319.4
2666.2
3011.0
3355.2
3699.8
4151.0
4508.8
4862.0
5242.4
5599.4
5949.4
6295.6
6640.2
6974.8
7320.2
7655.0
8000.6
8344.8
8678.8
9024.0
9358.6
9367.0
9802.2
10159.8
10512.6
10890.8
11247.2
11597.6
11943.8
12288.2
12622.6
12967.8
13302.6
13648.0
13983.0
14328.6
14673.0
15007.0
15352.2
15791.2
16148.6
16501.4
16879.0
17235.4
17585.6
17932.0
18276.2
18610.6
18955.8
19290.6
19636.0
19971.0
20316.6
20661.0
20995.0
21340.0
21343.0
21779.2
22136.6
22489.4
22867.0
23223.4
23573.6
23920.0
24264.2
24598.6
24943.8
25278.6
25623.8
25959.0
26304.6
26649.0
26983.0
27328.0
27767.2
28124.6
28477.4
28855.0
29211.4
29561.6
29908.0
30252.2
30586.6
30931.6
31266.6
31611.8
31947.0
32292.6
32636.8
32971.0
33316.0
33318.8
33755.2
34112.6
34465.4
34843.0
35199.2
35549.6
35896.0
36240.2
36574.6
36919.6
37254.4
37599.8
37935.0
38280.6
38624.8
38958.8
39304.0
39743.2
40100.8
40453.4
40831.0
41187.2
41537.6
41884.0
42228.2
42562.6
42907.6
43242.4
43587.8
43923.0
44268.6
44612.8
44946.8
45291.8
45294.8
45731.4
46088.8
46441.6
46819.0
47175.2
47525.4
47872.0
48216.2
48550.6
48895.6
49230.4
49575.8
