858.0
875.0
1193.2
1861.6
2211.6
2559.0
2907.0
3278.4
3639.4
3987.4
4325.6
4655.6
4985.6
5316.0
5647.2
5980.0
6315.4
6394.0
6760.8
7471.2
7476.4
7848.8
8205.0
8555.4
8902.0
9246.4
9590.0
9923.2
10258.8
10604.6
10948.8
11283.0
11628.0
11962.8
12308.2
12748.6
13106.2
13458.8
13836.6
14193.0
14543.2
14890.0
15234.4
15578.0
15911.2
16246.8
16592.6
16936.8
17271.0
17616.0
17950.8
18296.2
18369.4
18736.6
19446.8
19452.2
19824.6
20180.8
20531.2
20878.0
21222.4
21566.0
21899.2
22234.8
22580.6
22924.8
23259.0
23604.0
23938.8
24284.2
24724.6
25082.2
25434.8
25812.6
26168.8
26519.2
26866.0
27210.4
27554.0
27887.2
28222.8
28568.6
28912.8
29247.0
29592.0
29926.8
30272.2
30345.4
30712.6
31070.2
31422.8
31800.6
32156.8
32507.2
32853.8
33198.4
33542.0
33875.2
34210.8
34556.4
34900.8
35234.8
35580.0
35914.8
36260.2
36700.6
37058.2
37410.8
37788.6
38144.8
38495.2
38841.8
39186.4
39529.8
39863.2
40198.8
40544.4
40888.8
41222.8
41568.0
41902.8
42248.2
42321.2
42688.6
43046.2
43398.6
43776.6
44132.8
44483.2
44829.8
45174.4
45517.8
45851.2
46186.8
46532.4
46876.8
47210.8
47556.0
47890.8
48236.2
48676.6
49034.2
49386.6
49764.6
