968.6
1265.2
1589.6
1938.0
2290.0
2636.8
2981.6
3325.8
3670.2
4014.8
4461.6
4820.0
5174.2
5554.4
5911.0
6260.4
6606.4
6951.2
7285.8
7631.2
7966.2
8311.6
8655.8
8989.6
9326.2
9337.8
9773.6
10131.4
10484.0
10861.8
11218.2
11568.4
11915.2
12259.6
12603.2
12936.4
13272.0
13617.8
13962.0
14296.2
14641.2
14976.0
15321.4
15761.8
16119.4
16471.8
16849.8
17206.0
17556.4
17903.0
18247.6
18591.2
18924.4
19260.0
19605.8
19950.0
20284.0
20629.2
20964.0
21309.4
21313.8
21749.8
22107.4
22459.8
22837.8
23194.0
23544.4
23891.0
24235.6
24579.0
24912.4
25248.0
25593.6
25938.0
26272.0
26617.2
26952.0
27297.4
27737.8
28095.4
28447.8
28825.8
29182.0
29532.4
29879.0
30223.6
30567.0
30900.4
31236.0
31581.6
31926.0
32260.0
32605.2
32940.0
33285.4
33289.8
33725.8
34083.4
34435.8
34813.8
35170.0
35520.2
35867.0
36211.4
36555.0
36888.4
37224.0
37569.6
37914.0
38248.0
38593.2
38927.8
39273.4
39713.8
40071.4
40423.8
40801.6
41158.0
41508.2
41855.0
42199.4
42543.0
42876.2
43212.0
43557.6
43902.0
44236.0
44581.2
44915.8
45261.4
45265.6
45701.8
46059.4
46411.8
46789.6
47146.0
47496.2
47843.0
48187.4
48531.0
48864.2
49200.0
49545.6
