349.6
649.4
983.6
1292.6
1630.2
1977.8
2329.6
2676.6
3021.6
3366.0
3710.8
4162.2
4521.4
4875.4
5221.4
5566.0
5900.6
6245.8
6580.6
6926.0
7260.8
7606.2
7941.2
8286.6
8630.2
8963.0
9298.0
9643.4
9987.4
10321.4
10657.8
11003.8
11348.2
11682.8
12028.0
12468.0
12825.2
13178.0
13555.6
13911.8
14262.0
14608.2
14952.6
15287.0
15632.0
15966.8
16312.2
16647.4
16993.0
17337.2
17671.4
18016.6
18019.2
18455.2
18812.8
19165.6
19543.4
19899.6
20249.8
20596.2
20940.6
21274.8
21620.0
21954.8
22300.2
22635.4
22981.0
23325.2
23659.4
24004.4
24443.2
24800.8
25153.6
25531.4
25887.6
26237.8
26584.2
26928.6
27262.8
27608.0
27942.8
28288.2
28623.4
28969.0
29313.2
29647.4
29992.4
29995.2
30431.2
30788.8
31141.6
31519.4
31875.6
32225.8
32572.2
32916.4
33250.8
33596.0
33930.8
34276.2
34611.4
34957.0
35301.2
35635.2
35980.4
36419.2
36776.8
37129.6
37507.4
37863.6
38213.8
38560.2
38904.4
39238.8
39584.0
39918.8
40264.2
40599.2
40944.8
41289.2
41623.2
41968.4
41971.2
42407.4
42764.8
43117.6
43495.2
43851.6
44201.8
44548.2
44892.4
45226.8
45572.0
45906.8
46252.2
46587.2
46932.8
47277.2
47611.2
47956.2
48395.4
48752.8
49105.6
49483.2
49839.6
