637.2
876.4
1154.4
1542.6
1903.6
2261.0
2619.0
2973.2
3339.0
3699.4
4047.2
4385.6
4715.6
5045.6
5376.0
5707.0
6039.8
6375.0
6720.8
7160.8
7518.2
7871.0
8248.4
8604.6
8954.6
9300.8
9645.2
9979.6
10324.6
10659.6
11004.8
11340.2
11685.8
12030.0
12364.2
12709.4
12712.0
13147.6
13505.2
13858.2
14236.0
14592.4
14942.6
15288.8
15633.2
15967.6
16312.6
16647.6
16992.8
17328.2
17673.8
18018.0
18352.2
18697.4
19135.8
19493.4
19846.2
20224.0
20580.4
20930.6
21276.8
21621.2
21955.6
22300.6
22635.6
22980.8
23316.2
23661.6
24006.0
24340.2
24685.2
24688.0
25123.8
25481.4
25834.2
26212.0
26568.2
26918.6
27264.8
27609.2
27943.6
28288.6
28623.6
28968.8
29304.0
29649.6
29994.0
30328.0
30673.2
31111.8
31469.4
31822.2
32200.0
32556.2
32906.6
33252.8
33597.2
33931.6
34276.6
34611.6
34956.8
35292.0
35637.6
35982.0
36316.0
36661.2
36663.8
37099.8
37457.4
37810.2
38188.0
38544.2
38894.4
39240.8
39585.2
39919.6
40264.6
40599.4
40944.8
41280.0
41625.6
41969.8
42304.0
42649.0
43087.8
43445.4
43798.2
44176.0
44532.2
44882.4
45228.8
45573.2
45907.6
46252.6
46587.4
46932.8
47268.0
47613.6
47957.8
48292.0
48637.0
48639.8
49076.0
49433.4
