646.0
988.8
1296.4
1632.2
1978.6
2329.8
2676.4
3021.0
3365.4
3709.6
4054.4
4501.0
4859.4
5213.6
5228.6
5593.6
5950.2
6299.6
6645.8
6990.4
7325.0
7670.4
8005.4
8350.8
8695.0
9028.8
9365.6
9812.8
10170.6
10523.2
10901.0
11257.2
11607.6
11954.4
12298.8
12642.4
12975.6
13311.2
13656.8
14001.2
14335.4
14680.4
15015.2
15360.6
15433.6
15801.0
16158.6
16511.2
16889.0
17245.2
17595.6
17942.2
18286.8
18630.4
18963.6
19299.2
19644.8
19989.2
20323.4
20668.4
21003.2
21348.6
21789.0
22146.6
22499.2
22877.0
23233.2
23583.4
23930.2
24274.8
24618.4
24951.6
25287.2
25632.8
25977.2
26311.2
26656.4
26991.2
27336.6
27409.6
27777.0
28134.6
28487.2
28865.0
29221.2
29571.4
29918.2
30262.8
30606.2
30939.4
31275.2
31620.8
31965.2
32299.2
32644.4
32979.2
33324.6
33765.0
34122.6
34475.2
34853.0
35209.2
35559.4
35906.2
36250.8
36594.2
36927.4
37263.2
37608.8
37953.0
38287.2
38632.4
38967.2
39312.6
39385.6
39753.0
40110.6
40463.2
40840.8
41197.2
41547.4
41894.2
42238.8
42582.2
42915.4
43251.2
43596.8
43941.0
44275.2
44620.4
44955.2
45300.6
45741.0
46098.6
46451.2
46828.8
47185.2
47535.4
47882.2
48226.8
48570.2
48903.4
49239.2
49584.8
