486.2
803.4
1070.6
1366.4
1677.8
2018.2
2357.8
2687.2
3016.0
3345.0
3687.6
4120.6
4478.4
4831.2
5212.6
5569.6
5920.0
6266.2
6610.8
6945.4
7290.6
7625.6
7971.0
8306.0
8651.4
8995.6
9329.6
9773.0
10130.6
10483.2
10861.2
11217.6
11567.8
11914.6
12259.0
12593.2
12938.4
13273.0
13618.4
13953.4
14298.8
14643.0
14977.0
15313.6
15394.0
15761.0
16471.4
16476.8
16849.2
17205.6
17555.8
17902.6
18247.0
18581.2
18926.4
19261.0
19606.4
19941.4
20286.8
20631.0
20965.0
21301.6
21748.8
22106.6
22459.4
22837.2
23193.6
23543.8
23890.6
24234.8
24569.2
24914.4
25249.0
25594.4
25929.4
26274.8
26619.0
26953.0
27289.6
27370.0
27736.8
28447.4
28452.8
28825.2
29181.6
29531.8
29878.4
30222.8
30557.2
30902.4
31237.0
31582.2
31917.4
32262.8
32607.0
32941.0
33277.6
33724.8
34082.6
34435.4
34813.2
35169.6
35519.8
35866.4
36210.8
36545.2
36890.4
37225.0
37570.2
37905.4
38250.8
38595.0
38929.0
39265.6
39346.0
39712.8
40423.4
40428.8
40801.2
41157.6
41507.8
41854.4
42198.8
42533.2
42878.2
43213.0
43558.2
43893.4
44238.8
44583.0
44916.8
45253.6
45700.8
46058.6
46411.4
46789.2
47145.4
47495.8
47842.4
48186.8
48521.2
48866.2
49201.0
49546.2
49881.4
