850.6
1137.0
1472.8
1822.4
2171.8
2514.8
2856.0
3197.6
3540.0
3883.6
4347.0
4701.4
5051.4
5442.6
5792.2
6137.0
6479.0
6819.6
7159.8
7499.8
7840.0
8180.2
8520.2
8860.4
9200.8
9659.6
10012.6
10018.4
10361.0
10749.6
11098.8
11443.4
11785.8
12127.0
12467.2
12807.2
13147.4
13487.6
14167.8
14508.2
14508.4
14848.4
15188.8
15647.6
16000.4
16349.0
16737.6
17086.6
17431.4
17773.8
18115.0
18455.2
18795.2
19135.4
19475.6
19815.8
20155.8
20496.2
20836.4
21176.8
21635.6
21988.4
21994.4
22337.0
22725.6
23074.6
23419.4
23761.8
24103.0
24443.2
24783.2
25123.2
25463.6
25803.6
26484.2
26824.4
27164.8
27164.8
27623.6
27976.4
28325.0
28713.6
29062.6
29407.4
29749.8
30091.0
30431.2
30771.2
31111.2
31451.4
31791.6
32131.8
32472.0
32812.4
33152.8
33611.6
33964.6
33970.4
34313.0
34701.6
35050.6
35395.4
35737.8
36079.0
36419.2
36759.2
37099.2
37439.4
37779.6
38460.0
38800.4
38801.0
39140.8
39599.6
39952.6
40301.0
40689.4
41038.6
41383.4
41725.8
42066.8
42407.2
42747.2
43087.2
43427.4
43767.6
44107.8
44448.0
44788.4
45128.8
45587.6
45940.6
45946.4
46289.0
46677.4
47026.6
47371.4
47713.8
48054.8
48395.2
48735.2
49075.2
49415.4
