602.2
862.8
1160.2
1500.8
1851.4
2200.8
2543.8
2885.2
3226.8
3569.4
4037.2
4389.8
4739.4
5130.6
5480.6
5825.6
6168.0
6508.8
6848.8
7189.0
7529.0
7869.0
8209.2
8549.4
8889.6
9230.2
9688.0
10041.0
10047.6
10389.8
10778.8
11128.0
11472.8
11815.0
12156.0
12496.4
12836.4
13176.4
13516.6
13856.8
14537.4
14538.0
14877.6
15218.2
15678.0
16029.6
16378.2
16766.8
17116.0
17460.6
17803.0
18144.0
18484.2
18824.4
19164.4
19504.6
19844.8
20185.2
20525.4
20865.6
21206.2
21666.0
22017.6
22023.6
22366.2
22754.8
23104.0
23448.6
23791.0
24132.0
24472.2
24812.4
25152.4
25492.6
25832.8
26513.4
26514.0
26853.6
27194.2
27654.0
28005.6
28354.2
28742.8
29091.8
29436.6
29779.0
30120.0
30460.2
30800.4
31140.4
31480.6
31820.8
32161.0
32501.4
32841.6
33182.0
33642.2
33993.6
33999.6
34342.2
34730.8
35079.8
35424.6
35767.0
36108.0
36448.2
36788.4
37128.4
37468.6
37808.8
38149.0
38489.2
38829.6
39170.0
39630.2
39981.6
40330.2
40718.8
41067.8
41412.6
41755.0
42096.0
42436.2
42776.4
43116.4
43456.6
43796.8
44137.0
44477.2
44817.6
45158.0
45618.4
45969.6
45975.6
46318.2
46706.8
47055.8
47400.6
47743.0
48084.0
48424.2
48764.2
49104.4
49444.6
