633.8
938.6
1225.2
1556.8
2031.0
2387.0
2735.6
3081.4
3471.0
3822.4
4168.6
4512.4
4855.2
5197.2
5538.4
5998.2
6351.2
6699.8
7088.0
7436.8
7781.6
8124.0
8465.0
8805.2
9145.2
9485.2
9825.4
10165.6
10505.8
10846.0
11186.4
11526.8
11985.8
12338.6
12344.4
12687.2
13075.6
13424.6
13769.4
14111.8
14453.0
14793.2
15133.2
15473.2
15813.4
16153.6
16834.0
17174.4
17175.0
17514.8
17973.8
18326.6
18675.2
19063.6
19412.6
19757.4
20099.8
20441.0
20781.2
21121.2
21461.2
21801.4
22141.6
22481.8
22822.0
23162.4
23502.8
23961.8
24314.6
24320.4
24663.2
25051.4
25400.6
25745.4
26087.8
26428.8
26769.2
27109.2
27449.2
27789.4
28129.6
28810.0
29150.4
29151.0
29490.8
29949.8
30302.6
30651.2
31039.4
31388.6
31733.4
32075.8
32416.8
32757.2
33097.2
33437.2
33777.4
34117.6
34457.8
34798.0
35138.4
35478.8
35937.8
36290.6
36296.4
36639.2
37027.4
37376.6
37721.2
38063.8
38404.8
38745.2
39085.2
39425.2
39765.4
40105.6
40786.0
41126.4
41466.6
41466.6
41925.8
42278.6
42627.2
43015.4
43364.4
43709.2
44051.6
44392.8
44733.2
45073.2
45413.2
45753.4
46093.6
46433.8
46774.0
47114.2
47454.6
47913.8
48266.6
48272.2
48615.2
49003.4
49352.4
49697.2
