878.4
884.2
1178.8
1518.0
2216.4
2559.2
2900.4
3242.2
3584.8
3648.2
4052.2
4405.0
4754.6
5145.8
5495.8
5840.8
6183.0
6523.8
6864.0
7204.0
7544.2
7884.2
8224.4
8564.6
8904.8
9245.4
9703.4
10056.2
10405.0
10793.8
11143.0
11487.8
11830.2
12171.2
12511.4
12851.6
13191.6
13531.8
13872.0
14212.2
14552.6
14892.8
15233.2
15301.8
15693.4
16044.8
16393.6
16782.0
17131.0
17475.8
17818.2
18159.2
18499.4
18839.6
19179.6
19519.8
19860.0
20200.2
20540.6
20880.8
21221.2
21681.6
22033.0
22381.6
22770.0
23119.0
23463.8
23806.2
24147.2
24487.4
24827.6
25167.6
25507.8
25848.0
26188.2
26528.4
26868.8
27209.2
27278.0
27669.6
28021.0
28369.6
28758.0
29107.0
29451.8
29794.2
30135.2
30475.4
30815.6
31155.6
31495.8
31836.0
32176.2
32516.4
32856.8
33197.2
33657.6
34009.0
34357.6
34746.0
35095.0
35439.8
35782.2
36123.2
36463.4
36803.6
37143.6
37483.8
37824.0
38164.2
38504.4
38844.6
39185.0
39253.8
39645.6
39997.0
40345.6
40733.8
41083.0
41427.8
41770.0
42111.2
42451.4
42791.4
43131.6
43471.8
43811.8
44152.2
44492.4
44832.6
45173.0
45631.4
45984.4
46333.0
46721.8
47071.0
47415.8
47758.0
48099.0
48439.4
48779.4
49119.6
49459.6
49799.8
