895.4
899.0
1203.2
1547.4
2247.0
2590.2
2599.4
3053.4
3411.4
3759.0
4107.2
4443.8
4783.4
5465.0
5806.0
6146.8
6487.2
6827.6
7167.8
7507.8
7847.6
8187.6
8527.6
8867.8
9207.8
9548.0
9888.4
10228.8
10569.2
10637.8
11027.4
11380.4
11729.0
12117.8
12467.0
12811.8
13154.0
13495.2
13835.4
14175.4
14515.6
14855.6
15195.8
15536.2
15876.4
16216.6
16557.0
17015.4
17368.4
17717.0
18105.8
18455.0
18799.6
19142.0
19483.0
19823.4
20163.4
20503.6
20843.6
21183.8
21524.2
21864.4
22204.6
22545.0
22613.8
23003.4
23356.4
23705.0
24093.8
24442.8
24787.6
25130.0
25471.0
25811.4
26151.4
26491.6
26831.6
27171.8
27512.2
27852.4
28192.6
28533.0
28991.4
29344.4
29693.0
30081.6
30430.8
30775.6
31118.0
31459.0
31799.4
32139.4
32479.6
32819.6
33159.8
33500.0
33840.4
34180.6
34521.0
34589.8
34979.4
35332.4
35681.0
36069.6
36418.8
36763.6
37106.0
37447.0
37787.4
38127.4
38467.4
38807.6
39147.8
39488.0
39828.4
40168.6
40509.0
40967.4
41320.4
41669.0
42057.6
42406.8
42751.6
43094.0
43435.0
43775.4
44115.4
44455.4
44795.6
45135.8
45476.0
45816.4
46156.6
46496.8
46565.8
46955.4
47308.4
47657.0
48045.6
48394.8
48739.6
49082.0
49423.0
49763.4
