882.2
1185.8
1529.2
1880.4
2229.6
2572.6
2913.8
3262.8
3720.6
4080.0
4428.2
4818.6
5168.6
5513.8
5856.2
6197.0
6537.4
6877.4
7217.6
7557.6
7897.8
8238.0
8578.2
9037.0
9389.8
9395.8
9738.4
10127.0
10476.0
10820.8
11163.2
11504.4
11844.6
12184.8
12524.8
12865.0
13545.4
13885.6
13885.8
14225.8
14566.2
15025.0
15377.8
15726.4
16115.0
16464.0
16808.8
17151.2
17492.4
17832.6
18172.8
18512.8
18852.8
19193.0
19533.2
19873.6
20213.8
20554.2
21013.0
21365.8
21371.8
21714.4
22103.0
22452.0
22796.8
23139.2
23480.2
23820.6
24160.6
24500.8
24840.8
25521.2
25861.6
25861.8
26201.8
26542.2
27001.0
27353.8
27702.4
28090.8
28440.0
28784.8
29127.2
29468.2
29808.6
30148.6
30488.6
30828.8
31169.0
31509.2
31849.4
32189.8
32530.2
32989.0
33341.8
33347.8
33690.4
34078.8
34428.0
34772.8
35115.2
35456.2
35796.6
36136.6
36476.6
36816.8
37497.2
37837.4
37837.6
38177.8
38518.2
38977.0
39329.8
39678.4
40066.8
40416.0
40760.8
41103.2
41444.2
41784.6
42124.6
42464.6
42804.8
43145.0
43485.2
43825.4
44165.8
44506.2
44965.0
45317.8
45323.8
45666.4
46054.8
46404.0
46748.8
47091.2
47432.2
47772.6
48112.4
48452.6
48792.8
49133.0
49813.4
