406.8
875.4
1173.4
1511.6
1861.6
2211.0
2554.0
2895.2
3237.0
3579.6
3923.0
4386.6
4740.8
5090.8
5481.8
5831.4
6176.2
6518.2
6858.8
7199.0
7539.0
7879.2
8219.2
8559.4
8899.6
9240.0
9308.8
9699.0
10051.8
10400.4
10788.8
11137.8
11482.6
11825.0
12166.2
12506.4
12846.4
13186.6
13526.8
13867.0
14207.0
14547.4
14887.6
15228.0
15687.0
16039.8
16388.4
16776.8
17125.8
17470.6
17813.0
18154.2
18494.4
18834.4
19174.6
19514.8
19854.8
20195.0
20535.2
20875.6
21216.0
21284.8
21675.0
22027.8
22376.4
22764.8
23113.8
23458.6
23801.0
24142.2
24482.4
24822.4
25162.4
25502.6
25842.8
26183.0
26523.2
26863.6
27204.0
27663.0
28015.8
28364.4
28752.6
29101.8
29446.6
29789.0
30130.0
30470.4
30810.4
31150.4
31490.6
31830.8
32171.0
32511.2
32851.6
33192.0
33260.8
33651.0
34003.8
34352.4
34740.6
35089.8
35434.6
35777.0
36118.0
36458.4
36798.4
37138.4
37478.6
37818.8
38159.0
38499.2
38839.6
39180.0
39639.0
39991.8
40340.4
40728.6
41077.8
41422.6
41765.0
42106.0
42446.4
42786.4
43126.4
43466.6
43806.8
44147.0
44487.2
44827.6
45168.0
45236.6
45627.0
45979.8
46328.4
46716.6
47065.8
47410.4
47752.8
48094.0
48434.4
48774.4
49114.4
49454.6
