349.6
607.2
867.6
1170.0
1511.2
1862.0
2554.4
2895.8
3237.6
3580.6
3643.6
4045.0
4404.4
4753.8
5091.0
5430.2
5770.2
6110.4
6450.6
6791.0
7131.4
7471.8
7812.2
8152.4
8492.6
8832.6
9172.6
9512.6
9852.8
10192.8
10873.4
11213.8
11214.0
11554.0
11895.0
12355.2
12706.2
13054.8
13443.2
13792.2
14137.0
14479.4
14820.4
15160.6
15500.6
15840.8
16181.0
16521.2
16861.4
17201.6
17542.0
17882.8
18341.8
18693.8
18700.0
19042.4
19431.0
19780.2
20125.0
20467.4
20808.2
21148.6
21488.6
21828.8
22168.8
22849.4
23189.6
23190.0
23529.8
23870.6
24330.0
24681.8
25030.4
25419.0
25768.2
26113.0
26455.2
26796.2
27136.6
27476.6
27816.8
28156.8
28497.0
28837.4
29177.6
29517.8
29858.6
30318.0
30669.8
30675.8
31018.4
31407.0
31756.2
32101.0
32443.2
32784.2
33124.6
33464.6
33804.8
34144.8
34825.4
35165.6
35166.0
35505.8
35846.4
36306.0
36657.8
37006.4
37395.0
37744.2
38089.0
38431.2
38772.2
39112.6
39452.6
39792.6
40132.8
40473.0
40813.4
41153.6
41493.8
41834.4
42294.2
42645.8
42651.8
42994.4
43383.0
43732.2
44076.8
44419.2
44760.2
45100.4
45440.6
45780.6
46120.8
46461.0
47141.6
47142.2
47481.8
47822.4
48282.2
48633.8
48982.4
49371.0
49720.2
