486.2
629.2
930.0
1205.8
1541.8
1893.6
2460.0
2843.6
3195.8
3544.8
4005.2
4359.4
4709.0
5100.6
5451.0
5796.0
6138.4
6479.2
6819.4
7159.4
7499.4
7839.4
8179.6
8519.8
8860.0
9200.4
9269.2
9658.8
10011.8
10360.4
10749.0
11098.2
11443.0
11785.4
12126.4
12466.8
12806.8
13147.0
13487.0
13827.2
14167.4
14507.8
14848.0
15188.4
15647.0
15999.8
16348.4
16737.0
17086.2
17431.0
17773.4
18114.4
18454.8
18794.8
19134.8
19475.0
19815.2
20155.4
20495.8
20836.0
21176.4
21245.2
21635.0
21987.8
22336.4
22725.0
23074.2
23419.0
23761.4
24102.4
24442.8
24782.8
25122.8
25463.0
25803.2
26143.4
26483.6
26824.0
27164.2
27623.0
27975.8
28324.4
28713.0
29062.2
29407.0
29749.4
30090.4
30430.8
30770.8
31110.8
31451.0
31791.2
32131.4
32471.6
32812.0
33152.2
33221.0
33611.0
33963.8
34312.4
34701.0
35050.2
35395.0
35737.4
36078.4
36418.8
36758.8
37098.8
37439.0
37779.2
38119.4
38459.6
38799.8
39140.2
39599.0
39951.8
40300.4
40689.0
41038.2
41382.8
41725.2
42066.4
42406.6
42746.8
43086.8
43427.0
43767.2
44107.4
44447.6
44787.8
45128.2
45197.0
45587.0
45939.8
46288.4
46677.0
47026.0
47370.8
47713.2
48054.4
48394.6
48734.8
49074.8
49415.0
49755.0
