373.4
895.2
1188.2
1487.0
1829.4
2176.0
2518.4
2859.6
3324.4
3683.2
4030.6
4422.0
4773.0
5118.8
5461.4
5802.8
6143.2
6483.6
6823.6
7163.8
7504.0
7844.0
8184.4
8253.2
8642.8
8995.6
9344.2
9733.0
10082.0
10426.8
10769.2
11110.4
11450.6
11790.8
12130.8
12471.0
12811.0
13151.4
13491.6
13831.8
14172.2
14630.8
14983.8
15332.4
15721.0
16070.0
16414.8
16757.2
17098.2
17438.6
17778.6
18118.8
18458.8
18799.0
19139.2
19479.6
19819.8
20160.2
20229.0
20618.8
20971.8
21320.4
21709.0
22058.0
22402.8
22745.2
23086.2
23426.6
23766.6
24106.8
24446.8
24787.0
25127.2
25467.6
25807.8
26148.2
26606.8
26959.8
27308.4
27696.8
28046.0
28390.8
28733.2
29074.2
29414.6
29754.6
30094.8
30434.8
30775.0
31115.2
31455.6
31795.8
32136.2
32205.0
32594.8
32947.8
33296.4
33684.8
34034.0
34378.8
34721.2
35062.2
35402.6
35742.6
36082.6
36422.8
36763.0
37103.2
37443.4
37783.8
38124.0
38582.8
38935.8
39284.2
39672.8
40022.0
40366.8
40709.2
41050.2
41390.6
41730.6
42070.6
42410.8
42751.0
43091.2
43431.4
43771.8
44112.0
44180.8
44570.8
44923.8
45272.2
45660.8
46010.0
46354.8
46697.2
47038.2
47378.6
47718.6
48058.6
48398.8
48739.0
49079.2
49419.4
49759.6
