490.8
905.6
1204.4
1548.0
1898.2
1901.2
2452.6
2850.2
3198.6
3544.0
3888.4
4354.2
4708.4
4715.4
5058.4
5449.4
5799.0
6144.0
6486.0
6826.6
7166.8
7506.8
7846.8
8527.2
8867.4
9207.6
9207.6
9679.0
10024.2
10415.8
10765.2
11110.0
11452.4
11793.6
12134.2
12474.4
12814.4
13154.4
13494.6
13834.6
14174.8
14515.0
14855.4
15195.8
15655.2
16008.0
16013.4
16356.4
16744.4
17093.6
17438.2
17780.8
18121.8
18462.2
18802.2
19142.2
19482.4
19822.6
20503.0
20843.4
20843.8
21183.6
21643.2
21996.0
22344.4
22732.4
23081.4
23426.2
23768.6
24109.8
24450.2
24790.2
25130.2
25470.4
25810.6
26150.8
26491.0
26831.2
27171.6
27631.2
27984.0
27989.4
28332.4
28720.4
29069.4
29414.2
29756.6
30097.8
30438.2
30778.2
31118.2
31458.4
31798.6
32479.0
32819.2
32819.8
33159.6
33502.4
33957.8
34310.8
34659.6
35048.6
35398.0
35742.8
36085.0
36426.0
36766.2
37106.4
37446.4
37786.6
38126.8
38467.0
38807.4
39147.6
39489.6
39946.8
40299.2
40305.6
40647.8
41036.8
41386.0
41730.6
42073.0
42414.0
42754.2
43094.4
43434.4
43774.6
44455.0
44795.4
44795.8
45135.6
45477.4
45934.8
46287.2
46635.8
47024.8
47373.8
47718.6
48061.0
48402.0
48742.2
49082.2
49422.4
49762.6
