520.4
748.8
1013.0
1432.2
1791.6
2141.8
2492.8
2841.8
3226.2
3575.8
3921.8
4522.8
4875.8
5221.0
5563.6
5905.2
6246.2
6246.6
6588.8
7048.2
7399.0
7747.8
8136.0
8485.0
8829.8
9172.0
9513.0
9853.2
10193.4
10533.4
10873.6
11213.8
11554.2
11894.4
12234.6
12575.8
13034.2
13386.4
13392.8
13735.0
14123.8
14473.0
14817.8
15160.0
15501.0
15841.2
16181.4
16521.4
16861.6
17542.2
17882.4
17882.8
18222.6
18563.6
19022.2
19374.4
19723.0
20111.8
20461.0
20805.6
21148.0
21489.0
21829.2
22169.4
22509.4
22849.6
23189.8
23530.0
23870.4
24210.6
24551.6
25010.4
25362.4
25368.6
25711.0
26099.8
26449.0
26793.6
27136.0
27477.0
27817.2
28157.4
28497.4
28837.6
29518.0
29858.4
29858.6
30198.6
30539.4
30998.4
31350.4
31699.0
32087.8
32436.8
32781.6
33124.0
33465.0
33805.2
34145.4
34485.4
34825.6
35165.8
35506.0
35846.2
36186.6
36527.4
36986.6
37338.4
37344.6
37687.0
38075.8
38424.8
38769.6
39112.0
39453.0
39793.2
40133.4
40473.4
40813.6
41494.0
41834.2
41834.6
42174.6
42515.2
42974.6
43326.4
43675.0
44063.6
44412.8
44757.6
45100.0
45441.0
45781.2
46121.2
46461.4
46801.6
47141.8
47482.0
47822.2
48162.4
48503.2
48962.6
49314.4
49320.4
