915.4
917.4
1216.8
1554.8
2252.8
2253.0
2602.8
3192.8
3550.4
3900.6
4252.2
4587.6
4926.6
5266.6
5607.0
5947.6
6288.0
6628.2
6968.4
7427.0
7779.8
7785.8
8128.2
8516.6
8865.6
9210.4
9552.8
9894.0
10234.2
10574.2
10914.4
11254.6
11594.8
12275.2
12615.4
12955.8
12955.8
13414.8
13767.6
14116.2
14504.6
14853.6
15198.4
15540.8
15882.0
16222.2
16562.2
16902.4
17242.6
17582.8
17922.8
18263.2
18603.4
18943.8
19402.8
19755.6
19761.4
20104.2
20492.6
20841.6
21186.4
21528.8
21870.0
22210.2
22550.2
22890.2
23230.4
23570.6
24251.0
24591.4
24592.0
24931.8
25390.8
25743.6
26092.2
26480.6
26829.6
27174.4
27516.8
27858.0
28198.2
28538.2
28878.2
29218.4
29558.6
29898.8
30239.0
30579.4
30919.8
31378.8
31731.6
31737.4
32080.2
32468.4
32817.6
33162.4
33504.8
33845.8
34186.2
34526.2
34866.2
35206.4
35546.6
36227.0
36567.4
36568.0
36907.8
37366.8
37719.6
38068.2
38456.4
38805.6
39150.4
39492.8
39833.8
40174.2
40514.2
40854.2
41194.4
41534.6
41874.8
42215.0
42555.4
42895.8
43354.8
43707.6
43713.4
44056.0
44444.4
44793.6
45138.4
45480.8
45821.8
46162.2
46502.2
46842.2
47182.4
47522.6
48203.0
48543.4
48544.0
48883.8
49342.8
49695.6
