483.2
890.8
1189.0
1532.4
1882.8
1887.4
2438.4
2835.2
3188.4
3537.6
3877.2
4339.6
4693.6
4700.0
5043.2
5434.0
5783.8
6128.6
6470.8
6811.6
7151.8
7491.8
7831.8
8512.0
8852.2
8852.4
9192.4
9533.0
9991.6
10344.4
10693.0
11081.6
11430.8
11775.6
12118.0
12459.0
12799.4
13139.4
13479.4
13819.6
14159.8
14500.0
14840.2
15180.4
15520.8
15979.6
16332.6
16338.4
16681.0
17069.6
17418.8
17763.4
18105.8
18447.0
18787.2
19127.2
19467.2
19807.6
20487.8
20828.2
20828.4
21168.4
21508.8
22101.0
22452.8
22797.0
23138.6
23479.8
23820.6
24161.4
24502.2
24571.6
25095.0
25446.8
25791.0
26132.6
26473.8
26814.6
27155.6
27496.4
27633.8
28088.8
28440.8
28785.0
29126.6
29467.8
29808.6
30149.6
30490.4
30949.6
31302.4
31651.0
32039.6
32388.6
32733.4
33075.8
33417.0
33757.2
34097.2
34437.2
34777.4
35117.6
35457.8
35798.0
36138.4
36478.8
36547.6
36937.6
37290.4
37639.0
38027.6
38376.6
38721.4
39063.8
39404.8
39745.2
40085.2
40425.2
40765.4
41105.6
41445.8
41786.0
42126.4
42466.8
42925.6
43278.4
43627.0
44015.4
44364.6
44709.4
45051.8
45392.8
45733.2
46073.2
46413.2
46753.4
47093.6
47433.8
47774.0
48114.4
48454.8
48523.6
48913.6
49266.4
49615.0
