729.6
1085.4
1393.8
1736.0
2083.8
2434.2
2784.2
3167.2
3516.4
3862.4
4006.6
4463.4
4816.6
5161.8
5504.4
5846.2
6187.4
6646.8
6999.6
7348.2
7736.6
8085.6
8430.4
8772.8
9113.8
9454.0
9794.0
10134.2
10474.4
10814.6
11154.8
11495.0
11835.4
12175.8
12244.4
12634.4
12987.4
13335.8
13724.4
14073.6
14418.4
14760.8
15101.8
15442.0
15782.0
16122.2
16462.4
16802.6
17142.8
17483.0
17823.4
18163.6
18622.6
18975.4
19323.8
19712.4
20061.6
20406.2
20748.6
21089.8
21430.0
21770.0
22110.2
22450.4
22790.6
23130.6
23471.0
23811.2
24151.6
24220.4
24610.6
24963.4
25311.8
25700.4
26049.4
26394.2
26736.6
27077.8
27418.0
27758.0
28098.2
28438.4
28778.6
29118.6
29459.0
29799.2
30139.6
30598.6
30951.4
31299.8
31688.4
32037.4
32382.2
32724.6
33065.8
33406.0
33746.0
34086.2
34426.4
34766.6
35106.6
35447.0
35787.2
36127.6
36196.4
36586.6
36939.4
37287.8
37676.4
38025.4
38370.2
38712.6
39053.8
39394.0
39734.0
40074.0
40414.2
40754.4
41094.6
41434.8
41775.2
42115.6
42574.6
42927.4
43275.8
43664.4
44013.4
44358.2
44700.6
45041.8
45382.0
45722.0
46062.0
46402.2
46742.4
47082.6
47422.8
47763.2
48103.6
48172.4
48562.6
48915.4
49263.8
49652.2
