568.6
866.2
1152.8
1487.0
1835.8
2185.2
2535.8
2924.6
2992.8
3487.2
3883.2
4234.0
4580.0
5044.2
5397.8
5747.2
6136.8
6486.0
6830.8
7172.8
7513.4
7853.6
8193.6
8533.8
8873.8
9214.0
9554.2
9894.6
10235.0
10303.8
10693.6
11046.4
11395.0
11783.8
12132.8
12477.6
12820.0
13161.0
13501.4
13841.4
14181.6
14521.6
14861.8
15202.2
15542.4
15882.6
16223.0
16681.6
17034.4
17383.0
17771.6
18120.8
18465.6
18808.0
19149.0
19489.4
19829.4
20169.6
20509.6
20849.8
21190.0
21530.4
21870.6
22211.0
22279.8
22669.6
23022.4
23371.0
23759.6
24108.8
24453.6
24796.0
25137.0
25477.4
25817.4
26157.4
26497.6
26837.8
27178.0
27518.4
27858.6
28199.0
28657.6
29010.4
29359.0
29747.6
30096.8
30441.6
30784.0
31125.0
31465.4
31805.4
32145.4
32485.6
32825.8
33166.0
33506.2
33846.6
34186.8
34255.8
34645.6
34998.4
35347.0
35735.6
36084.8
36429.6
36772.0
37113.0
37453.4
37793.4
38133.4
38473.6
38813.8
39154.0
39494.2
39834.6
40174.8
40633.6
40986.4
41335.0
41723.6
42072.8
42417.6
42760.0
43101.0
43441.4
43781.4
44121.4
44461.6
44801.8
45142.0
45482.2
45822.4
46162.8
46231.6
46621.6
46974.4
47323.0
47711.6
48060.8
48405.6
48747.8
49089.0
49429.2
49769.4
